512 	 511 	 10 	 0.30 
 
-2	11	0
117	11	0
197	-11	0
302	8	0
422	8	0
514	-4	0
590	14	0
707	22	0
797	-4	8
919	-6	8
997	-15	8
1082	22	8
1215	15	8
1286	7	6
1388	12	6
1515	-9	6
1588	-5	6
1706	-15	6
1781	23	6
1910	-15	6
1979	-25	6
2125	2	6
2177	3	6
2311	-11	3
2382	-9	3
2525	25	3
2576	-20	3
2691	-15	3
2807	-3	3
2922	15	3
3023	4	3
3108	-20	3
23	117	0
104	110	0
191	90	0
311	104	0
419	99	0
507	79	0
584	125	0
708	118	0
786	94	0
883	122	8
981	75	8
1107	93	8
1184	76	8
1280	118	6
1397	98	6
1477	87	6
1622	105	6
1698	102	6
1790	112	6
1909	78	6
2011	124	6
2090	112	6
2188	83	6
2321	116	3
2388	78	3
2512	104	3
2583	111	3
2690	80	3
2784	81	3
2883	88	3
3012	83	3
3111	99	3
14	222	0
111	218	0
191	199	0
296	220	0
383	177	0
521	207	0
601	212	0
677	215	0
812	175	0
879	183	0
975	216	8
1081	204	8
1191	223	8
1290	190	6
1376	221	6
1513	205	6
1581	177	6
1682	191	6
1784	217	6
1877	201	6
2025	204	6
2096	177	6
2212	211	3
2305	195	3
2385	210	3
2510	190	3
2591	203	3
2679	189	3
2791	176	3
2877	193	3
3019	181	3
3102	201	3
15	325	0
115	290	0
179	303	0
315	305	0
376	325	0
483	308	0
584	296	0
682	299	0
808	294	0
904	302	8
998	283	8
1106	292	8
1212	295	8
1324	319	6
1404	295	6
1492	311	6
1580	292	6
1706	280	6
1820	306	6
1925	323	6
2018	315	6
2116	290	6
2204	324	3
2291	277	3
2425	296	3
2492	322	3
2618	289	3
2710	276	3
2792	296	3
2910	292	3
3024	321	3
3114	323	3
-2	397	0
79	398	0
199	408	0
288	404	0
396	422	0
523	377	0
592	418	0
689	380	0
788	422	0
907	395	8
984	416	8
1112	380	8
1209	390	8
1285	380	6
1394	404	6
1490	377	6
1616	404	6
1690	386	6
1789	380	6
1906	405	6
1984	414	6
2122	425	6
2192	416	6
2297	383	3
2411	399	3
2491	390	3
2579	420	3
2705	405	3
2780	422	3
2918	408	3
2986	419	3
3096	423	3
14	475	0
79	480	0
186	475	0
323	501	0
387	486	0
480	503	0
605	520	0
684	488	0
812	506	8
880	521	8
1024	511	8
1095	518	8
1199	477	8
1275	524	8
1403	476	6
1509	507	6
1577	522	6
1690	480	6
1816	521	6
1890	501	6
1988	482	6
2086	499	6
2213	476	6
2310	501	3
2391	508	3
2508	511	3
2581	521	3
2686	503	3
2777	491	3
2912	483	3
3010	514	3
3094	490	3
-18	583	7
79	590	0
199	606	0
283	611	0
394	583	0
510	584	0
616	585	0
720	594	8
780	581	8
883	587	8
1007	614	8
1095	578	5
1175	576	5
1294	595	8
1407	577	6
1515	615	6
1576	577	6
1683	616	6
1788	576	6
1912	589	6
2006	611	4
2081	609	4
2215	583	6
2277	597	9
2414	597	3
2486	588	3
2620	618	3
2709	613	3
2801	576	3
2910	619	3
2975	590	3
3120	610	2
-5	685	7
123	713	0
192	716	0
290	676	0
413	714	0
518	699	0
624	689	8
721	705	8
793	704	8
907	707	8
986	678	5
1114	685	5
1194	717	5
1294	725	5
1396	723	5
1499	681	5
1582	706	6
1709	711	6
1825	677	4
1918	676	4
1996	708	4
2079	713	4
2220	724	9
2316	711	9
2406	679	9
2509	694	3
2597	699	2
2686	721	3
2795	686	2
2889	707	2
3007	711	3
3113	695	2
25	779	1
121	777	1
202	822	1
324	782	0
424	788	0
486	818	1
622	792	1
702	786	8
775	795	8
880	806	5
1018	794	5
1116	799	5
1203	813	5
1314	791	5
1382	809	5
1501	785	5
1586	808	5
1721	805	6
1780	775	4
1919	779	4
1975	799	4
2103	799	4
2212	798	4
2315	804	4
2397	776	9
2517	776	3
2597	805	2
2683	795	2
2813	807	2
2880	809	2
2984	816	2
3098	815	2
9	882	1
118	888	1
177	888	1
301	880	1
420	913	1
506	892	1
616	901	1
680	896	1
795	923	5
914	892	5
1008	905	5
1104	891	5
1203	892	5
1282	876	5
1389	898	5
1477	908	5
1609	915	5
1678	905	5
1804	907	4
1881	917	4
1988	907	4
2125	887	4
2184	917	4
2318	897	4
2388	884	9
2511	883	2
2586	903	2
2698	925	2
2810	884	2
2909	924	2
3001	877	2
3110	881	2
-10	990	1
98	995	1
182	991	1
304	992	1
406	1008	1
520	1018	1
618	991	1
680	987	1
794	981	1
887	994	5
999	986	5
1117	987	5
1193	1007	5
1294	978	5
1412	982	5
1509	1024	4
1580	991	4
1681	989	5
1777	1020	4
1908	988	4
1990	1007	4
2107	1020	4
2210	981	4
2281	1004	4
2418	993	2
2484	1015	2
2605	1017	2
2720	1008	2
2780	997	2
2877	1005	2
2975	975	2
3094	1022	2
15	1106	1
125	1108	1
222	1121	1
321	1110	1
389	1120	1
476	1088	1
604	1104	1
715	1096	1
792	1082	1
908	1096	5
1003	1123	5
1103	1093	5
1185	1079	5
1308	1105	5
1410	1096	5
1482	1076	5
1607	1111	4
1696	1089	4
1803	1086	4
1882	1098	4
1982	1102	4
2122	1096	4
2175	1122	4
2314	1120	2
2385	1110	2
2507	1104	2
2578	1081	2
2676	1078	2
2795	1104	2
2921	1117	2
2993	1101	2
3105	1079	2
17	1199	1
106	1188	1
220	1198	1
310	1203	1
402	1217	1
497	1203	1
579	1201	1
676	1179	1
793	1193	1
896	1205	1
988	1198	5
1076	1213	5
1196	1196	5
1287	1176	5
1401	1206	5
1484	1222	4
1601	1223	4
1722	1176	4
1778	1176	4
1896	1182	4
2005	1217	4
2079	1190	4
2213	1215	4
2301	1177	2
2383	1180	2
2505	1211	2
2585	1181	2
2709	1213	2
2808	1199	2
2896	1176	2
3012	1211	2
3093	1216	2
-15	1282	1
77	1290	1
186	1285	1
310	1297	1
383	1295	1
506	1279	1
622	1276	1
696	1322	1
804	1312	1
880	1322	1
1010	1283	5
1084	1323	5
1218	1291	5
1302	1321	5
1405	1322	5
1482	1303	4
1617	1297	4
1683	1314	4
1782	1276	4
1876	1282	4
1986	1308	4
2107	1297	4
2176	1307	4
2306	1284	2
2398	1313	2
2501	1309	2
2622	1301	2
2709	1323	2
2821	1311	2
2895	1314	2
2975	1324	2
3097	1291	2
19	1396	1
114	1416	1
201	1385	1
298	1375	1
399	1412	1
490	1377	1
623	1386	1
693	1375	1
793	1381	1
880	1386	5
1021	1388	5
1113	1387	5
1208	1383	5
1281	1377	5
1412	1417	5
1509	1393	5
1577	1404	4
1711	1424	4
1775	1409	4
1893	1391	4
1984	1419	4
2079	1396	4
2182	1380	4
2301	1420	4
2416	1390	2
2479	1376	2
2601	1399	2
2683	1415	2
2814	1414	2
2881	1375	2
2995	1420	2
3112	1393	2
16	1519	1
77	1512	1
223	1517	1
301	1501	1
395	1525	1
492	1505	1
607	1482	1
687	1481	1
823	1510	5
890	1489	5
992	1517	5
1103	1506	5
1190	1496	5
1314	1506	5
1425	1498	5
1476	1520	5
1575	1510	5
1714	1476	4
1812	1482	4
1910	1488	4
2007	1507	4
2085	1513	4
2199	1495	4
2325	1523	4
2382	1476	4
2504	1490	2
2591	1491	2
2703	1485	2
2798	1506	2
2881	1508	2
2980	1507	2
3077	1480	2

0 	 1 	161	17.00
0 	 32 	175	26.00
1 	 2 	130	28.00
2 	 3 	195	13.00
2 	 34 	190	22.00
3 	 4 	217	26.00
3 	 35 	260	27.00
4 	 5 	217	20.00
4 	 36 	278	25.00
6 	 7 	251	18.00
7 	 8 	196	17.00
8 	 9 	240	24.00
9 	 10 	188	12.00
9 	 41 	250	12.00
10 	 11 	165	23.00
12 	 13 	198	12.00
12 	 44 	229	14.00
13 	 14 	260	27.00
14 	 15 	149	12.00
15 	 16 	200	21.00
16 	 17 	247	28.00
18 	 19 	232	26.00
18 	 50 	179	28.00
19 	 20 	153	20.00
19 	 51 	202	24.00
20 	 21 	268	21.00
21 	 22 	200	20.00
22 	 23 	205	21.00
23 	 24 	274	13.00
23 	 55 	183	28.00
24 	 25 	138	20.00
25 	 26 	123	17.00
27 	 28 	237	26.00
28 	 29 	157	27.00
29 	 30 	171	13.00
29 	 61 	226	17.00
30 	 31 	278	25.00
30 	 62 	265	16.00
33 	 34 	261	23.00
36 	 37 	181	25.00
37 	 38 	129	12.00
38 	 39 	263	19.00
38 	 70 	256	20.00
39 	 40 	272	25.00
39 	 71 	215	14.00
40 	 41 	206	18.00
40 	 72 	142	13.00
42 	 43 	184	24.00
43 	 44 	268	27.00
44 	 45 	208	12.00
44 	 76 	259	23.00
46 	 47 	173	22.00
46 	 78 	134	19.00
47 	 48 	258	26.00
48 	 49 	145	13.00
52 	 53 	217	16.00
53 	 54 	226	21.00
54 	 55 	136	23.00
55 	 56 	154	24.00
55 	 87 	214	18.00
56 	 57 	132	12.00
57 	 58 	215	17.00
58 	 59 	267	27.00
60 	 61 	143	13.00
60 	 92 	201	17.00
63 	 95 	222	28.00
64 	 65 	242	24.00
64 	 96 	162	14.00
66 	 67 	204	26.00
66 	 98 	136	17.00
67 	 68 	266	16.00
69 	 70 	159	23.00
70 	 102 	193	21.00
72 	 73 	241	13.00
73 	 74 	152	12.00
73 	 105 	160	22.00
75 	 76 	264	24.00
76 	 77 	132	27.00
76 	 108 	234	25.00
77 	 78 	132	27.00
78 	 79 	155	21.00
79 	 80 	264	25.00
80 	 81 	138	15.00
80 	 112 	224	12.00
82 	 83 	152	19.00
82 	 114 	197	28.00
83 	 84 	231	18.00
85 	 86 	202	28.00
86 	 87 	247	23.00
86 	 118 	232	22.00
87 	 88 	227	25.00
89 	 90 	260	12.00
89 	 121 	279	25.00
90 	 91 	132	21.00
91 	 92 	181	28.00
93 	 94 	146	27.00
93 	 125 	192	27.00
94 	 95 	196	23.00
96 	 97 	195	22.00
96 	 128 	231	23.00
97 	 98 	207	25.00
98 	 99 	193	23.00
99 	 100 	152	12.00
100 	 101 	200	15.00
101 	 102 	232	12.00
102 	 103 	273	28.00
102 	 134 	246	23.00
104 	 105 	253	14.00
104 	 136 	218	19.00
106 	 107 	140	15.00
106 	 138 	211	23.00
107 	 108 	237	14.00
107 	 139 	144	21.00
109 	 110 	143	24.00
110 	 111 	154	12.00
111 	 143 	189	17.00
113 	 114 	260	21.00
114 	 115 	125	12.00
114 	 146 	131	14.00
115 	 116 	238	15.00
116 	 117 	129	12.00
117 	 118 	172	18.00
118 	 119 	183	28.00
118 	 150 	268	17.00
119 	 120 	275	26.00
120 	 121 	197	13.00
121 	 122 	200	21.00
122 	 123 	222	14.00
122 	 154 	234	19.00
123 	 124 	169	20.00
124 	 125 	266	23.00
125 	 126 	243	26.00
126 	 127 	172	16.00
129 	 130 	252	25.00
129 	 161 	182	27.00
130 	 131 	125	27.00
131 	 132 	230	21.00
131 	 163 	267	20.00
132 	 133 	269	28.00
132 	 164 	241	12.00
134 	 135 	257	25.00
136 	 137 	142	24.00
136 	 168 	279	14.00
139 	 140 	236	17.00
139 	 171 	235	20.00
140 	 141 	267	13.00
140 	 172 	229	23.00
141 	 142 	136	19.00
141 	 173 	274	24.00
142 	 143 	155	27.00
143 	 144 	136	12.00
145 	 146 	232	18.00
145 	 177 	199	21.00
146 	 147 	239	19.00
146 	 178 	198	15.00
147 	 148 	259	25.00
147 	 179 	162	13.00
149 	 150 	273	17.00
150 	 151 	226	19.00
151 	 152 	126	13.00
152 	 153 	207	12.00
154 	 155 	136	20.00
156 	 157 	238	13.00
156 	 188 	147	26.00
157 	 158 	202	16.00
157 	 189 	153	13.00
159 	 191 	204	27.00
160 	 161 	172	13.00
160 	 192 	221	16.00
162 	 163 	262	27.00
164 	 165 	219	27.00
165 	 166 	218	22.00
165 	 197 	248	26.00
167 	 168 	136	17.00
167 	 199 	189	27.00
169 	 170 	268	16.00
169 	 201 	133	16.00
171 	 203 	228	16.00
173 	 174 	243	19.00
173 	 205 	147	24.00
174 	 175 	167	23.00
176 	 177 	122	17.00
177 	 209 	214	22.00
180 	 181 	202	22.00
181 	 182 	191	12.00
181 	 213 	275	15.00
182 	 183 	239	28.00
183 	 184 	172	15.00
183 	 215 	144	18.00
184 	 185 	221	13.00
185 	 186 	265	21.00
187 	 188 	193	26.00
189 	 190 	279	25.00
190 	 191 	234	27.00
190 	 222 	248	22.00
191 	 223 	181	20.00
192 	 193 	263	19.00
193 	 194 	161	21.00
193 	 225 	224	24.00
195 	 196 	214	20.00
196 	 197 	128	18.00
197 	 198 	190	26.00
198 	 199 	150	23.00
199 	 200 	259	15.00
200 	 201 	250	19.00
200 	 232 	128	24.00
201 	 202 	259	22.00
202 	 203 	137	13.00
203 	 204 	148	21.00
204 	 236 	152	22.00
206 	 207 	177	26.00
206 	 238 	234	24.00
207 	 208 	254	13.00
208 	 209 	189	22.00
209 	 210 	189	24.00
209 	 241 	213	13.00
210 	 211 	145	24.00
211 	 212 	172	26.00
211 	 243 	260	15.00
214 	 215 	263	17.00
214 	 246 	205	15.00
215 	 216 	183	22.00
215 	 247 	165	17.00
216 	 217 	228	12.00
217 	 218 	205	21.00
218 	 219 	255	17.00
218 	 250 	235	16.00
219 	 220 	168	13.00
219 	 251 	147	22.00
220 	 221 	226	12.00
221 	 222 	121	15.00
221 	 253 	135	26.00
223 	 255 	268	18.00
224 	 225 	201	26.00
226 	 227 	181	27.00
227 	 228 	270	16.00
228 	 229 	210	20.00
228 	 260 	273	21.00
229 	 230 	275	14.00
230 	 231 	209	16.00
231 	 232 	134	24.00
231 	 263 	130	21.00
232 	 233 	263	27.00
234 	 235 	217	25.00
235 	 267 	186	24.00
237 	 238 	186	19.00
237 	 269 	263	15.00
238 	 239 	178	24.00
239 	 240 	264	26.00
242 	 243 	132	17.00
242 	 274 	128	26.00
243 	 244 	150	25.00
244 	 245 	164	19.00
245 	 246 	269	22.00
245 	 277 	130	22.00
247 	 248 	233	23.00
247 	 279 	148	19.00
249 	 281 	183	14.00
252 	 253 	209	13.00
252 	 284 	137	19.00
253 	 254 	254	21.00
256 	 257 	230	28.00
257 	 258 	270	18.00
258 	 259 	184	12.00
259 	 260 	127	27.00
259 	 291 	151	16.00
260 	 261 	178	17.00
262 	 263 	261	21.00
263 	 264 	256	21.00
264 	 265 	245	12.00
264 	 296 	179	23.00
266 	 267 	208	27.00
266 	 298 	177	22.00
268 	 269 	137	14.00
269 	 270 	192	27.00
270 	 271 	165	17.00
271 	 272 	230	23.00
271 	 303 	270	26.00
273 	 274 	139	27.00
274 	 275 	141	26.00
275 	 276 	193	13.00
278 	 279 	188	25.00
279 	 280 	143	19.00
280 	 281 	210	17.00
281 	 282 	134	20.00
283 	 284 	187	22.00
285 	 286 	217	14.00
285 	 317 	225	16.00
286 	 287 	222	13.00
288 	 289 	152	19.00
288 	 320 	220	24.00
290 	 291 	272	22.00
292 	 293 	215	28.00
292 	 324 	264	15.00
294 	 295 	155	20.00
294 	 326 	257	18.00
295 	 296 	255	20.00
296 	 297 	126	20.00
296 	 328 	129	14.00
298 	 299 	275	12.00
298 	 330 	175	21.00
299 	 300 	180	19.00
299 	 331 	251	15.00
300 	 301 	153	12.00
300 	 332 	258	17.00
301 	 302 	129	20.00
302 	 303 	222	15.00
303 	 304 	125	20.00
304 	 305 	269	21.00
304 	 336 	266	18.00
305 	 306 	173	14.00
307 	 308 	145	24.00
307 	 339 	133	13.00
308 	 309 	143	19.00
308 	 340 	279	19.00
310 	 311 	189	16.00
311 	 312 	233	27.00
312 	 313 	160	25.00
313 	 314 	126	15.00
313 	 345 	183	23.00
314 	 315 	202	18.00
315 	 316 	200	25.00
317 	 318 	257	14.00
318 	 319 	172	20.00
318 	 350 	253	18.00
320 	 321 	236	12.00
320 	 352 	217	24.00
321 	 322 	172	18.00
322 	 323 	186	18.00
323 	 324 	149	25.00
324 	 325 	124	25.00
325 	 326 	163	13.00
326 	 327 	129	12.00
327 	 359 	171	15.00
329 	 330 	277	26.00
330 	 362 	191	12.00
333 	 334 	159	24.00
333 	 365 	242	22.00
335 	 336 	203	21.00
336 	 337 	215	15.00
337 	 338 	239	18.00
338 	 339 	227	13.00
338 	 370 	145	17.00
340 	 341 	127	12.00
341 	 342 	260	15.00
341 	 373 	164	27.00
342 	 343 	248	25.00
343 	 344 	157	13.00
344 	 345 	136	26.00
344 	 376 	249	12.00
345 	 346 	143	14.00
347 	 348 	230	13.00
347 	 379 	175	23.00
349 	 350 	237	12.00
350 	 351 	262	26.00
351 	 383 	128	16.00
352 	 353 	206	25.00
353 	 354 	225	25.00
353 	 385 	248	16.00
354 	 355 	193	26.00
354 	 386 	156	18.00
355 	 356 	124	13.00
357 	 358 	170	25.00
357 	 389 	130	12.00
360 	 361 	179	19.00
360 	 392 	239	27.00
363 	 364 	226	12.00
364 	 365 	218	18.00
365 	 366 	171	18.00
366 	 367 	214	12.00
366 	 398 	231	25.00
367 	 368 	206	17.00
368 	 369 	231	19.00
369 	 370 	168	28.00
370 	 371 	253	25.00
372 	 373 	193	26.00
372 	 404 	130	21.00
373 	 374 	261	25.00
375 	 376 	279	27.00
376 	 377 	196	24.00
376 	 408 	234	20.00
378 	 379 	148	16.00
379 	 380 	141	26.00
379 	 411 	228	16.00
381 	 382 	134	16.00
381 	 413 	244	25.00
382 	 383 	245	21.00
384 	 385 	131	17.00
385 	 417 	276	27.00
387 	 388 	253	16.00
387 	 419 	161	13.00
389 	 390 	181	24.00
389 	 421 	175	12.00
391 	 392 	212	15.00
391 	 423 	222	21.00
392 	 393 	181	18.00
392 	 424 	151	22.00
393 	 394 	154	20.00
393 	 425 	174	18.00
394 	 395 	264	12.00
395 	 396 	202	18.00
395 	 427 	187	28.00
396 	 397 	136	16.00
396 	 428 	171	19.00
399 	 400 	216	20.00
400 	 401 	182	26.00
400 	 432 	152	20.00
402 	 403 	268	18.00
402 	 434 	280	25.00
403 	 404 	193	27.00
405 	 406 	254	25.00
405 	 437 	223	16.00
407 	 408 	237	24.00
407 	 439 	233	22.00
408 	 409 	277	22.00
409 	 410 	161	25.00
410 	 411 	213	24.00
411 	 412 	224	14.00
412 	 413 	237	28.00
412 	 444 	178	19.00
413 	 414 	178	16.00
413 	 445 	202	21.00
414 	 415 	255	15.00
414 	 446 	194	17.00
416 	 417 	232	25.00
417 	 418 	194	20.00
417 	 449 	222	23.00
418 	 419 	149	18.00
418 	 450 	178	23.00
419 	 420 	189	28.00
420 	 421 	128	21.00
422 	 423 	280	17.00
422 	 454 	280	22.00
423 	 455 	223	18.00
425 	 426 	130	23.00
428 	 429 	221	21.00
430 	 431 	208	25.00
430 	 462 	280	16.00
432 	 433 	208	28.00
432 	 464 	131	22.00
433 	 434 	245	16.00
434 	 435 	279	17.00
435 	 436 	163	25.00
435 	 467 	243	22.00
436 	 437 	135	15.00
436 	 468 	228	25.00
438 	 439 	175	22.00
440 	 441 	127	22.00
440 	 472 	224	24.00
441 	 442 	185	16.00
442 	 443 	143	16.00
442 	 474 	198	15.00
443 	 444 	165	28.00
445 	 477 	133	23.00
447 	 479 	245	13.00
448 	 449 	202	26.00
450 	 451 	213	14.00
450 	 482 	179	22.00
451 	 452 	212	14.00
451 	 483 	230	24.00
452 	 453 	211	14.00
452 	 484 	172	21.00
453 	 454 	159	12.00
455 	 456 	247	16.00
455 	 487 	231	16.00
456 	 457 	121	24.00
456 	 488 	220	16.00
457 	 458 	162	26.00
457 	 489 	234	23.00
458 	 459 	173	28.00
458 	 490 	261	22.00
459 	 460 	279	23.00
459 	 491 	158	16.00
460 	 461 	127	21.00
460 	 492 	230	18.00
461 	 462 	256	25.00
462 	 463 	143	26.00
462 	 494 	203	16.00
463 	 464 	174	20.00
465 	 466 	166	17.00
466 	 467 	248	28.00
466 	 498 	136	14.00
469 	 470 	163	28.00
469 	 501 	147	18.00
470 	 471 	162	21.00
470 	 502 	132	24.00
471 	 472 	147	16.00
473 	 474 	213	23.00
473 	 505 	236	21.00
474 	 475 	204	27.00
474 	 506 	260	28.00
475 	 476 	245	18.00
477 	 478 	141	16.00
477 	 509 	160	12.00
478 	 479 	217	27.00
478 	 510 	170	19.00
479 	 511 	221	25.00
480 	 481 	235	21.00
481 	 482 	230	28.00
484 	 485 	245	17.00
485 	 486 	266	23.00
493 	 494 	164	23.00
494 	 495 	220	18.00
496 	 497 	265	28.00
497 	 498 	135	24.00
499 	 500 	232	15.00
500 	 501 	186	21.00
502 	 503 	200	24.00
503 	 504 	178	22.00
506 	 507 	180	19.00
507 	 508 	262	25.00
