1024	1984	20	0.30

1	 -13	 0
98	 36	 0
179	 -26	 0
322	 -5	 0
445	 22	 0
526	 -10	 0
569	 31	 0
693	 -1	 7
798	 15	 7
896	 -24	 7
994	 -28	 7
1089	 6	 7
1228	 12	 7
1296	 14	 7
1390	 -4	 7
1514	 -3	 5
1592	 -17	 5
1717	 -18	 5
1777	 8	 5
1917	 -31	 5
1994	 -38	 5
2150	 -14	 5
2158	 22	 5
2316	 14	 5
2407	 1	 3
2529	 35	 3
2553	 -40	 3
2703	 -9	 3
2806	 -26	 3
2920	 8	 3
3036	 -8	 3
3121	 -14	 3
32	 140	 0
112	 87	 0
205	 104	 0
306	 92	 0
430	 85	 0
521	 78	 0
609	 110	 0
691	 136	 0
789	 93	 7
907	 108	 7
962	 55	 7
1085	 107	 7
1182	 83	 7
1272	 97	 7
1411	 112	 7
1462	 83	 5
1637	 113	 5
1718	 110	 5
1773	 111	 5
1916	 72	 5
2024	 114	 5
2084	 113	 5
2178	 105	 5
2318	 99	 3
2374	 79	 3
2509	 81	 3
2606	 120	 3
2695	 87	 3
2808	 87	 3
2880	 72	 3
3028	 60	 3
3121	 121	 3
11	 218	 0
101	 240	 0
185	 222	 0
304	 243	 0
386	 181	 0
508	 214	 0
577	 203	 0
684	 230	 0
809	 163	 7
883	 178	 7
965	 241	 7
1072	 224	 7
1197	 244	 7
1302	 210	 7
1399	 207	 5
1525	 219	 5
1571	 180	 5
1680	 214	 5
1802	 235	 5
1881	 220	 5
2024	 187	 5
2094	 163	 5
2187	 223	 5
2284	 186	 3
2381	 185	 3
2506	 205	 3
2603	 185	 3
2695	 200	 3
2780	 194	 3
2902	 177	 3
2994	 178	 3
3087	 194	 3
8	 336	 0
121	 314	 0
178	 305	 0
321	 302	 0
377	 304	 0
472	 309	 0
602	 304	 0
676	 276	 0
804	 281	 0
900	 286	 7
980	 284	 7
1126	 270	 7
1220	 282	 7
1307	 322	 7
1428	 279	 5
1514	 328	 5
1593	 293	 5
1696	 304	 5
1832	 295	 5
1937	 307	 5
2014	 339	 5
2100	 296	 5
2181	 310	 5
2266	 268	 3
2450	 271	 3
2498	 330	 3
2633	 264	 3
2730	 267	 3
2788	 304	 3
2918	 286	 3
3025	 327	 3
3120	 299	 3
-26	 419	 0
94	 389	 0
208	 405	 0
277	 399	 0
417	 410	 0
547	 379	 0
612	 402	 0
700	 362	 19
797	 436	 0
906	 371	 7
968	 420	 7
1095	 383	 7
1204	 394	 7
1306	 369	 7
1372	 417	 7
1488	 373	 5
1620	 424	 5
1683	 377	 5
1800	 400	 5
1883	 381	 5
1980	 423	 5
2098	 445	 5
2197	 414	 5
2281	 362	 3
2432	 410	 3
2490	 370	 3
2592	 399	 3
2719	 403	 3
2764	 425	 3
2919	 392	 3
3011	 437	 3
3121	 412	 3
34	 497	 0
87	 474	 0
194	 465	 0
342	 487	 0
394	 478	 0
486	 509	 0
611	 534	 0
691	 471	 0
795	 495	 0
856	 501	 7
1012	 518	 7
1114	 512	 7
1192	 502	 7
1250	 507	 7
1386	 487	 7
1496	 495	 5
1565	 544	 5
1695	 466	 5
1817	 519	 5
1872	 517	 5
1981	 462	 5
2080	 500	 5
2207	 455	 5
2308	 520	 3
2367	 502	 3
2531	 521	 3
2590	 538	 3
2694	 507	 3
2799	 472	 3
2896	 505	 3
3004	 526	 3
3107	 474	 3
-14	 598	 0
95	 601	 0
189	 625	 0
260	 628	 0
392	 604	 0
527	 588	 0
625	 574	 0
741	 616	 7
794	 587	 7
864	 574	 7
1030	 600	 7
1083	 597	 7
1183	 592	 7
1279	 620	 7
1411	 558	 7
1511	 628	 7
1592	 559	 5
1668	 614	 5
1790	 555	 5
1906	 571	 5
2016	 622	 5
2090	 598	 5
2217	 560	 5
2255	 585	 5
2436	 587	 3
2481	 578	 3
2612	 634	 3
2723	 627	 3
2797	 601	 3
2915	 621	 3
2962	 597	 3
3126	 620	 3
-7	 698	 0
100	 735	 0
180	 712	 0
271	 658	 0
425	 719	 0
502	 707	 0
639	 712	 16
700	 715	 7
786	 687	 7
898	 725	 7
1009	 676	 7
1131	 666	 7
1195	 727	 7
1317	 705	 7
1389	 725	 7
1480	 694	 7
1568	 702	 7
1691	 732	 5
1844	 669	 5
1926	 692	 5
1984	 712	 5
2057	 712	 5
2198	 729	 15
2319	 715	 15
2397	 681	 15
2504	 717	 3
2587	 697	 3
2668	 705	 3
2777	 707	 6
2901	 722	 3
3025	 686	 3
3133	 679	 6
18	 795	 0
123	 785	 0
226	 832	 11
301	 762	 0
434	 798	 0
479	 814	 0
630	 809	 16
716	 800	 16
770	 796	 7
890	 819	 7
1029	 806	 7
1098	 810	 7
1202	 795	 7
1292	 812	 7
1368	 822	 7
1509	 768	 7
1568	 820	 13
1723	 790	 5
1767	 757	 5
1917	 763	 5
1997	 819	 5
2125	 820	 15
2196	 818	 15
2305	 792	 15
2414	 758	 6
2540	 799	 6
2589	 824	 6
2706	 812	 3
2833	 831	 6
2899	 818	 3
2997	 800	 6
3122	 791	 6
17	 902	 0
142	 864	 0
176	 867	 11
322	 898	 11
423	 933	 11
488	 889	 11
641	 918	 11
686	 908	 11
786	 917	 11
891	 871	 13
988	 911	 13
1109	 870	 7
1225	 886	 13
1280	 853	 7
1394	 912	 13
1470	 931	 13
1634	 923	 13
1697	 892	 15
1799	 884	 15
1874	 936	 15
2008	 893	 15
2107	 885	 15
2183	 911	 6
2293	 900	 15
2404	 901	 6
2536	 875	 6
2591	 914	 6
2715	 909	 6
2820	 894	 6
2899	 938	 6
2985	 856	 6
3129	 861	 6
-18	 985	 11
107	 1018	 11
186	 1006	 11
281	 1017	 11
391	 990	 11
525	 996	 11
594	 966	 11
697	 999	 11
806	 985	 11
909	 1019	 13
992	 1006	 13
1137	 975	 7
1214	 989	 13
1292	 959	 13
1424	 957	 13
1494	 1034	 13
1583	 966	 13
1672	 975	 13
1754	 1005	 15
1917	 993	 15
2012	 1015	 15
2096	 1000	 15
2188	 1006	 6
2300	 992	 6
2430	 1000	 6
2473	 1001	 6
2591	 1020	 6
2711	 1020	 6
2771	 1020	 6
2873	 1017	 6
2988	 966	 6
3099	 1033	 6
30	 1095	 11
144	 1104	 11
210	 1112	 11
346	 1134	 11
391	 1112	 11
500	 1083	 11
581	 1114	 11
724	 1121	 11
781	 1088	 11
917	 1092	 13
1017	 1120	 13
1101	 1089	 13
1198	 1090	 13
1321	 1106	 13
1395	 1077	 13
1481	 1060	 13
1618	 1101	 13
1710	 1070	 13
1815	 1072	 15
1867	 1115	 15
1975	 1126	 15
2100	 1077	 15
2155	 1108	 6
2294	 1143	 6
2361	 1112	 6
2530	 1112	 6
2591	 1059	 6
2680	 1074	 6
2776	 1107	 6
2930	 1108	 6
3007	 1103	 6
3122	 1058	 6
-4	 1179	 11
107	 1170	 11
223	 1214	 11
331	 1181	 11
407	 1198	 11
498	 1226	 11
603	 1213	 11
669	 1178	 11
774	 1216	 11
889	 1201	 11
963	 1181	 11
1058	 1222	 13
1208	 1183	 13
1302	 1159	 13
1390	 1195	 13
1499	 1247	 13
1619	 1203	 13
1714	 1175	 13
1786	 1195	 13
1917	 1193	 15
1988	 1232	 15
2082	 1172	 15
2206	 1213	 6
2303	 1173	 6
2393	 1196	 6
2526	 1232	 6
2562	 1176	 6
2697	 1221	 6
2806	 1182	 6
2889	 1155	 6
3031	 1229	 6
3078	 1225	 6
-25	 1295	 11
68	 1285	 11
201	 1270	 11
305	 1299	 11
363	 1309	 11
511	 1282	 11
619	 1292	 11
672	 1321	 11
788	 1319	 11
856	 1325	 11
990	 1288	 13
1071	 1344	 13
1216	 1314	 13
1315	 1328	 13
1397	 1311	 13
1457	 1297	 13
1638	 1276	 13
1681	 1335	 13
1806	 1278	 13
1880	 1269	 15
1968	 1304	 15
2120	 1307	 15
2151	 1316	 15
2287	 1270	 6
2386	 1312	 6
2511	 1286	 6
2608	 1292	 6
2688	 1299	 6
2837	 1301	 6
2913	 1326	 6
2970	 1319	 6
3082	 1282	 6
3	 1412	 11
93	 1435	 11
218	 1369	 11
283	 1397	 11
406	 1403	 11
479	 1373	 11
619	 1388	 11
716	 1351	 11
768	 1361	 11
882	 1370	 13
1046	 1385	 13
1129	 1390	 13
1229	 1358	 13
1288	 1380	 13
1396	 1419	 13
1532	 1369	 13
1583	 1394	 13
1701	 1414	 12
1791	 1407	 15
1882	 1394	 15
1970	 1432	 15
2082	 1411	 15
2164	 1366	 15
2310	 1405	 6
2395	 1389	 6
2488	 1380	 6
2607	 1377	 6
2691	 1408	 4
2806	 1436	 4
2863	 1388	 6
3018	 1406	 6
3115	 1410	 4
38	 1501	 11
53	 1518	 11
228	 1496	 11
311	 1494	 11
399	 1547	 11
506	 1484	 11
587	 1458	 11
703	 1488	 11
844	 1533	 13
865	 1478	 13
1006	 1520	 13
1081	 1520	 13
1210	 1484	 13
1324	 1507	 13
1406	 1482	 13
1455	 1537	 13
1561	 1504	 12
1697	 1481	 12
1805	 1500	 12
1927	 1512	 12
2030	 1486	 15
2104	 1512	 15
2188	 1482	 15
2312	 1538	 15
2359	 1457	 6
2505	 1476	 6
2588	 1494	 4
2720	 1484	 4
2810	 1519	 4
2878	 1485	 6
2999	 1505	 6
3075	 1467	 4
38	 1615	 9
104	 1615	 9
233	 1563	 9
315	 1608	 11
416	 1626	 9
541	 1571	 11
613	 1621	 9
709	 1623	 14
788	 1589	 14
925	 1564	 13
997	 1610	 13
1084	 1597	 13
1168	 1617	 13
1328	 1569	 12
1413	 1617	 12
1500	 1591	 12
1600	 1621	 12
1694	 1590	 12
1785	 1599	 12
1873	 1585	 12
1981	 1602	 12
2102	 1593	 15
2226	 1606	 15
2270	 1598	 15
2376	 1596	 15
2501	 1592	 4
2621	 1594	 4
2702	 1556	 4
2832	 1598	 4
2912	 1602	 4
3016	 1604	 6
3104	 1634	 4
-3	 1694	 9
109	 1678	 9
227	 1702	 9
306	 1719	 9
354	 1730	 9
525	 1686	 9
605	 1688	 9
742	 1693	 14
829	 1714	 14
885	 1655	 14
984	 1695	 13
1084	 1694	 13
1215	 1694	 13
1324	 1689	 12
1412	 1721	 12
1471	 1713	 12
1576	 1696	 12
1692	 1715	 12
1789	 1715	 12
1902	 1713	 12
1982	 1660	 12
2099	 1718	 15
2207	 1721	 15
2310	 1727	 15
2439	 1709	 4
2465	 1658	 17
2627	 1731	 4
2660	 1686	 4
2785	 1733	 4
2908	 1720	 4
2996	 1696	 4
3083	 1696	 4
-8	 1809	 9
75	 1783	 9
201	 1797	 9
299	 1830	 9
449	 1800	 9
483	 1794	 9
599	 1777	 9
715	 1825	 9
814	 1823	 14
937	 1833	 14
998	 1770	 14
1103	 1797	 13
1234	 1752	 12
1275	 1805	 12
1378	 1815	 12
1492	 1772	 12
1562	 1770	 12
1712	 1797	 12
1810	 1831	 12
1903	 1815	 12
1998	 1766	 12
2088	 1764	 15
2170	 1799	 15
2285	 1800	 4
2392	 1819	 4
2529	 1818	 4
2615	 1806	 4
2685	 1837	 4
2792	 1824	 4
2909	 1791	 4
3001	 1834	 4
3080	 1822	 4
-26	 1900	 9
77	 1917	 9
195	 1892	 9
297	 1866	 9
378	 1930	 9
484	 1916	 9
596	 1882	 9
701	 1896	 9
769	 1910	 9
913	 1921	 14
982	 1864	 14
1114	 1934	 14
1183	 1931	 12
1287	 1888	 12
1371	 1862	 12
1495	 1922	 12
1622	 1869	 12
1709	 1903	 12
1783	 1898	 12
1863	 1878	 12
2001	 1864	 12
2091	 1886	 15
2217	 1895	 15
2293	 1892	 15
2407	 1897	 4
2513	 1937	 4
2626	 1864	 4
2679	 1923	 4
2802	 1942	 4
2916	 1871	 4
2992	 1908	 4
3076	 1925	 4
-22	 1989	 9
91	 1999	 9
228	 1989	 9
329	 1978	 9
417	 2032	 9
510	 2031	 9
635	 2018	 9
690	 1987	 9
790	 2031	 9
921	 2047	 14
1008	 2008	 14
1118	 1971	 14
1193	 1983	 12
1329	 2034	 12
1442	 2021	 12
1503	 1972	 12
1587	 2007	 12
1737	 2023	 12
1844	 2031	 12
1882	 1973	 12
1973	 2005	 12
2071	 2007	 12
2213	 2037	 15
2288	 2019	 4
2378	 1981	 4
2507	 2006	 4
2610	 1969	 4
2727	 2023	 4
2769	 1994	 4
2884	 1964	 4
2997	 2002	 4
3132	 1986	 4
31	 2065	 9
108	 2100	 9
204	 2080	 9
313	 2123	 9
441	 2131	 9
537	 2076	 9
600	 2113	 9
704	 2105	 9
799	 2097	 9
915	 2099	 14
984	 2080	 14
1078	 2088	 10
1213	 2092	 10
1274	 2118	 12
1414	 2078	 12
1501	 2104	 12
1633	 2112	 12
1720	 2126	 12
1792	 2102	 12
1879	 2127	 12
2011	 2107	 12
2103	 2093	 15
2205	 2116	 15
2312	 2133	 4
2406	 2105	 4
2512	 2080	 4
2599	 2098	 4
2677	 2142	 4
2788	 2094	 4
2935	 2128	 4
3007	 2102	 4
3111	 2090	 4
-43	 2166	 9
95	 2209	 9
200	 2197	 9
324	 2205	 9
414	 2219	 9
497	 2195	 9
592	 2203	 9
707	 2185	 9
762	 2201	 9
902	 2191	 9
1025	 2188	 10
1106	 2204	 10
1183	 2227	 10
1279	 2213	 10
1386	 2180	 10
1519	 2206	 12
1573	 2182	 12
1699	 2218	 12
1838	 2177	 12
1913	 2198	 12
1989	 2175	 12
2092	 2166	 15
2202	 2195	 15
2300	 2238	 15
2389	 2203	 4
2498	 2194	 4
2620	 2171	 4
2714	 2169	 4
2792	 2219	 4
2896	 2197	 4
2989	 2226	 4
3071	 2196	 4
13	 2267	 9
131	 2289	 9
188	 2277	 9
326	 2298	 9
397	 2338	 1
484	 2339	 1
625	 2302	 9
708	 2285	 9
814	 2282	 10
921	 2316	 10
1011	 2329	 10
1131	 2271	 10
1215	 2260	 10
1307	 2305	 10
1406	 2311	 10
1505	 2264	 12
1623	 2306	 12
1692	 2269	 12
1767	 2310	 8
1919	 2337	 8
2010	 2282	 8
2079	 2263	 8
2196	 2309	 15
2325	 2336	 15
2411	 2295	 4
2508	 2288	 4
2571	 2315	 4
2705	 2310	 2
2770	 2311	 2
2902	 2288	 2
2995	 2334	 2
3121	 2340	 4
-9	 2418	 9
147	 2412	 9
188	 2378	 1
299	 2401	 1
377	 2377	 1
516	 2421	 1
601	 2383	 9
700	 2399	 9
784	 2412	 10
908	 2442	 10
1002	 2416	 10
1069	 2398	 10
1186	 2411	 10
1296	 2408	 10
1441	 2383	 10
1510	 2390	 10
1586	 2383	 10
1708	 2425	 8
1827	 2393	 8
1910	 2416	 8
1952	 2356	 8
2096	 2395	 8
2157	 2399	 8
2300	 2404	 15
2377	 2392	 15
2487	 2393	 2
2583	 2412	 2
2674	 2391	 2
2807	 2406	 2
2893	 2395	 2
2964	 2408	 2
3108	 2394	 2
-30	 2484	 9
89	 2516	 1
176	 2535	 1
331	 2455	 1
367	 2502	 1
517	 2489	 1
603	 2501	 1
688	 2490	 10
792	 2479	 10
924	 2492	 10
996	 2491	 10
1069	 2508	 10
1238	 2498	 10
1275	 2520	 10
1420	 2483	 10
1515	 2548	 10
1641	 2504	 8
1717	 2509	 8
1812	 2505	 8
1919	 2503	 8
2008	 2525	 8
2093	 2481	 8
2219	 2500	 8
2254	 2503	 8
2422	 2471	 15
2465	 2505	 2
2614	 2499	 2
2696	 2506	 2
2797	 2513	 2
2898	 2507	 2
2972	 2485	 2
3130	 2500	 2
-9	 2618	 1
99	 2587	 1
230	 2606	 1
277	 2586	 1
405	 2560	 1
469	 2600	 1
620	 2612	 1
702	 2635	 1
825	 2623	 1
891	 2596	 10
1037	 2584	 10
1084	 2592	 10
1232	 2599	 10
1299	 2617	 10
1439	 2574	 10
1538	 2597	 10
1629	 2584	 8
1744	 2581	 8
1787	 2586	 8
1859	 2599	 8
2018	 2581	 8
2109	 2570	 8
2217	 2588	 8
2333	 2554	 8
2397	 2635	 2
2516	 2603	 2
2637	 2629	 2
2687	 2634	 2
2772	 2621	 2
2918	 2602	 2
2992	 2617	 2
3130	 2619	 2
6	 2713	 1
92	 2732	 1
187	 2702	 1
291	 2720	 1
433	 2700	 1
498	 2724	 1
610	 2684	 1
699	 2683	 1
806	 2694	 1
892	 2705	 1
998	 2707	 10
1145	 2704	 10
1208	 2738	 10
1279	 2702	 10
1395	 2663	 10
1489	 2690	 8
1602	 2703	 8
1742	 2717	 8
1839	 2699	 8
1862	 2671	 8
1994	 2679	 8
2092	 2679	 8
2209	 2666	 8
2280	 2694	 2
2401	 2725	 2
2505	 2711	 2
2557	 2693	 2
2686	 2738	 2
2797	 2703	 2
2929	 2684	 2
3011	 2740	 2
3074	 2723	 2
-20	 2759	 1
69	 2795	 1
202	 2772	 1
314	 2778	 1
433	 2839	 1
502	 2818	 1
599	 2821	 1
717	 2819	 18
770	 2799	 1
854	 2797	 1
997	 2812	 10
1079	 2833	 10
1214	 2814	 10
1302	 2812	 10
1429	 2775	 10
1546	 2807	 8
1597	 2801	 8
1667	 2790	 8
1784	 2835	 8
1904	 2839	 8
2023	 2804	 8
2089	 2803	 8
2216	 2799	 2
2315	 2806	 2
2416	 2829	 2
2482	 2830	 2
2576	 2820	 2
2700	 2792	 2
2805	 2802	 2
2928	 2776	 2
2977	 2806	 2
3066	 2828	 2
18	 2882	 1
58	 2863	 1
213	 2906	 1
303	 2931	 1
389	 2872	 1
501	 2936	 1
603	 2901	 1
676	 2888	 1
818	 2882	 1
928	 2884	 10
970	 2942	 10
1070	 2864	 10
1237	 2942	 10
1300	 2896	 10
1381	 2866	 10
1532	 2879	 8
1620	 2902	 8
1693	 2899	 8
1790	 2912	 8
1915	 2894	 8
2013	 2899	 8
2096	 2922	 8
2188	 2897	 8
2279	 2912	 8
2416	 2935	 2
2502	 2891	 2
2633	 2899	 2
2693	 2852	 2
2809	 2921	 2
2899	 2912	 2
3009	 2905	 2
3136	 2898	 2
1	 3013	 1
109	 2993	 1
164	 3018	 1
313	 2993	 1
384	 3021	 1
468	 2985	 1
605	 3017	 1
709	 2978	 1
795	 2962	 1
856	 2992	 10
986	 2986	 10
1138	 2976	 10
1204	 3023	 10
1327	 3010	 10
1385	 2972	 10
1504	 3013	 8
1634	 3026	 8
1714	 3000	 8
1775	 2992	 8
1911	 3006	 8
2043	 2968	 8
2135	 3019	 8
2185	 2994	 8
2324	 3002	 8
2415	 2975	 2
2510	 3021	 2
2595	 2968	 2
2702	 2997	 2
2774	 3026	 2
2865	 2981	 2
3000	 3015	 2
3081	 3024	 2
42	 3141	 1
76	 3101	 1
164	 3122	 1
305	 3105	 1
411	 3112	 1
519	 3127	 1
591	 3134	 1
702	 3113	 1
774	 3136	 1
886	 3106	 10
978	 3106	 10
1104	 3111	 10
1213	 3090	 10
1262	 3111	 10
1379	 3102	 10
1502	 3062	 10
1633	 3096	 8
1705	 3129	 8
1772	 3074	 8
1891	 3057	 8
1967	 3099	 8
2071	 3133	 8
2203	 3130	 8
2290	 3057	 8
2379	 3093	 2
2499	 3100	 2
2605	 3115	 2
2741	 3110	 2
2827	 3070	 2
2903	 3114	 2
2953	 3082	 2
3099	 3130	 2

0	 1	 225	 19.00
0	 32	 203	 20.00
1	 2	 165	 21.00
1	 33	 201	 22.00
2	 3	 196	 20.00
2	 34	 183	 22.00
3	 4	 212	 21.00
3	 35	 218	 16.00
4	 5	 176	 24.00
4	 36	 235	 24.00
5	 6	 192	 17.00
5	 37	 232	 18.00
6	 7	 238	 19.00
6	 38	 208	 17.00
7	 8	 180	 23.00
7	 39	 234	 23.00
8	 9	 238	 23.00
8	 40	 231	 22.00
9	 10	 170	 16.00
9	 41	 209	 16.00
10	 11	 213	 23.00
10	 42	 168	 23.00
11	 12	 177	 17.00
11	 43	 195	 17.00
12	 13	 206	 20.00
12	 44	 193	 19.00
13	 14	 193	 18.00
13	 45	 194	 24.00
14	 15	 202	 22.00
14	 46	 189	 23.00
15	 16	 174	 22.00
15	 47	 199	 22.00
16	 17	 190	 23.00
16	 48	 181	 18.00
17	 18	 203	 16.00
17	 49	 231	 17.00
18	 19	 219	 18.00
18	 50	 163	 22.00
19	 20	 169	 23.00
19	 51	 167	 16.00
20	 21	 195	 17.00
20	 52	 199	 16.00
21	 22	 232	 22.00
21	 53	 221	 22.00
22	 23	 176	 20.00
22	 54	 210	 23.00
23	 24	 214	 24.00
23	 55	 222	 19.00
24	 25	 186	 20.00
24	 56	 212	 18.00
25	 26	 207	 24.00
25	 57	 167	 23.00
26	 27	 208	 23.00
26	 58	 225	 22.00
27	 28	 168	 23.00
27	 59	 193	 16.00
28	 29	 232	 20.00
28	 60	 204	 23.00
29	 30	 207	 16.00
29	 61	 197	 23.00
30	 31	 192	 20.00
30	 62	 210	 21.00
31	 63	 219	 18.00
32	 33	 206	 24.00
32	 64	 213	 21.00
33	 34	 175	 18.00
33	 65	 203	 20.00
34	 35	 185	 19.00
34	 66	 165	 24.00
35	 36	 205	 24.00
35	 67	 177	 17.00
36	 37	 229	 21.00
36	 68	 205	 16.00
37	 38	 239	 18.00
37	 69	 204	 18.00
38	 39	 174	 17.00
38	 70	 239	 24.00
39	 40	 209	 20.00
39	 71	 235	 21.00
40	 41	 167	 23.00
40	 72	 178	 20.00
41	 42	 174	 19.00
41	 73	 217	 19.00
42	 43	 208	 16.00
42	 74	 168	 16.00
43	 44	 221	 18.00
43	 75	 218	 19.00
44	 45	 230	 20.00
44	 76	 198	 20.00
45	 46	 160	 23.00
45	 77	 166	 19.00
46	 47	 228	 20.00
46	 78	 232	 22.00
47	 48	 169	 22.00
47	 79	 180	 19.00
48	 49	 200	 16.00
48	 80	 231	 16.00
49	 50	 168	 23.00
49	 81	 227	 22.00
50	 51	 187	 17.00
50	 82	 208	 24.00
51	 52	 232	 21.00
51	 83	 217	 21.00
52	 53	 220	 19.00
52	 84	 182	 21.00
53	 54	 228	 22.00
53	 85	 180	 16.00
54	 55	 230	 19.00
54	 86	 205	 16.00
55	 56	 217	 18.00
55	 87	 190	 20.00
56	 57	 226	 23.00
56	 88	 199	 17.00
57	 58	 160	 22.00
57	 89	 186	 19.00
58	 59	 191	 23.00
58	 90	 202	 19.00
59	 60	 176	 23.00
59	 91	 204	 23.00
60	 61	 221	 22.00
60	 92	 210	 20.00
61	 62	 188	 19.00
61	 93	 190	 17.00
62	 63	 191	 22.00
62	 94	 193	 21.00
63	 95	 210	 18.00
64	 65	 221	 16.00
64	 96	 232	 24.00
65	 66	 234	 24.00
65	 97	 170	 24.00
66	 67	 236	 22.00
66	 98	 186	 18.00
67	 68	 181	 20.00
67	 99	 197	 20.00
68	 69	 222	 22.00
68	 100	 199	 23.00
69	 70	 166	 17.00
69	 101	 170	 23.00
70	 71	 167	 23.00
70	 102	 172	 21.00
71	 72	 235	 22.00
71	 103	 181	 19.00
72	 73	 211	 24.00
72	 104	 204	 18.00
73	 74	 206	 21.00
73	 105	 184	 19.00
74	 75	 174	 16.00
74	 106	 227	 18.00
75	 76	 188	 18.00
75	 107	 210	 18.00
76	 77	 222	 17.00
76	 108	 229	 16.00
77	 78	 232	 16.00
77	 109	 185	 19.00
78	 79	 216	 19.00
78	 110	 208	 24.00
79	 80	 164	 17.00
79	 111	 173	 22.00
80	 81	 161	 20.00
80	 112	 160	 23.00
81	 82	 232	 21.00
81	 113	 204	 24.00
82	 83	 217	 19.00
82	 114	 224	 23.00
83	 84	 179	 16.00
83	 115	 220	 21.00
84	 85	 211	 19.00
84	 116	 226	 22.00
85	 86	 216	 22.00
85	 117	 217	 22.00
86	 87	 191	 24.00
86	 118	 214	 20.00
87	 88	 182	 24.00
87	 119	 239	 21.00
88	 89	 209	 18.00
88	 120	 220	 24.00
89	 90	 227	 19.00
89	 121	 239	 24.00
90	 91	 166	 23.00
90	 122	 174	 21.00
91	 92	 235	 19.00
91	 123	 212	 17.00
92	 93	 185	 22.00
92	 124	 171	 23.00
93	 94	 213	 21.00
93	 125	 226	 16.00
94	 95	 164	 20.00
94	 126	 218	 16.00
95	 127	 172	 23.00
96	 97	 205	 18.00
96	 128	 239	 22.00
97	 98	 189	 18.00
97	 129	 221	 22.00
98	 99	 194	 21.00
98	 130	 169	 21.00
99	 100	 170	 18.00
99	 131	 235	 22.00
100	 101	 174	 24.00
100	 132	 234	 17.00
101	 102	 236	 20.00
101	 133	 160	 20.00
102	 103	 182	 24.00
102	 134	 223	 18.00
103	 104	 188	 17.00
103	 135	 213	 19.00
104	 105	 221	 21.00
104	 136	 191	 21.00
105	 106	 166	 19.00
105	 137	 174	 20.00
106	 107	 220	 24.00
106	 138	 184	 21.00
107	 108	 226	 20.00
107	 139	 222	 16.00
108	 109	 189	 20.00
108	 140	 191	 22.00
109	 110	 182	 22.00
109	 141	 239	 20.00
110	 111	 180	 17.00
110	 142	 206	 20.00
111	 112	 219	 20.00
111	 143	 226	 21.00
112	 113	 222	 19.00
112	 144	 194	 24.00
113	 114	 222	 22.00
113	 145	 168	 22.00
114	 115	 164	 21.00
114	 146	 198	 17.00
115	 116	 229	 22.00
115	 147	 162	 17.00
116	 117	 225	 21.00
116	 148	 235	 24.00
117	 118	 169	 17.00
117	 149	 224	 21.00
118	 119	 211	 20.00
118	 150	 209	 16.00
119	 120	 185	 20.00
119	 151	 181	 18.00
120	 121	 219	 23.00
120	 152	 231	 23.00
121	 122	 199	 19.00
121	 153	 238	 19.00
122	 123	 200	 21.00
122	 154	 214	 20.00
123	 124	 165	 18.00
123	 155	 220	 18.00
124	 125	 193	 22.00
124	 156	 196	 24.00
125	 126	 224	 21.00
125	 157	 176	 24.00
126	 127	 238	 17.00
126	 158	 226	 16.00
127	 159	 239	 18.00
128	 129	 197	 24.00
128	 160	 210	 19.00
129	 130	 189	 17.00
129	 161	 221	 22.00
130	 131	 224	 16.00
130	 162	 198	 22.00
131	 132	 184	 19.00
131	 163	 224	 21.00
132	 133	 238	 19.00
132	 164	 161	 19.00
133	 134	 214	 18.00
133	 165	 204	 23.00
134	 135	 238	 18.00
134	 166	 233	 23.00
135	 136	 237	 24.00
135	 167	 235	 19.00
136	 137	 208	 19.00
136	 168	 227	 16.00
137	 138	 180	 22.00
137	 169	 168	 24.00
138	 139	 214	 17.00
138	 170	 237	 19.00
139	 140	 234	 16.00
139	 171	 223	 16.00
140	 141	 188	 17.00
140	 172	 181	 23.00
141	 142	 172	 23.00
141	 173	 197	 19.00
142	 143	 234	 23.00
142	 174	 182	 22.00
143	 144	 198	 17.00
143	 175	 231	 23.00
144	 145	 175	 22.00
144	 176	 208	 23.00
145	 146	 207	 23.00
145	 177	 215	 23.00
146	 147	 165	 18.00
146	 178	 204	 17.00
147	 148	 232	 22.00
147	 179	 207	 19.00
148	 149	 193	 24.00
148	 180	 187	 20.00
149	 150	 204	 18.00
149	 181	 165	 21.00
150	 151	 184	 19.00
150	 182	 204	 16.00
151	 152	 215	 19.00
151	 183	 229	 22.00
152	 153	 192	 16.00
152	 184	 174	 21.00
153	 154	 185	 16.00
153	 185	 185	 20.00
154	 155	 166	 18.00
154	 186	 162	 23.00
155	 156	 231	 16.00
155	 187	 213	 21.00
156	 157	 228	 22.00
156	 188	 211	 17.00
157	 158	 238	 21.00
157	 189	 217	 24.00
158	 159	 193	 23.00
158	 190	 174	 16.00
159	 191	 203	 20.00
160	 161	 185	 16.00
160	 192	 185	 20.00
161	 162	 203	 21.00
161	 193	 163	 20.00
162	 163	 165	 21.00
162	 194	 222	 16.00
163	 164	 183	 18.00
163	 195	 186	 20.00
164	 165	 198	 16.00
164	 196	 225	 16.00
165	 166	 210	 20.00
165	 197	 167	 18.00
166	 167	 176	 23.00
166	 198	 171	 19.00
167	 168	 163	 23.00
167	 199	 232	 17.00
168	 169	 198	 22.00
168	 200	 212	 22.00
169	 170	 178	 18.00
169	 201	 217	 16.00
170	 171	 230	 24.00
170	 202	 178	 22.00
171	 172	 194	 24.00
171	 203	 182	 16.00
172	 173	 218	 18.00
172	 204	 233	 17.00
173	 174	 239	 24.00
173	 205	 204	 17.00
174	 175	 220	 17.00
174	 206	 187	 16.00
175	 176	 238	 17.00
175	 207	 179	 23.00
176	 177	 174	 19.00
176	 208	 200	 17.00
177	 178	 235	 20.00
177	 209	 198	 22.00
178	 179	 210	 18.00
178	 210	 163	 21.00
179	 180	 206	 16.00
179	 211	 182	 19.00
180	 181	 206	 17.00
180	 212	 184	 17.00
181	 182	 160	 22.00
181	 213	 172	 17.00
182	 183	 195	 18.00
182	 214	 182	 18.00
183	 184	 233	 24.00
183	 215	 234	 21.00
184	 185	 196	 24.00
184	 216	 208	 22.00
185	 186	 162	 22.00
185	 217	 185	 17.00
186	 187	 210	 16.00
186	 218	 188	 17.00
187	 188	 207	 22.00
187	 219	 161	 23.00
188	 189	 168	 18.00
188	 220	 216	 19.00
189	 190	 206	 19.00
189	 221	 234	 21.00
190	 191	 212	 16.00
190	 222	 196	 19.00
191	 223	 205	 16.00
192	 193	 239	 24.00
192	 224	 223	 23.00
193	 194	 208	 18.00
193	 225	 165	 20.00
194	 195	 236	 19.00
194	 226	 202	 22.00
195	 196	 184	 23.00
195	 227	 232	 21.00
196	 197	 195	 20.00
196	 228	 179	 16.00
197	 198	 227	 19.00
197	 229	 182	 23.00
198	 199	 219	 21.00
198	 230	 222	 18.00
199	 200	 215	 17.00
199	 231	 214	 24.00
200	 201	 228	 20.00
200	 232	 209	 21.00
201	 202	 180	 23.00
201	 233	 207	 17.00
202	 203	 186	 20.00
202	 234	 224	 21.00
203	 204	 160	 20.00
203	 235	 171	 16.00
204	 205	 177	 24.00
204	 236	 221	 16.00
205	 206	 231	 22.00
205	 237	 187	 21.00
206	 207	 174	 23.00
206	 238	 205	 17.00
207	 208	 230	 21.00
207	 239	 216	 22.00
208	 209	 206	 23.00
208	 240	 214	 22.00
209	 210	 220	 21.00
209	 241	 238	 18.00
210	 211	 176	 23.00
210	 242	 234	 17.00
211	 212	 213	 23.00
211	 243	 166	 19.00
212	 213	 235	 20.00
212	 244	 196	 23.00
213	 214	 169	 18.00
213	 245	 205	 18.00
214	 215	 172	 21.00
214	 246	 170	 24.00
215	 216	 240	 19.00
215	 247	 176	 17.00
216	 217	 167	 24.00
216	 248	 172	 20.00
217	 218	 185	 16.00
217	 249	 164	 23.00
218	 219	 204	 22.00
218	 250	 222	 18.00
219	 220	 198	 17.00
219	 251	 167	 22.00
220	 221	 185	 17.00
220	 252	 234	 19.00
221	 222	 218	 24.00
221	 253	 240	 24.00
222	 223	 188	 24.00
222	 254	 238	 21.00
223	 255	 238	 22.00
224	 225	 235	 18.00
224	 256	 195	 17.00
225	 226	 167	 17.00
225	 257	 223	 22.00
226	 227	 192	 24.00
226	 258	 177	 23.00
227	 228	 240	 18.00
227	 259	 204	 20.00
228	 229	 175	 18.00
228	 260	 234	 21.00
229	 230	 214	 24.00
229	 261	 161	 24.00
230	 231	 218	 20.00
230	 262	 206	 21.00
231	 232	 163	 21.00
231	 263	 180	 23.00
232	 233	 176	 24.00
232	 264	 212	 16.00
233	 234	 234	 22.00
233	 265	 185	 18.00
234	 235	 221	 22.00
234	 266	 173	 24.00
235	 236	 177	 23.00
235	 267	 176	 19.00
236	 237	 164	 23.00
236	 268	 200	 16.00
237	 238	 165	 22.00
237	 269	 181	 20.00
238	 239	 240	 21.00
238	 270	 202	 22.00
239	 240	 214	 17.00
239	 271	 222	 18.00
240	 241	 160	 21.00
240	 272	 229	 21.00
241	 242	 240	 19.00
241	 273	 183	 21.00
242	 243	 197	 16.00
242	 274	 181	 24.00
243	 244	 197	 18.00
243	 275	 168	 17.00
244	 245	 202	 21.00
244	 276	 210	 19.00
245	 246	 188	 22.00
245	 277	 178	 24.00
246	 247	 181	 23.00
246	 278	 177	 20.00
247	 248	 196	 24.00
247	 279	 167	 22.00
248	 249	 195	 17.00
248	 280	 199	 16.00
249	 250	 206	 24.00
249	 281	 238	 22.00
250	 251	 194	 22.00
250	 282	 202	 21.00
251	 252	 165	 16.00
251	 283	 161	 21.00
252	 253	 205	 16.00
252	 284	 171	 19.00
253	 254	 224	 21.00
253	 285	 221	 16.00
254	 255	 165	 24.00
254	 286	 182	 19.00
255	 287	 166	 23.00
256	 257	 213	 23.00
256	 288	 229	 24.00
257	 258	 178	 16.00
257	 289	 219	 20.00
258	 259	 213	 21.00
258	 290	 226	 21.00
259	 260	 186	 22.00
259	 291	 190	 24.00
260	 261	 217	 19.00
260	 292	 213	 17.00
261	 262	 167	 17.00
261	 293	 191	 20.00
262	 263	 218	 19.00
262	 294	 209	 16.00
263	 264	 173	 22.00
263	 295	 195	 19.00
264	 265	 160	 19.00
264	 296	 210	 21.00
265	 266	 208	 20.00
265	 297	 199	 20.00
266	 267	 219	 23.00
266	 298	 191	 18.00
267	 268	 180	 17.00
267	 299	 160	 22.00
268	 269	 195	 22.00
268	 300	 216	 21.00
269	 270	 231	 23.00
269	 301	 171	 23.00
270	 271	 230	 16.00
270	 302	 215	 23.00
271	 272	 173	 21.00
271	 303	 194	 19.00
272	 273	 214	 21.00
272	 304	 228	 17.00
273	 274	 185	 20.00
273	 305	 182	 22.00
274	 275	 162	 23.00
274	 306	 207	 18.00
275	 276	 172	 23.00
275	 307	 161	 22.00
276	 277	 202	 21.00
276	 308	 234	 22.00
277	 278	 169	 22.00
277	 309	 187	 19.00
278	 279	 166	 16.00
278	 310	 223	 18.00
279	 280	 183	 21.00
279	 311	 227	 23.00
280	 281	 174	 21.00
280	 312	 210	 17.00
281	 282	 231	 16.00
281	 313	 185	 24.00
282	 283	 236	 17.00
282	 314	 233	 17.00
283	 284	 180	 16.00
283	 315	 193	 20.00
284	 285	 221	 19.00
284	 316	 234	 24.00
285	 286	 175	 16.00
285	 317	 180	 22.00
286	 287	 185	 19.00
286	 318	 205	 22.00
287	 319	 220	 22.00
288	 289	 221	 23.00
288	 320	 211	 24.00
289	 290	 188	 21.00
289	 321	 207	 20.00
290	 291	 230	 19.00
290	 322	 223	 21.00
291	 292	 201	 19.00
291	 323	 186	 24.00
292	 293	 240	 17.00
292	 324	 236	 20.00
293	 294	 230	 23.00
293	 325	 219	 24.00
294	 295	 204	 16.00
294	 326	 227	 20.00
295	 296	 177	 18.00
295	 327	 169	 18.00
296	 297	 220	 23.00
296	 328	 169	 16.00
297	 298	 237	 20.00
297	 329	 236	 17.00
298	 299	 195	 19.00
298	 330	 237	 17.00
299	 300	 221	 22.00
299	 331	 209	 18.00
300	 301	 237	 17.00
300	 332	 194	 21.00
301	 302	 198	 20.00
301	 333	 216	 21.00
302	 303	 172	 24.00
302	 334	 215	 17.00
303	 304	 172	 23.00
303	 335	 171	 21.00
304	 305	 179	 22.00
304	 336	 213	 20.00
305	 306	 213	 22.00
305	 337	 180	 16.00
306	 307	 163	 21.00
306	 338	 237	 24.00
307	 308	 167	 16.00
307	 339	 203	 19.00
308	 309	 161	 20.00
308	 340	 205	 19.00
309	 310	 219	 16.00
309	 341	 181	 21.00
310	 311	 161	 19.00
310	 342	 170	 23.00
311	 312	 193	 17.00
311	 343	 193	 23.00
312	 313	 203	 16.00
312	 344	 239	 18.00
313	 314	 171	 20.00
313	 345	 207	 19.00
314	 315	 239	 23.00
314	 346	 169	 16.00
315	 316	 214	 24.00
315	 347	 179	 20.00
316	 317	 169	 19.00
316	 348	 181	 23.00
317	 318	 218	 22.00
317	 349	 185	 19.00
318	 319	 239	 23.00
318	 350	 178	 19.00
319	 351	 213	 19.00
320	 321	 224	 16.00
320	 352	 233	 19.00
321	 322	 170	 18.00
321	 353	 224	 17.00
322	 323	 224	 21.00
322	 354	 205	 18.00
323	 324	 237	 18.00
323	 355	 216	 23.00
324	 325	 181	 19.00
324	 356	 174	 22.00
325	 326	 230	 24.00
325	 357	 174	 19.00
326	 327	 214	 23.00
326	 358	 212	 17.00
327	 328	 189	 24.00
327	 359	 221	 23.00
328	 329	 188	 23.00
328	 360	 228	 16.00
329	 330	 221	 23.00
329	 361	 215	 21.00
330	 331	 238	 20.00
330	 362	 228	 16.00
331	 332	 231	 22.00
331	 363	 202	 17.00
332	 333	 184	 16.00
332	 364	 162	 17.00
333	 334	 180	 16.00
333	 365	 234	 23.00
334	 335	 179	 23.00
334	 366	 215	 19.00
335	 336	 165	 19.00
335	 367	 208	 20.00
336	 337	 235	 17.00
336	 368	 233	 18.00
337	 338	 203	 16.00
337	 369	 199	 20.00
338	 339	 239	 19.00
338	 370	 194	 16.00
339	 340	 231	 20.00
339	 371	 181	 16.00
340	 341	 226	 23.00
340	 372	 180	 23.00
341	 342	 235	 20.00
341	 373	 194	 17.00
342	 343	 183	 19.00
342	 374	 240	 18.00
343	 344	 180	 18.00
343	 375	 186	 20.00
344	 345	 218	 17.00
344	 376	 200	 20.00
345	 346	 171	 21.00
345	 377	 160	 18.00
346	 347	 233	 21.00
346	 378	 174	 16.00
347	 348	 199	 18.00
347	 379	 162	 24.00
348	 349	 209	 18.00
348	 380	 166	 16.00
349	 350	 178	 23.00
349	 381	 195	 21.00
350	 351	 226	 24.00
350	 382	 200	 22.00
351	 383	 234	 24.00
352	 353	 211	 20.00
352	 384	 161	 18.00
353	 354	 228	 21.00
353	 385	 180	 24.00
354	 355	 176	 16.00
354	 386	 218	 23.00
355	 356	 193	 23.00
355	 387	 172	 17.00
356	 357	 168	 23.00
356	 388	 216	 22.00
357	 358	 187	 21.00
357	 389	 215	 23.00
358	 359	 209	 17.00
358	 390	 209	 20.00
359	 360	 191	 18.00
359	 391	 213	 16.00
360	 361	 238	 22.00
360	 392	 161	 20.00
361	 362	 209	 24.00
361	 393	 205	 24.00
362	 363	 217	 21.00
362	 394	 160	 21.00
363	 364	 230	 24.00
363	 395	 192	 19.00
364	 365	 238	 24.00
364	 396	 188	 19.00
365	 366	 235	 23.00
365	 397	 174	 19.00
366	 367	 239	 16.00
366	 398	 218	 24.00
367	 368	 226	 22.00
367	 399	 197	 19.00
368	 369	 184	 20.00
368	 400	 215	 22.00
369	 370	 228	 17.00
369	 401	 228	 20.00
370	 371	 223	 22.00
370	 402	 180	 16.00
371	 372	 164	 24.00
371	 403	 225	 18.00
372	 373	 221	 23.00
372	 404	 170	 21.00
373	 374	 172	 19.00
373	 405	 181	 19.00
374	 375	 199	 23.00
374	 406	 200	 22.00
375	 376	 229	 20.00
375	 407	 226	 22.00
376	 377	 182	 23.00
376	 408	 171	 20.00
377	 378	 239	 16.00
377	 409	 225	 23.00
378	 379	 178	 23.00
378	 410	 209	 23.00
379	 380	 200	 19.00
379	 411	 194	 17.00
380	 381	 209	 23.00
380	 412	 229	 24.00
381	 382	 165	 18.00
381	 413	 191	 24.00
382	 383	 196	 23.00
382	 414	 236	 24.00
383	 415	 193	 24.00
384	 385	 229	 20.00
384	 416	 217	 24.00
385	 386	 231	 16.00
385	 417	 195	 21.00
386	 387	 173	 16.00
386	 418	 207	 21.00
387	 388	 208	 21.00
387	 419	 207	 20.00
388	 389	 221	 17.00
388	 420	 197	 18.00
389	 390	 171	 17.00
389	 421	 183	 23.00
390	 391	 204	 20.00
390	 422	 174	 19.00
391	 392	 234	 18.00
391	 423	 184	 17.00
392	 393	 173	 22.00
392	 424	 207	 21.00
393	 394	 207	 24.00
393	 425	 226	 19.00
394	 395	 178	 21.00
394	 426	 209	 20.00
395	 396	 188	 16.00
395	 427	 204	 20.00
396	 397	 195	 21.00
396	 428	 227	 24.00
397	 398	 223	 16.00
397	 429	 210	 17.00
398	 399	 183	 21.00
398	 430	 168	 17.00
399	 400	 205	 18.00
399	 431	 179	 22.00
400	 401	 222	 22.00
400	 432	 235	 23.00
401	 402	 224	 23.00
401	 433	 228	 16.00
402	 403	 184	 16.00
402	 434	 160	 21.00
403	 404	 192	 19.00
403	 435	 202	 22.00
404	 405	 209	 23.00
404	 436	 186	 20.00
405	 406	 237	 24.00
405	 437	 199	 19.00
406	 407	 176	 23.00
406	 438	 234	 23.00
407	 408	 176	 23.00
407	 439	 179	 20.00
408	 409	 227	 17.00
408	 440	 198	 16.00
409	 410	 181	 22.00
409	 441	 237	 24.00
410	 411	 210	 17.00
410	 442	 219	 19.00
411	 412	 160	 22.00
411	 443	 206	 17.00
412	 413	 225	 22.00
412	 444	 218	 18.00
413	 414	 161	 20.00
413	 445	 202	 18.00
414	 415	 181	 24.00
414	 446	 229	 23.00
415	 447	 201	 23.00
416	 417	 193	 22.00
416	 448	 234	 22.00
417	 418	 208	 19.00
417	 449	 195	 19.00
418	 419	 163	 19.00
418	 450	 206	 22.00
419	 420	 194	 17.00
419	 451	 217	 17.00
420	 421	 169	 22.00
420	 452	 176	 22.00
421	 422	 203	 22.00
421	 453	 209	 20.00
422	 423	 188	 21.00
422	 454	 211	 24.00
423	 424	 226	 18.00
423	 455	 228	 20.00
424	 425	 164	 17.00
424	 456	 179	 20.00
425	 426	 225	 16.00
425	 457	 213	 18.00
426	 427	 234	 23.00
426	 458	 237	 23.00
427	 428	 220	 19.00
427	 459	 177	 19.00
428	 429	 201	 19.00
428	 460	 238	 17.00
429	 430	 222	 17.00
429	 461	 213	 17.00
430	 431	 195	 17.00
430	 462	 184	 24.00
431	 432	 186	 22.00
431	 463	 194	 16.00
432	 433	 233	 21.00
432	 464	 195	 17.00
433	 434	 176	 24.00
433	 465	 235	 19.00
434	 435	 179	 18.00
434	 466	 166	 22.00
435	 436	 212	 21.00
435	 467	 174	 23.00
436	 437	 194	 23.00
436	 468	 176	 23.00
437	 438	 171	 20.00
437	 469	 187	 20.00
438	 439	 171	 22.00
438	 470	 195	 17.00
439	 440	 212	 16.00
439	 471	 173	 16.00
440	 441	 219	 24.00
440	 472	 210	 16.00
441	 442	 211	 16.00
441	 473	 170	 21.00
442	 443	 212	 16.00
442	 474	 228	 21.00
443	 444	 203	 19.00
443	 475	 229	 21.00
444	 445	 196	 24.00
444	 476	 168	 18.00
445	 446	 166	 18.00
445	 477	 171	 24.00
446	 447	 221	 23.00
446	 478	 214	 16.00
447	 479	 163	 21.00
448	 449	 221	 16.00
448	 480	 198	 23.00
449	 450	 162	 20.00
449	 481	 239	 23.00
450	 451	 182	 17.00
450	 482	 201	 24.00
451	 452	 170	 17.00
451	 483	 210	 21.00
452	 453	 228	 16.00
452	 484	 173	 16.00
453	 454	 234	 20.00
453	 485	 238	 16.00
454	 455	 217	 21.00
454	 486	 236	 22.00
455	 456	 205	 18.00
455	 487	 239	 17.00
456	 457	 214	 22.00
456	 488	 211	 22.00
457	 458	 229	 16.00
457	 489	 190	 18.00
458	 459	 218	 18.00
458	 490	 215	 23.00
459	 460	 226	 24.00
459	 491	 215	 24.00
460	 461	 198	 23.00
460	 492	 187	 24.00
461	 462	 225	 21.00
461	 493	 165	 24.00
462	 463	 204	 21.00
462	 494	 217	 23.00
463	 464	 228	 20.00
463	 495	 167	 22.00
464	 465	 173	 16.00
464	 496	 166	 16.00
465	 466	 226	 17.00
465	 497	 193	 23.00
466	 467	 207	 19.00
466	 498	 197	 23.00
467	 468	 225	 22.00
467	 499	 173	 24.00
468	 469	 232	 23.00
468	 500	 228	 24.00
469	 470	 199	 23.00
469	 501	 163	 23.00
470	 471	 229	 18.00
470	 502	 240	 22.00
471	 472	 172	 21.00
471	 503	 214	 24.00
472	 473	 216	 16.00
472	 504	 192	 18.00
473	 474	 212	 24.00
473	 505	 201	 18.00
474	 475	 222	 17.00
474	 506	 236	 19.00
475	 476	 206	 20.00
475	 507	 168	 24.00
476	 477	 235	 21.00
476	 508	 182	 17.00
477	 478	 219	 20.00
477	 509	 189	 19.00
478	 479	 179	 24.00
478	 510	 170	 17.00
479	 511	 173	 20.00
480	 481	 161	 21.00
480	 512	 203	 24.00
481	 482	 183	 22.00
481	 513	 166	 17.00
482	 483	 214	 22.00
482	 514	 230	 18.00
483	 484	 213	 17.00
483	 515	 239	 20.00
484	 485	 176	 21.00
484	 516	 183	 21.00
485	 486	 180	 16.00
485	 517	 183	 17.00
486	 487	 207	 24.00
486	 518	 233	 19.00
487	 488	 228	 19.00
487	 519	 165	 22.00
488	 489	 215	 18.00
488	 520	 219	 18.00
489	 490	 183	 19.00
489	 521	 192	 24.00
490	 491	 198	 22.00
490	 522	 224	 23.00
491	 492	 203	 22.00
491	 523	 203	 23.00
492	 493	 189	 16.00
492	 524	 230	 22.00
493	 494	 176	 23.00
493	 525	 192	 21.00
494	 495	 234	 19.00
494	 526	 191	 17.00
495	 496	 222	 18.00
495	 527	 211	 19.00
496	 497	 232	 20.00
496	 528	 166	 18.00
497	 498	 217	 21.00
497	 529	 233	 21.00
498	 499	 221	 18.00
498	 530	 223	 22.00
499	 500	 226	 20.00
499	 531	 176	 16.00
500	 501	 205	 22.00
500	 532	 185	 21.00
501	 502	 234	 18.00
501	 533	 233	 20.00
502	 503	 171	 17.00
502	 534	 204	 18.00
503	 504	 228	 24.00
503	 535	 239	 16.00
504	 505	 236	 21.00
504	 536	 168	 24.00
505	 506	 191	 16.00
505	 537	 225	 21.00
506	 507	 229	 22.00
506	 538	 215	 18.00
507	 508	 182	 24.00
507	 539	 237	 23.00
508	 509	 232	 18.00
508	 540	 167	 19.00
509	 510	 213	 21.00
509	 541	 165	 17.00
510	 511	 227	 18.00
510	 542	 233	 21.00
511	 543	 199	 16.00
512	 513	 239	 19.00
512	 544	 180	 16.00
513	 514	 210	 24.00
513	 545	 197	 23.00
514	 515	 200	 20.00
514	 546	 229	 23.00
515	 516	 181	 23.00
515	 547	 195	 17.00
516	 517	 223	 22.00
516	 548	 174	 18.00
517	 518	 233	 18.00
517	 549	 165	 18.00
518	 519	 220	 19.00
518	 550	 162	 18.00
519	 520	 224	 22.00
519	 551	 200	 18.00
520	 521	 185	 18.00
520	 552	 236	 24.00
521	 522	 222	 19.00
521	 553	 201	 22.00
522	 523	 184	 24.00
522	 554	 193	 17.00
523	 524	 199	 23.00
523	 555	 181	 18.00
524	 525	 182	 22.00
524	 556	 222	 18.00
525	 526	 175	 21.00
525	 557	 208	 20.00
526	 527	 175	 23.00
526	 558	 165	 18.00
527	 528	 186	 21.00
527	 559	 200	 19.00
528	 529	 221	 22.00
528	 560	 218	 19.00
529	 530	 193	 17.00
529	 561	 201	 20.00
530	 531	 164	 16.00
530	 562	 195	 23.00
531	 532	 163	 18.00
531	 563	 213	 20.00
532	 533	 189	 16.00
532	 564	 223	 18.00
533	 534	 220	 22.00
533	 565	 216	 22.00
534	 535	 189	 22.00
534	 566	 182	 17.00
535	 536	 232	 17.00
535	 567	 167	 22.00
536	 537	 167	 23.00
536	 568	 160	 19.00
537	 538	 209	 17.00
537	 569	 220	 21.00
538	 539	 205	 21.00
538	 570	 228	 16.00
539	 540	 240	 22.00
539	 571	 230	 22.00
540	 541	 174	 22.00
540	 572	 192	 22.00
541	 542	 166	 19.00
541	 573	 213	 20.00
542	 543	 205	 22.00
542	 574	 216	 16.00
543	 575	 211	 22.00
544	 545	 175	 23.00
544	 576	 178	 23.00
545	 546	 221	 17.00
545	 577	 184	 18.00
546	 547	 164	 23.00
546	 578	 177	 16.00
547	 548	 177	 18.00
547	 579	 163	 19.00
548	 549	 166	 24.00
548	 580	 178	 17.00
549	 550	 235	 23.00
549	 581	 191	 18.00
550	 551	 170	 17.00
550	 582	 174	 24.00
551	 552	 209	 22.00
551	 583	 231	 20.00
552	 553	 215	 23.00
552	 584	 190	 18.00
553	 554	 172	 18.00
553	 585	 169	 21.00
554	 555	 197	 19.00
554	 586	 197	 21.00
555	 556	 190	 18.00
555	 587	 181	 18.00
556	 557	 220	 21.00
556	 588	 213	 24.00
557	 558	 192	 21.00
557	 589	 182	 22.00
558	 559	 215	 20.00
558	 590	 166	 23.00
559	 560	 217	 17.00
559	 591	 191	 16.00
560	 561	 222	 17.00
560	 592	 191	 23.00
561	 562	 202	 21.00
561	 593	 197	 20.00
562	 563	 202	 21.00
562	 594	 173	 24.00
563	 564	 175	 20.00
563	 595	 198	 23.00
564	 565	 229	 23.00
564	 596	 202	 22.00
565	 566	 190	 23.00
565	 597	 200	 19.00
566	 567	 188	 20.00
566	 598	 221	 23.00
567	 568	 166	 22.00
567	 599	 200	 23.00
568	 569	 166	 24.00
568	 600	 177	 16.00
569	 570	 179	 22.00
569	 601	 165	 17.00
570	 571	 212	 22.00
570	 602	 179	 22.00
571	 572	 215	 17.00
571	 603	 175	 20.00
572	 573	 217	 24.00
572	 604	 194	 19.00
573	 574	 210	 21.00
573	 605	 214	 23.00
574	 575	 231	 19.00
574	 606	 167	 17.00
575	 607	 180	 18.00
576	 577	 197	 17.00
576	 608	 167	 18.00
577	 578	 208	 16.00
577	 609	 197	 19.00
578	 579	 188	 21.00
578	 610	 215	 17.00
579	 580	 212	 20.00
579	 611	 204	 20.00
580	 581	 180	 24.00
580	 612	 199	 20.00
581	 582	 238	 24.00
581	 613	 205	 21.00
582	 583	 205	 18.00
582	 614	 208	 18.00
583	 584	 201	 16.00
583	 615	 238	 16.00
584	 585	 218	 19.00
584	 616	 182	 24.00
585	 586	 240	 23.00
585	 617	 228	 22.00
586	 587	 201	 18.00
586	 618	 176	 21.00
587	 588	 185	 22.00
587	 619	 168	 17.00
588	 589	 219	 23.00
588	 620	 229	 24.00
589	 590	 231	 19.00
589	 621	 216	 21.00
590	 591	 187	 20.00
590	 622	 210	 18.00
591	 592	 201	 19.00
591	 623	 170	 23.00
592	 593	 201	 18.00
592	 624	 190	 23.00
593	 594	 223	 21.00
593	 625	 220	 20.00
594	 595	 166	 17.00
594	 626	 190	 18.00
595	 596	 178	 17.00
595	 627	 221	 23.00
596	 597	 206	 19.00
596	 628	 176	 20.00
597	 598	 223	 19.00
597	 629	 217	 23.00
598	 599	 186	 17.00
598	 630	 235	 18.00
599	 600	 203	 21.00
599	 631	 184	 21.00
600	 601	 228	 20.00
600	 632	 208	 23.00
601	 602	 230	 24.00
601	 633	 176	 22.00
602	 603	 179	 19.00
602	 634	 215	 24.00
603	 604	 228	 19.00
603	 635	 214	 22.00
604	 605	 185	 20.00
604	 636	 161	 19.00
605	 606	 184	 24.00
605	 637	 199	 17.00
606	 607	 211	 17.00
606	 638	 198	 24.00
607	 639	 206	 22.00
608	 609	 170	 22.00
608	 640	 238	 23.00
609	 610	 204	 20.00
609	 641	 220	 16.00
610	 611	 227	 22.00
610	 642	 203	 17.00
611	 612	 235	 18.00
611	 643	 174	 21.00
612	 613	 203	 20.00
612	 644	 189	 19.00
613	 614	 201	 23.00
613	 645	 217	 16.00
614	 615	 234	 23.00
614	 646	 176	 19.00
615	 616	 164	 16.00
615	 647	 173	 23.00
616	 617	 190	 17.00
616	 648	 190	 22.00
617	 618	 208	 20.00
617	 649	 223	 24.00
618	 619	 237	 20.00
618	 650	 220	 22.00
619	 620	 188	 16.00
619	 651	 179	 22.00
620	 621	 224	 19.00
620	 652	 233	 22.00
621	 622	 191	 24.00
621	 653	 168	 20.00
622	 623	 171	 17.00
622	 654	 217	 20.00
623	 624	 189	 19.00
623	 655	 227	 16.00
624	 625	 202	 18.00
624	 656	 191	 17.00
625	 626	 219	 17.00
625	 657	 199	 19.00
626	 627	 194	 18.00
626	 658	 235	 24.00
627	 628	 212	 24.00
627	 659	 164	 19.00
628	 629	 231	 22.00
628	 660	 190	 23.00
629	 630	 169	 20.00
629	 661	 185	 23.00
630	 631	 189	 19.00
630	 662	 161	 19.00
631	 632	 162	 19.00
631	 663	 165	 21.00
632	 633	 215	 21.00
632	 664	 201	 21.00
633	 634	 166	 16.00
633	 665	 230	 19.00
634	 635	 188	 21.00
634	 666	 232	 16.00
635	 636	 190	 19.00
635	 667	 175	 19.00
636	 637	 239	 19.00
636	 668	 192	 21.00
637	 638	 178	 18.00
637	 669	 203	 21.00
638	 639	 160	 21.00
638	 670	 189	 22.00
639	 671	 200	 21.00
640	 641	 197	 18.00
640	 672	 167	 18.00
641	 642	 213	 21.00
641	 673	 230	 19.00
642	 643	 226	 16.00
642	 674	 194	 21.00
643	 644	 218	 19.00
643	 675	 193	 22.00
644	 645	 178	 24.00
644	 676	 196	 23.00
645	 646	 238	 23.00
645	 677	 201	 16.00
646	 647	 202	 23.00
646	 678	 166	 23.00
647	 648	 174	 18.00
647	 679	 169	 16.00
648	 649	 165	 21.00
648	 680	 164	 23.00
649	 650	 185	 16.00
649	 681	 204	 20.00
650	 651	 196	 23.00
650	 682	 201	 23.00
651	 652	 175	 20.00
651	 683	 162	 19.00
652	 653	 214	 18.00
652	 684	 175	 21.00
653	 654	 184	 20.00
653	 685	 176	 22.00
654	 655	 200	 24.00
654	 686	 177	 16.00
655	 656	 214	 24.00
655	 687	 173	 19.00
656	 657	 238	 19.00
656	 688	 211	 16.00
657	 658	 193	 21.00
657	 689	 211	 18.00
658	 659	 221	 17.00
658	 690	 161	 17.00
659	 660	 195	 24.00
659	 691	 201	 19.00
660	 661	 174	 24.00
660	 692	 221	 23.00
661	 662	 233	 16.00
661	 693	 235	 22.00
662	 663	 227	 21.00
662	 694	 180	 23.00
663	 664	 230	 19.00
663	 695	 182	 21.00
664	 665	 185	 21.00
664	 696	 238	 19.00
665	 666	 203	 19.00
665	 697	 227	 24.00
666	 667	 221	 22.00
666	 698	 211	 22.00
667	 668	 231	 22.00
667	 699	 193	 24.00
668	 669	 226	 18.00
668	 700	 189	 17.00
669	 670	 199	 21.00
669	 701	 215	 19.00
670	 671	 222	 19.00
670	 702	 212	 18.00
671	 703	 203	 17.00
672	 673	 205	 22.00
672	 704	 211	 19.00
673	 674	 229	 20.00
673	 705	 167	 20.00
674	 675	 193	 18.00
674	 706	 205	 18.00
675	 676	 173	 18.00
675	 707	 168	 21.00
676	 677	 219	 16.00
676	 708	 218	 17.00
677	 678	 198	 19.00
677	 709	 169	 23.00
678	 679	 188	 18.00
678	 710	 209	 19.00
679	 680	 195	 22.00
679	 711	 171	 16.00
680	 681	 228	 23.00
680	 712	 168	 17.00
681	 682	 219	 20.00
681	 713	 214	 20.00
682	 683	 196	 16.00
682	 714	 212	 22.00
683	 684	 193	 16.00
683	 715	 160	 24.00
684	 685	 185	 22.00
684	 716	 201	 17.00
685	 686	 198	 22.00
685	 717	 198	 17.00
686	 687	 220	 20.00
686	 718	 179	 18.00
687	 688	 233	 16.00
687	 719	 161	 17.00
688	 689	 202	 23.00
688	 720	 232	 17.00
689	 690	 213	 24.00
689	 721	 179	 20.00
690	 691	 237	 17.00
690	 722	 215	 17.00
691	 692	 239	 19.00
691	 723	 225	 22.00
692	 693	 198	 22.00
692	 724	 193	 22.00
693	 694	 207	 16.00
693	 725	 178	 23.00
694	 695	 239	 19.00
694	 726	 238	 20.00
695	 696	 190	 19.00
695	 727	 175	 21.00
696	 697	 225	 18.00
696	 728	 212	 16.00
697	 698	 189	 22.00
697	 729	 237	 21.00
698	 699	 176	 18.00
698	 730	 224	 16.00
699	 700	 208	 18.00
699	 731	 194	 23.00
700	 701	 228	 24.00
700	 732	 202	 22.00
701	 702	 206	 21.00
701	 733	 172	 20.00
702	 703	 216	 24.00
702	 734	 172	 20.00
703	 735	 231	 18.00
704	 705	 160	 19.00
704	 736	 181	 17.00
705	 706	 161	 22.00
705	 737	 175	 18.00
706	 707	 222	 18.00
706	 738	 206	 22.00
707	 708	 162	 21.00
707	 739	 239	 16.00
708	 709	 160	 18.00
708	 740	 237	 23.00
709	 710	 203	 22.00
709	 741	 227	 22.00
710	 711	 182	 19.00
710	 742	 188	 18.00
711	 712	 213	 21.00
711	 743	 204	 24.00
712	 713	 200	 19.00
712	 744	 191	 23.00
713	 714	 217	 16.00
713	 745	 172	 18.00
714	 715	 193	 22.00
714	 746	 174	 18.00
715	 716	 203	 21.00
715	 747	 178	 18.00
716	 717	 168	 19.00
716	 748	 226	 24.00
717	 718	 175	 24.00
717	 749	 237	 20.00
718	 719	 199	 23.00
718	 750	 180	 16.00
719	 720	 237	 20.00
719	 751	 173	 22.00
720	 721	 163	 21.00
720	 752	 209	 16.00
721	 722	 238	 16.00
721	 753	 187	 23.00
722	 723	 184	 23.00
722	 754	 162	 24.00
723	 724	 202	 20.00
723	 755	 188	 19.00
724	 725	 231	 21.00
724	 756	 214	 23.00
725	 726	 176	 19.00
725	 757	 212	 17.00
726	 727	 233	 17.00
726	 758	 171	 19.00
727	 728	 188	 16.00
727	 759	 215	 18.00
728	 729	 220	 19.00
728	 760	 170	 24.00
729	 730	 201	 23.00
729	 761	 207	 20.00
730	 731	 181	 17.00
730	 762	 209	 18.00
731	 732	 166	 21.00
731	 763	 210	 21.00
732	 733	 227	 19.00
732	 764	 184	 24.00
733	 734	 221	 20.00
733	 765	 223	 22.00
734	 735	 188	 17.00
734	 766	 172	 23.00
735	 767	 230	 17.00
736	 737	 174	 17.00
736	 768	 203	 17.00
737	 738	 177	 17.00
737	 769	 162	 16.00
738	 739	 181	 18.00
738	 770	 182	 23.00
739	 740	 217	 17.00
739	 771	 193	 20.00
740	 741	 194	 24.00
740	 772	 182	 22.00
741	 742	 222	 19.00
741	 773	 215	 20.00
742	 743	 223	 24.00
742	 774	 163	 20.00
743	 744	 230	 16.00
743	 775	 230	 24.00
744	 745	 187	 22.00
744	 776	 199	 20.00
745	 746	 226	 22.00
745	 777	 225	 16.00
746	 747	 237	 22.00
746	 778	 167	 23.00
747	 748	 164	 24.00
747	 779	 183	 22.00
748	 749	 187	 16.00
748	 780	 175	 17.00
749	 750	 170	 19.00
749	 781	 211	 19.00
750	 751	 226	 22.00
750	 782	 188	 24.00
751	 752	 208	 21.00
751	 783	 225	 22.00
752	 753	 202	 17.00
752	 784	 163	 23.00
753	 754	 197	 22.00
753	 785	 211	 20.00
754	 755	 193	 18.00
754	 786	 180	 19.00
755	 756	 182	 20.00
755	 787	 226	 19.00
756	 757	 162	 17.00
756	 788	 233	 16.00
757	 758	 219	 17.00
757	 789	 240	 20.00
758	 759	 171	 23.00
758	 790	 195	 16.00
759	 760	 221	 22.00
759	 791	 179	 16.00
760	 761	 174	 24.00
760	 792	 228	 18.00
761	 762	 237	 18.00
761	 793	 225	 19.00
762	 763	 228	 19.00
762	 794	 207	 24.00
763	 764	 185	 22.00
763	 795	 184	 18.00
764	 765	 217	 24.00
764	 796	 237	 18.00
765	 766	 190	 20.00
765	 797	 238	 16.00
766	 767	 176	 24.00
766	 798	 176	 20.00
767	 799	 236	 17.00
768	 769	 205	 19.00
768	 800	 204	 24.00
769	 770	 232	 24.00
769	 801	 161	 18.00
770	 771	 207	 22.00
770	 802	 228	 20.00
771	 772	 168	 17.00
771	 803	 170	 19.00
772	 773	 239	 23.00
772	 804	 238	 21.00
773	 774	 171	 20.00
773	 805	 216	 19.00
774	 775	 237	 24.00
774	 806	 204	 21.00
775	 776	 196	 16.00
775	 807	 222	 23.00
776	 777	 184	 19.00
776	 808	 182	 18.00
777	 778	 191	 21.00
777	 809	 181	 22.00
778	 779	 183	 21.00
778	 810	 240	 22.00
779	 780	 178	 20.00
779	 811	 195	 17.00
780	 781	 202	 16.00
780	 812	 185	 18.00
781	 782	 167	 23.00
781	 813	 229	 22.00
782	 783	 219	 24.00
782	 814	 225	 16.00
783	 784	 207	 23.00
783	 815	 176	 24.00
784	 785	 240	 18.00
784	 816	 190	 22.00
785	 786	 181	 16.00
785	 817	 179	 18.00
786	 787	 224	 18.00
786	 818	 203	 19.00
787	 788	 162	 17.00
787	 819	 236	 23.00
788	 789	 227	 23.00
788	 820	 201	 18.00
789	 790	 174	 19.00
789	 821	 216	 16.00
790	 791	 171	 21.00
790	 822	 189	 24.00
791	 792	 229	 17.00
791	 823	 171	 21.00
792	 793	 174	 22.00
792	 824	 229	 20.00
793	 794	 224	 20.00
793	 825	 224	 20.00
794	 795	 195	 20.00
794	 826	 194	 17.00
795	 796	 230	 23.00
795	 827	 217	 23.00
796	 797	 212	 19.00
796	 828	 232	 20.00
797	 798	 198	 21.00
797	 829	 170	 16.00
798	 799	 165	 17.00
798	 830	 170	 18.00
799	 831	 220	 19.00
800	 801	 227	 23.00
800	 832	 234	 18.00
801	 802	 234	 24.00
801	 833	 235	 23.00
802	 803	 182	 17.00
802	 834	 208	 21.00
803	 804	 212	 20.00
803	 835	 190	 16.00
804	 805	 175	 20.00
804	 836	 180	 16.00
805	 806	 203	 16.00
805	 837	 234	 22.00
806	 807	 231	 19.00
806	 838	 189	 24.00
807	 808	 184	 20.00
807	 839	 204	 22.00
808	 809	 190	 19.00
808	 840	 216	 17.00
809	 810	 190	 23.00
809	 841	 202	 20.00
810	 811	 224	 21.00
810	 842	 207	 19.00
811	 812	 233	 24.00
811	 843	 234	 22.00
812	 813	 175	 17.00
812	 844	 239	 24.00
813	 814	 208	 20.00
813	 845	 208	 21.00
814	 815	 166	 18.00
814	 846	 235	 18.00
815	 816	 169	 19.00
815	 847	 221	 17.00
816	 817	 229	 17.00
816	 848	 214	 24.00
817	 818	 220	 21.00
817	 849	 203	 22.00
818	 819	 198	 18.00
818	 850	 232	 17.00
819	 820	 203	 20.00
819	 851	 179	 23.00
820	 821	 240	 16.00
820	 852	 174	 17.00
821	 822	 223	 23.00
821	 853	 160	 24.00
822	 823	 219	 17.00
822	 854	 211	 20.00
823	 824	 192	 17.00
823	 855	 219	 19.00
824	 825	 174	 23.00
824	 856	 194	 18.00
825	 826	 170	 18.00
825	 857	 225	 20.00
826	 827	 223	 19.00
826	 858	 228	 21.00
827	 828	 202	 20.00
827	 859	 216	 21.00
828	 829	 171	 20.00
828	 860	 220	 16.00
829	 830	 211	 21.00
829	 861	 179	 22.00
830	 831	 180	 18.00
830	 862	 235	 20.00
831	 863	 182	 20.00
832	 833	 198	 21.00
832	 864	 218	 24.00
833	 834	 207	 17.00
833	 865	 183	 19.00
834	 835	 231	 18.00
834	 866	 163	 18.00
835	 836	 236	 17.00
835	 867	 232	 17.00
836	 837	 164	 18.00
836	 868	 220	 19.00
837	 838	 238	 24.00
837	 869	 215	 20.00
838	 839	 188	 16.00
838	 870	 235	 22.00
839	 840	 223	 24.00
839	 871	 188	 19.00
840	 841	 188	 20.00
840	 872	 207	 24.00
841	 842	 177	 18.00
841	 873	 169	 22.00
842	 843	 170	 17.00
842	 874	 161	 23.00
843	 844	 166	 18.00
843	 875	 238	 18.00
844	 845	 215	 19.00
844	 876	 212	 22.00
845	 846	 182	 20.00
845	 877	 170	 24.00
846	 847	 240	 17.00
846	 878	 197	 22.00
847	 848	 206	 16.00
847	 879	 199	 19.00
848	 849	 195	 24.00
848	 880	 195	 20.00
849	 850	 161	 16.00
849	 881	 210	 18.00
850	 851	 212	 18.00
850	 882	 190	 18.00
851	 852	 220	 20.00
851	 883	 209	 21.00
852	 853	 189	 20.00
852	 884	 214	 18.00
853	 854	 164	 18.00
853	 885	 187	 18.00
854	 855	 171	 18.00
854	 886	 194	 16.00
855	 856	 227	 22.00
855	 887	 167	 17.00
856	 857	 207	 23.00
856	 888	 220	 20.00
857	 858	 209	 23.00
857	 889	 203	 18.00
858	 859	 177	 21.00
858	 890	 204	 18.00
859	 860	 236	 20.00
859	 891	 188	 20.00
860	 861	 168	 20.00
860	 892	 199	 24.00
861	 862	 222	 21.00
861	 893	 229	 20.00
862	 863	 205	 18.00
862	 894	 180	 20.00
863	 895	 161	 19.00
864	 865	 185	 18.00
864	 896	 194	 18.00
865	 866	 234	 20.00
865	 897	 220	 23.00
866	 867	 172	 22.00
866	 898	 206	 22.00
867	 868	 162	 24.00
867	 899	 167	 17.00
868	 869	 184	 16.00
868	 900	 172	 16.00
869	 870	 172	 18.00
869	 901	 182	 23.00
870	 871	 224	 20.00
870	 902	 221	 21.00
871	 872	 233	 16.00
871	 903	 208	 21.00
872	 873	 231	 17.00
872	 904	 233	 19.00
873	 874	 217	 20.00
873	 905	 198	 24.00
874	 875	 236	 18.00
874	 906	 206	 19.00
875	 876	 166	 23.00
875	 907	 220	 22.00
876	 877	 229	 18.00
876	 908	 203	 20.00
877	 878	 214	 24.00
877	 909	 206	 23.00
878	 879	 235	 22.00
878	 910	 202	 20.00
879	 880	 203	 19.00
879	 911	 170	 23.00
880	 881	 168	 24.00
880	 912	 208	 23.00
881	 882	 181	 21.00
881	 913	 213	 24.00
882	 883	 200	 23.00
882	 914	 188	 23.00
883	 884	 236	 21.00
883	 915	 231	 16.00
884	 885	 237	 21.00
884	 916	 201	 24.00
885	 886	 192	 18.00
885	 917	 210	 20.00
886	 887	 173	 20.00
886	 918	 234	 21.00
887	 888	 229	 24.00
887	 919	 211	 24.00
888	 889	 211	 24.00
888	 920	 239	 18.00
889	 890	 174	 22.00
889	 921	 233	 19.00
890	 891	 203	 18.00
890	 922	 229	 19.00
891	 892	 171	 24.00
891	 923	 209	 23.00
892	 893	 210	 21.00
892	 924	 214	 16.00
893	 894	 204	 23.00
893	 925	 189	 22.00
894	 895	 206	 21.00
894	 926	 176	 19.00
895	 927	 184	 19.00
896	 897	 215	 23.00
896	 928	 240	 19.00
897	 898	 174	 16.00
897	 929	 185	 20.00
898	 899	 160	 23.00
898	 930	 238	 24.00
899	 900	 223	 22.00
899	 931	 176	 24.00
900	 901	 234	 19.00
900	 932	 211	 17.00
901	 902	 225	 24.00
901	 933	 225	 24.00
902	 903	 227	 23.00
902	 934	 231	 16.00
903	 904	 196	 16.00
903	 935	 193	 24.00
904	 905	 222	 21.00
904	 936	 166	 18.00
905	 906	 218	 19.00
905	 937	 168	 24.00
906	 907	 177	 19.00
906	 938	 187	 21.00
907	 908	 204	 18.00
907	 939	 200	 18.00
908	 909	 191	 19.00
908	 940	 228	 16.00
909	 910	 202	 23.00
909	 941	 210	 21.00
910	 911	 165	 17.00
910	 942	 196	 17.00
911	 912	 205	 18.00
911	 943	 197	 24.00
912	 913	 162	 20.00
912	 944	 182	 20.00
913	 914	 224	 16.00
913	 945	 179	 22.00
914	 915	 222	 19.00
914	 946	 182	 20.00
915	 916	 236	 17.00
915	 947	 184	 16.00
916	 917	 212	 21.00
916	 948	 185	 16.00
917	 918	 213	 17.00
917	 949	 201	 17.00
918	 919	 201	 23.00
918	 950	 214	 16.00
919	 920	 167	 19.00
919	 951	 210	 22.00
920	 921	 162	 23.00
920	 952	 178	 16.00
921	 922	 193	 20.00
921	 953	 181	 17.00
922	 923	 236	 19.00
922	 954	 166	 17.00
923	 924	 237	 16.00
923	 955	 216	 20.00
924	 925	 221	 18.00
924	 956	 211	 20.00
925	 926	 187	 18.00
925	 957	 218	 20.00
926	 927	 221	 24.00
926	 958	 223	 23.00
927	 959	 235	 21.00
928	 929	 240	 18.00
928	 960	 191	 18.00
929	 930	 206	 21.00
929	 961	 222	 24.00
930	 931	 224	 16.00
930	 962	 167	 17.00
931	 932	 220	 21.00
931	 963	 182	 20.00
932	 933	 224	 21.00
932	 964	 187	 18.00
933	 934	 209	 16.00
933	 965	 238	 16.00
934	 935	 239	 21.00
934	 966	 186	 17.00
935	 936	 237	 19.00
935	 967	 176	 21.00
936	 937	 208	 22.00
936	 968	 215	 21.00
937	 938	 180	 24.00
937	 969	 232	 16.00
938	 939	 174	 20.00
938	 970	 200	 22.00
939	 940	 222	 16.00
939	 971	 197	 19.00
940	 941	 239	 20.00
940	 972	 205	 23.00
941	 942	 214	 16.00
941	 973	 216	 18.00
942	 943	 189	 17.00
942	 974	 190	 18.00
943	 944	 173	 21.00
943	 975	 188	 22.00
944	 945	 182	 16.00
944	 976	 211	 20.00
945	 946	 175	 18.00
945	 977	 211	 17.00
946	 947	 171	 23.00
946	 978	 201	 23.00
947	 948	 239	 21.00
947	 979	 221	 19.00
948	 949	 166	 24.00
948	 980	 201	 22.00
949	 950	 194	 22.00
949	 981	 190	 24.00
950	 951	 231	 24.00
950	 982	 232	 21.00
951	 952	 191	 17.00
951	 983	 238	 16.00
952	 953	 229	 22.00
952	 984	 190	 16.00
953	 954	 209	 19.00
953	 985	 196	 20.00
954	 955	 238	 18.00
954	 986	 195	 23.00
955	 956	 172	 18.00
955	 987	 182	 17.00
956	 957	 228	 22.00
956	 988	 190	 18.00
957	 958	 163	 18.00
957	 989	 180	 17.00
958	 959	 188	 22.00
958	 990	 164	 19.00
959	 991	 232	 23.00
960	 961	 164	 18.00
960	 992	 191	 24.00
961	 962	 160	 20.00
961	 993	 181	 21.00
962	 963	 216	 22.00
962	 994	 170	 16.00
963	 964	 175	 24.00
963	 995	 230	 22.00
964	 965	 226	 19.00
964	 996	 186	 21.00
965	 966	 188	 19.00
965	 997	 232	 23.00
966	 967	 221	 18.00
966	 998	 165	 16.00
967	 968	 193	 23.00
967	 999	 236	 24.00
968	 969	 184	 21.00
968	 1000	 202	 16.00
969	 970	 184	 17.00
969	 1001	 206	 19.00
970	 971	 235	 19.00
970	 1002	 173	 24.00
971	 972	 209	 23.00
971	 1003	 180	 16.00
972	 973	 238	 24.00
972	 1004	 161	 16.00
973	 974	 164	 24.00
973	 1005	 239	 18.00
974	 975	 165	 22.00
974	 1006	 178	 18.00
975	 976	 213	 22.00
975	 1007	 204	 19.00
976	 977	 211	 19.00
976	 1008	 171	 23.00
977	 978	 190	 20.00
977	 1009	 207	 22.00
978	 979	 163	 18.00
978	 1010	 191	 24.00
979	 980	 166	 17.00
979	 1011	 167	 19.00
980	 981	 166	 17.00
980	 1012	 229	 23.00
981	 982	 226	 24.00
981	 1013	 199	 21.00
982	 983	 178	 17.00
982	 1014	 184	 22.00
983	 984	 236	 22.00
983	 1015	 225	 16.00
984	 985	 228	 24.00
984	 1016	 168	 21.00
985	 986	 206	 17.00
985	 1017	 165	 22.00
986	 987	 209	 18.00
986	 1018	 203	 24.00
987	 988	 162	 21.00
987	 1019	 224	 24.00
988	 989	 177	 24.00
988	 1020	 167	 17.00
989	 990	 182	 22.00
989	 1021	 207	 19.00
990	 991	 232	 19.00
990	 1022	 178	 23.00
991	 1023	 194	 24.00
992	 993	 196	 21.00
993	 994	 231	 23.00
994	 995	 211	 21.00
995	 996	 240	 17.00
996	 997	 182	 19.00
997	 998	 203	 20.00
998	 999	 220	 20.00
999	 1000	 233	 18.00
1000	 1001	 195	 22.00
1001	 1002	 225	 24.00
1002	 1003	 192	 18.00
1003	 1004	 220	 20.00
1004	 1005	 223	 24.00
1005	 1006	 170	 18.00
1006	 1007	 194	 21.00
1007	 1008	 179	 16.00
1008	 1009	 229	 16.00
1009	 1010	 202	 22.00
1010	 1011	 224	 20.00
1011	 1012	 197	 24.00
1012	 1013	 225	 24.00
1013	 1014	 194	 19.00
1014	 1015	 164	 19.00
1015	 1016	 209	 17.00
1016	 1017	 180	 20.00
1017	 1018	 199	 20.00
1018	 1019	 185	 21.00
1019	 1020	 231	 16.00
1020	 1021	 166	 18.00
1021	 1022	 179	 16.00
1022	 1023	 203	 17.00
