1024	1984	20	0.30

6	 1	 0
133	 31	 0
174	 -18	 0
318	 30	 0
410	 28	 0
531	 8	 0
565	 2	 0
698	 2	 7
773	 9	 7
931	 17	 7
990	 -20	 7
1061	 -1	 7
1235	 16	 7
1306	 31	 7
1389	 27	 7
1495	 9	 5
1590	 0	 5
1729	 -31	 5
1762	 39	 5
1918	 -30	 5
1961	 -44	 5
2104	 12	 5
2191	 11	 5
2334	 10	 3
2387	 -32	 3
2530	 27	 3
2589	 -35	 3
2700	 8	 3
2783	 -12	 3
2926	 38	 3
3047	 -17	 3
3091	 -43	 3
25	 129	 0
86	 101	 0
204	 76	 0
289	 93	 0
399	 101	 0
532	 96	 0
568	 124	 0
684	 129	 7
761	 105	 7
907	 104	 7
1004	 92	 7
1116	 113	 7
1205	 61	 7
1291	 102	 7
1392	 111	 5
1476	 81	 5
1614	 97	 5
1700	 82	 5
1796	 117	 5
1918	 63	 5
2017	 119	 5
2089	 110	 5
2190	 89	 5
2297	 123	 3
2413	 77	 3
2524	 125	 3
2582	 120	 3
2702	 62	 3
2804	 106	 3
2897	 68	 3
3014	 87	 3
3096	 106	 3
-1	 234	 0
107	 229	 0
180	 219	 0
300	 234	 0
359	 181	 0
504	 182	 0
613	 209	 0
702	 235	 0
832	 178	 7
871	 188	 7
967	 197	 7
1088	 220	 7
1173	 221	 7
1272	 205	 5
1363	 245	 5
1489	 215	 5
1585	 186	 5
1705	 171	 5
1782	 219	 5
1855	 216	 5
2008	 187	 5
2071	 185	 5
2228	 213	 3
2325	 184	 3
2387	 201	 3
2494	 182	 3
2604	 194	 3
2666	 197	 3
2802	 167	 3
2887	 207	 3
3030	 165	 3
3089	 182	 3
10	 322	 0
104	 269	 0
158	 324	 0
301	 294	 0
371	 341	 0
485	 324	 0
600	 319	 0
692	 276	 0
785	 319	 7
894	 304	 7
1016	 269	 7
1120	 290	 7
1193	 271	 7
1301	 322	 7
1388	 301	 5
1491	 319	 5
1555	 304	 5
1730	 291	 5
1828	 304	 5
1947	 316	 5
2003	 313	 5
2095	 297	 5
2183	 300	 3
2275	 286	 16
2402	 297	 3
2516	 338	 3
2643	 306	 3
2727	 296	 3
2799	 300	 3
2920	 303	 3
3008	 343	 3
3118	 345	 3
-21	 391	 0
90	 417	 0
220	 393	 0
302	 416	 0
400	 420	 0
546	 358	 0
612	 440	 0
682	 386	 0
776	 399	 0
897	 379	 7
989	 413	 7
1106	 405	 7
1196	 410	 7
1291	 376	 7
1412	 423	 5
1504	 353	 5
1604	 387	 5
1673	 401	 5
1793	 387	 5
1920	 400	 5
1970	 408	 5
2106	 423	 5
2198	 391	 3
2287	 391	 16
2408	 419	 3
2504	 398	 3
2578	 418	 3
2703	 404	 3
2790	 419	 3
2901	 399	 3
2998	 397	 3
3118	 445	 3
-7	 488	 0
71	 478	 0
192	 485	 0
341	 523	 0
377	 472	 0
479	 499	 0
590	 541	 0
669	 477	 0
794	 493	 0
889	 535	 7
1040	 533	 7
1093	 504	 7
1190	 487	 7
1251	 539	 7
1405	 464	 5
1492	 508	 5
1592	 500	 5
1665	 477	 5
1835	 517	 5
1873	 483	 5
1982	 473	 5
2098	 489	 5
2233	 501	 16
2316	 522	 16
2393	 497	 3
2491	 536	 3
2556	 513	 3
2666	 511	 3
2783	 487	 3
2937	 460	 3
3025	 489	 3
3076	 496	 3
5	 579	 0
56	 566	 0
179	 615	 0
291	 609	 0
379	 593	 0
489	 561	 0
632	 578	 0
698	 609	 0
782	 599	 7
859	 602	 7
1018	 628	 7
1119	 582	 7
1155	 567	 7
1302	 613	 7
1393	 593	 7
1492	 639	 5
1564	 586	 5
1659	 602	 5
1776	 555	 5
1915	 571	 5
2012	 626	 5
2098	 601	 5
2192	 561	 16
2259	 591	 16
2432	 576	 16
2470	 603	 3
2615	 608	 3
2725	 588	 3
2778	 580	 3
2928	 636	 3
2980	 604	 3
3137	 616	 3
-17	 690	 0
116	 693	 0
212	 705	 0
275	 682	 0
406	 695	 0
494	 697	 0
620	 691	 0
736	 725	 7
814	 725	 7
921	 699	 7
1000	 657	 7
1121	 662	 7
1205	 696	 7
1287	 705	 7
1380	 741	 7
1511	 668	 5
1573	 685	 5
1705	 686	 5
1801	 680	 5
1913	 667	 5
1998	 715	 5
2081	 738	 5
2211	 741	 16
2307	 697	 16
2411	 686	 16
2523	 708	 16
2591	 716	 3
2688	 711	 3
2802	 710	 3
2888	 714	 3
3029	 715	 8
3128	 697	 8
19	 791	 0
110	 771	 0
186	 844	 12
346	 801	 0
422	 768	 0
471	 798	 0
615	 816	 12
701	 770	 7
765	 813	 7
878	 803	 7
1012	 789	 7
1113	 781	 7
1218	 793	 7
1305	 793	 7
1380	 788	 7
1510	 761	 14
1594	 826	 14
1745	 806	 14
1786	 794	 5
1907	 795	 5
1972	 801	 16
2084	 778	 16
2215	 805	 16
2316	 817	 16
2394	 768	 6
2541	 797	 6
2618	 807	 3
2677	 792	 6
2807	 824	 3
2867	 825	 6
2973	 836	 6
3115	 799	 8
-9	 865	 12
108	 905	 12
166	 903	 12
296	 858	 0
405	 932	 12
525	 872	 12
600	 913	 12
662	 902	 12
813	 902	 7
928	 900	 7
1028	 903	 7
1113	 867	 7
1216	 869	 7
1294	 887	 7
1411	 877	 14
1470	 919	 14
1593	 895	 14
1702	 885	 14
1799	 898	 14
1880	 930	 16
1974	 923	 16
2112	 881	 16
2176	 936	 16
2309	 903	 6
2365	 885	 6
2534	 885	 6
2581	 907	 6
2675	 936	 6
2820	 867	 3
2889	 948	 6
2988	 874	 6
3108	 901	 6
-20	 980	 12
123	 997	 12
199	 1002	 12
322	 1009	 12
396	 998	 12
526	 1006	 12
628	 1001	 12
677	 970	 12
800	 1005	 12
904	 1011	 7
1023	 967	 7
1135	 1009	 14
1183	 993	 14
1271	 956	 14
1393	 1004	 14
1497	 1018	 14
1569	 997	 14
1699	 979	 14
1782	 1039	 14
1916	 995	 14
1971	 986	 14
2131	 995	 16
2211	 963	 16
2300	 1020	 6
2429	 1016	 6
2465	 1040	 6
2614	 999	 6
2715	 1000	 6
2776	 1004	 6
2868	 1018	 6
2950	 953	 6
3074	 1025	 6
7	 1083	 12
129	 1121	 12
235	 1119	 12
300	 1133	 12
386	 1121	 12
479	 1080	 12
610	 1119	 12
728	 1081	 12
797	 1102	 12
917	 1094	 12
979	 1121	 12
1112	 1082	 14
1167	 1097	 14
1313	 1082	 14
1416	 1086	 14
1486	 1053	 14
1590	 1113	 14
1719	 1069	 14
1807	 1102	 14
1901	 1121	 14
1960	 1123	 16
2099	 1118	 16
2153	 1115	 16
2326	 1116	 6
2363	 1094	 6
2527	 1129	 6
2562	 1067	 6
2662	 1074	 6
2818	 1126	 6
2915	 1110	 6
3003	 1124	 6
3091	 1100	 6
15	 1205	 12
98	 1183	 12
240	 1183	 12
329	 1185	 12
393	 1204	 12
509	 1202	 12
572	 1188	 12
688	 1160	 12
813	 1198	 12
886	 1182	 12
1010	 1188	 12
1078	 1207	 14
1194	 1183	 14
1263	 1181	 14
1388	 1216	 14
1492	 1215	 14
1583	 1201	 14
1702	 1187	 14
1757	 1171	 14
1881	 1192	 14
2027	 1236	 14
2098	 1168	 16
2230	 1201	 16
2319	 1172	 6
2403	 1198	 6
2506	 1203	 6
2593	 1166	 6
2699	 1223	 6
2789	 1213	 6
2903	 1172	 6
2995	 1220	 6
3118	 1204	 6
-17	 1277	 12
85	 1308	 12
200	 1287	 12
323	 1305	 12
372	 1311	 12
498	 1277	 12
626	 1301	 12
699	 1336	 12
791	 1305	 12
856	 1308	 12
1005	 1264	 14
1061	 1298	 14
1237	 1306	 14
1282	 1305	 14
1409	 1312	 14
1465	 1287	 14
1603	 1283	 14
1670	 1336	 14
1772	 1268	 14
1895	 1265	 14
1996	 1332	 14
2124	 1310	 16
2162	 1297	 16
2304	 1306	 16
2423	 1289	 6
2504	 1301	 6
2621	 1319	 6
2685	 1301	 6
2800	 1317	 6
2870	 1332	 6
2991	 1342	 6
3082	 1285	 6
43	 1408	 12
98	 1436	 12
211	 1408	 12
314	 1374	 12
411	 1419	 12
495	 1356	 12
631	 1373	 12
684	 1383	 12
807	 1384	 12
858	 1370	 12
1038	 1363	 14
1132	 1362	 14
1205	 1401	 14
1266	 1356	 14
1402	 1422	 14
1521	 1390	 14
1592	 1415	 14
1695	 1437	 14
1759	 1403	 14
1900	 1393	 14
1985	 1415	 14
2055	 1417	 16
2183	 1365	 16
2285	 1409	 6
2398	 1400	 6
2478	 1357	 6
2580	 1407	 6
2690	 1405	 6
2828	 1397	 6
2870	 1370	 6
3003	 1439	 6
3128	 1410	 6
-3	 1543	 10
72	 1505	 10
242	 1536	 10
289	 1497	 12
409	 1526	 10
491	 1503	 12
603	 1506	 12
689	 1486	 12
814	 1499	 15
881	 1484	 15
978	 1498	 15
1121	 1525	 14
1167	 1477	 14
1291	 1514	 13
1437	 1522	 13
1453	 1495	 13
1562	 1489	 13
1735	 1484	 14
1831	 1459	 14
1911	 1500	 14
1998	 1524	 16
2066	 1521	 16
2200	 1494	 16
2344	 1506	 6
2371	 1472	 6
2492	 1485	 6
2606	 1499	 6
2691	 1484	 6
2799	 1521	 4
2870	 1501	 6
2983	 1518	 6
3083	 1505	 6
-6	 1604	 10
97	 1616	 10
227	 1602	 10
338	 1609	 10
410	 1614	 10
517	 1571	 12
605	 1584	 12
689	 1628	 15
831	 1628	 15
911	 1579	 15
1017	 1607	 15
1105	 1636	 15
1163	 1612	 14
1325	 1577	 13
1369	 1607	 13
1499	 1563	 13
1599	 1594	 13
1692	 1583	 14
1827	 1608	 13
1869	 1582	 13
1981	 1573	 16
2127	 1596	 16
2197	 1605	 16
2290	 1613	 16
2370	 1602	 6
2486	 1612	 6
2599	 1574	 4
2691	 1567	 4
2833	 1584	 4
2924	 1591	 4
3035	 1576	 4
3095	 1642	 4
28	 1667	 10
111	 1676	 10
231	 1699	 10
278	 1691	 10
378	 1731	 10
516	 1710	 10
576	 1682	 10
700	 1698	 10
832	 1689	 15
870	 1694	 15
1032	 1725	 15
1127	 1679	 15
1231	 1695	 13
1316	 1705	 13
1433	 1706	 13
1459	 1694	 13
1595	 1682	 13
1714	 1687	 13
1773	 1705	 13
1903	 1734	 13
1992	 1682	 13
2076	 1733	 13
2206	 1704	 16
2334	 1677	 16
2393	 1723	 16
2469	 1660	 4
2641	 1698	 4
2687	 1661	 4
2820	 1742	 4
2908	 1735	 4
2967	 1663	 4
3076	 1654	 4
1	 1788	 10
86	 1766	 10
205	 1774	 10
289	 1826	 10
414	 1763	 10
495	 1769	 10
592	 1785	 10
696	 1807	 10
799	 1839	 15
928	 1813	 15
1019	 1797	 15
1089	 1808	 15
1185	 1750	 13
1267	 1811	 13
1414	 1809	 13
1483	 1784	 13
1578	 1795	 13
1719	 1774	 13
1817	 1789	 13
1876	 1845	 13
2025	 1792	 13
2106	 1775	 16
2197	 1786	 16
2275	 1792	 16
2371	 1784	 16
2493	 1833	 4
2609	 1834	 4
2668	 1834	 4
2819	 1842	 4
2886	 1778	 4
3012	 1800	 4
3091	 1787	 4
13	 1933	 10
91	 1905	 10
165	 1909	 10
286	 1896	 10
387	 1930	 10
474	 1924	 10
584	 1889	 10
704	 1875	 10
784	 1880	 10
908	 1941	 15
1004	 1868	 15
1118	 1935	 15
1204	 1903	 13
1265	 1910	 13
1374	 1874	 13
1542	 1929	 13
1630	 1912	 13
1673	 1913	 13
1792	 1930	 13
1862	 1878	 13
2029	 1875	 13
2115	 1902	 16
2221	 1863	 16
2284	 1920	 4
2402	 1886	 4
2504	 1946	 4
2592	 1864	 4
2708	 1935	 4
2807	 1904	 4
2924	 1906	 4
2961	 1901	 4
3109	 1905	 4
10	 1982	 10
81	 1993	 10
233	 2012	 10
313	 1966	 10
427	 2032	 10
507	 1998	 10
621	 1991	 10
664	 1992	 10
801	 2003	 10
901	 2014	 15
985	 1983	 15
1114	 1983	 15
1181	 1997	 13
1334	 1999	 13
1408	 2012	 13
1486	 1996	 13
1606	 2005	 13
1708	 1988	 13
1810	 2001	 13
1878	 1992	 13
2000	 1973	 13
2088	 2006	 13
2235	 2012	 4
2267	 2042	 4
2379	 1968	 4
2513	 2001	 4
2602	 2001	 4
2714	 2009	 4
2769	 2034	 4
2926	 1975	 4
2985	 1989	 4
3108	 2019	 4
23	 2075	 10
99	 2059	 10
222	 2093	 10
314	 2111	 10
441	 2127	 10
525	 2069	 10
587	 2083	 10
660	 2126	 10
808	 2125	 10
887	 2118	 10
991	 2095	 15
1067	 2085	 15
1176	 2104	 11
1300	 2128	 11
1414	 2111	 13
1505	 2108	 13
1598	 2080	 13
1686	 2091	 13
1809	 2107	 13
1863	 2080	 13
1977	 2090	 13
2109	 2062	 17
2192	 2087	 17
2334	 2111	 4
2415	 2098	 4
2526	 2073	 4
2617	 2094	 4
2675	 2132	 4
2796	 2102	 4
2898	 2130	 4
3002	 2067	 4
3130	 2066	 4
-24	 2173	 10
107	 2221	 10
236	 2189	 10
316	 2175	 10
387	 2210	 10
489	 2205	 10
607	 2184	 10
732	 2209	 10
797	 2203	 18
901	 2205	 18
1000	 2210	 11
1068	 2196	 11
1153	 2198	 11
1308	 2205	 11
1430	 2182	 13
1526	 2226	 13
1589	 2180	 13
1708	 2214	 13
1807	 2226	 13
1916	 2154	 9
1995	 2180	 9
2117	 2183	 17
2237	 2209	 17
2302	 2195	 4
2434	 2184	 4
2525	 2235	 4
2620	 2195	 4
2675	 2184	 4
2802	 2216	 2
2866	 2200	 4
2988	 2215	 4
3072	 2216	 4
-5	 2305	 10
112	 2262	 10
184	 2272	 10
317	 2300	 10
414	 2310	 10
484	 2316	 1
592	 2297	 1
705	 2317	 10
826	 2267	 11
924	 2325	 11
1018	 2341	 11
1108	 2280	 11
1195	 2303	 11
1325	 2279	 11
1376	 2308	 11
1525	 2292	 13
1623	 2309	 13
1699	 2277	 9
1777	 2297	 9
1935	 2329	 9
2044	 2277	 9
2095	 2265	 9
2178	 2292	 9
2322	 2339	 4
2422	 2268	 4
2489	 2312	 4
2605	 2334	 2
2721	 2327	 2
2756	 2283	 2
2888	 2296	 4
3037	 2332	 4
3091	 2337	 4
-12	 2417	 10
135	 2421	 1
170	 2385	 1
285	 2413	 1
408	 2419	 10
470	 2403	 1
607	 2420	 1
708	 2400	 11
801	 2385	 11
946	 2397	 11
1039	 2387	 11
1080	 2397	 11
1159	 2417	 11
1339	 2428	 11
1440	 2404	 11
1518	 2391	 13
1569	 2396	 13
1698	 2398	 9
1795	 2408	 9
1872	 2405	 9
1974	 2396	 9
2104	 2410	 9
2159	 2398	 9
2331	 2441	 9
2390	 2421	 4
2484	 2399	 4
2585	 2429	 2
2701	 2390	 2
2836	 2408	 2
2883	 2379	 2
2965	 2405	 2
3113	 2417	 4
-16	 2477	 1
78	 2504	 1
163	 2526	 1
326	 2481	 19
361	 2497	 1
527	 2471	 1
584	 2514	 1
664	 2504	 1
814	 2495	 11
906	 2493	 11
991	 2453	 11
1078	 2469	 11
1224	 2516	 11
1257	 2504	 11
1412	 2472	 11
1523	 2515	 11
1623	 2513	 9
1697	 2534	 9
1814	 2501	 9
1912	 2513	 9
2040	 2514	 9
2101	 2487	 9
2211	 2488	 9
2262	 2490	 9
2397	 2470	 2
2468	 2471	 2
2596	 2538	 2
2709	 2471	 2
2789	 2517	 2
2925	 2509	 2
2972	 2499	 2
3128	 2476	 4
-8	 2591	 1
126	 2580	 1
225	 2591	 1
297	 2613	 1
393	 2595	 1
497	 2597	 1
604	 2621	 1
703	 2629	 1
839	 2620	 1
903	 2617	 11
1006	 2626	 11
1095	 2617	 11
1206	 2570	 11
1311	 2619	 11
1423	 2591	 11
1500	 2604	 9
1606	 2567	 9
1719	 2610	 9
1829	 2554	 9
1888	 2600	 9
1979	 2611	 9
2123	 2598	 9
2231	 2626	 9
2337	 2580	 9
2414	 2631	 2
2517	 2590	 2
2594	 2621	 2
2666	 2637	 2
2795	 2607	 2
2903	 2634	 2
3005	 2596	 2
3124	 2619	 4
-29	 2696	 1
61	 2724	 1
170	 2691	 1
292	 2719	 1
422	 2683	 1
494	 2696	 1
597	 2687	 1
721	 2715	 1
792	 2693	 1
884	 2714	 11
1042	 2675	 11
1097	 2725	 11
1168	 2721	 11
1263	 2726	 11
1374	 2701	 11
1493	 2685	 9
1639	 2704	 9
1700	 2686	 9
1843	 2707	 9
1889	 2675	 9
1972	 2705	 9
2068	 2693	 9
2200	 2656	 9
2281	 2714	 2
2413	 2701	 2
2519	 2693	 2
2585	 2699	 2
2718	 2697	 2
2766	 2722	 2
2908	 2659	 2
3019	 2722	 2
3070	 2736	 2
-2	 2759	 1
106	 2788	 1
210	 2772	 1
310	 2784	 1
438	 2843	 1
505	 2812	 1
619	 2794	 1
696	 2784	 1
803	 2801	 1
878	 2823	 1
993	 2773	 11
1115	 2803	 11
1217	 2799	 11
1298	 2785	 11
1384	 2767	 9
1535	 2779	 9
1608	 2797	 9
1653	 2794	 9
1760	 2828	 9
1910	 2800	 9
2009	 2832	 9
2096	 2804	 9
2191	 2819	 2
2327	 2791	 2
2427	 2806	 2
2498	 2795	 2
2586	 2798	 2
2674	 2801	 2
2808	 2817	 2
2937	 2779	 2
3007	 2805	 2
3104	 2809	 2
26	 2898	 1
78	 2861	 1
188	 2938	 1
300	 2928	 1
400	 2909	 1
498	 2943	 1
595	 2912	 1
699	 2931	 1
806	 2880	 1
928	 2903	 11
1008	 2902	 11
1058	 2895	 11
1217	 2920	 11
1302	 2935	 11
1392	 2883	 11
1495	 2902	 9
1620	 2874	 9
1717	 2926	 9
1831	 2900	 9
1916	 2908	 9
2021	 2913	 9
2062	 2932	 9
2207	 2938	 2
2305	 2903	 2
2445	 2905	 2
2496	 2878	 2
2594	 2909	 2
2719	 2868	 2
2780	 2897	 2
2887	 2869	 2
3024	 2884	 2
3113	 2889	 2
6	 3002	 1
70	 2977	 1
205	 3018	 1
282	 3014	 1
397	 2993	 1
470	 3018	 1
627	 2979	 1
726	 3016	 1
795	 2965	 1
897	 2961	 11
1021	 3003	 11
1122	 3017	 11
1216	 3004	 11
1321	 3018	 11
1373	 3009	 11
1488	 2994	 11
1600	 3020	 9
1675	 3038	 9
1805	 3002	 9
1911	 3014	 9
2035	 2996	 9
2108	 3023	 9
2187	 3021	 9
2309	 2983	 2
2414	 2976	 2
2497	 3015	 2
2624	 2990	 2
2681	 2996	 2
2802	 2999	 2
2905	 3027	 2
2999	 3027	 2
3109	 3016	 2
39	 3098	 1
112	 3101	 1
171	 3088	 1
302	 3104	 1
448	 3105	 1
504	 3135	 1
599	 3118	 1
679	 3138	 1
779	 3119	 11
917	 3118	 11
983	 3091	 11
1108	 3123	 11
1192	 3091	 11
1296	 3071	 11
1379	 3092	 11
1516	 3065	 11
1598	 3109	 11
1673	 3127	 9
1805	 3091	 9
1921	 3091	 9
1999	 3071	 9
2093	 3131	 9
2190	 3117	 9
2305	 3063	 9
2397	 3082	 2
2480	 3107	 2
2610	 3118	 2
2720	 3125	 2
2815	 3070	 2
2912	 3112	 2
2988	 3086	 2
3091	 3121	 2

0	 1	 221	 23.00
0	 32	 201	 17.00
1	 2	 188	 21.00
1	 33	 175	 17.00
2	 3	 191	 18.00
2	 34	 224	 16.00
3	 4	 221	 22.00
3	 35	 164	 18.00
4	 5	 226	 24.00
4	 36	 200	 17.00
5	 6	 165	 22.00
5	 37	 182	 23.00
6	 7	 201	 21.00
6	 38	 196	 24.00
7	 8	 238	 19.00
7	 39	 212	 24.00
8	 9	 215	 22.00
8	 40	 179	 19.00
9	 10	 162	 19.00
9	 41	 202	 21.00
10	 11	 201	 22.00
10	 42	 226	 20.00
11	 12	 188	 17.00
11	 43	 237	 22.00
12	 13	 169	 18.00
12	 44	 160	 17.00
13	 14	 204	 24.00
13	 45	 202	 19.00
14	 15	 215	 18.00
14	 46	 225	 24.00
15	 16	 205	 23.00
15	 47	 225	 24.00
16	 17	 223	 17.00
16	 48	 170	 16.00
17	 18	 223	 21.00
17	 49	 184	 18.00
18	 19	 199	 19.00
18	 50	 197	 22.00
19	 20	 207	 23.00
19	 51	 188	 20.00
20	 21	 196	 18.00
20	 52	 233	 20.00
21	 22	 225	 16.00
21	 53	 224	 17.00
22	 23	 161	 19.00
22	 54	 219	 16.00
23	 24	 171	 16.00
23	 55	 217	 22.00
24	 25	 197	 20.00
24	 56	 190	 23.00
25	 26	 216	 23.00
25	 57	 222	 18.00
26	 27	 222	 21.00
26	 58	 163	 21.00
27	 28	 230	 19.00
27	 59	 197	 22.00
28	 29	 196	 23.00
28	 60	 174	 16.00
29	 30	 226	 20.00
29	 61	 236	 23.00
30	 31	 238	 24.00
30	 62	 238	 17.00
31	 63	 219	 21.00
32	 33	 185	 20.00
32	 64	 174	 20.00
33	 34	 220	 19.00
33	 65	 238	 16.00
34	 35	 182	 16.00
34	 66	 193	 17.00
35	 36	 227	 17.00
35	 67	 229	 23.00
36	 37	 195	 18.00
36	 68	 231	 21.00
37	 38	 231	 21.00
37	 69	 177	 16.00
38	 39	 207	 16.00
38	 70	 208	 17.00
39	 40	 166	 19.00
39	 71	 215	 19.00
40	 41	 235	 16.00
40	 72	 195	 16.00
41	 42	 211	 16.00
41	 73	 173	 16.00
42	 43	 195	 17.00
42	 74	 192	 23.00
43	 44	 195	 23.00
43	 75	 199	 16.00
44	 45	 193	 17.00
44	 76	 233	 20.00
45	 46	 219	 24.00
45	 77	 233	 22.00
46	 47	 225	 18.00
46	 78	 236	 18.00
47	 48	 206	 21.00
47	 79	 200	 16.00
48	 49	 232	 21.00
48	 80	 173	 18.00
49	 50	 172	 20.00
49	 81	 170	 19.00
50	 51	 222	 18.00
50	 82	 222	 18.00
51	 52	 200	 19.00
51	 83	 194	 20.00
52	 53	 180	 19.00
52	 84	 226	 21.00
53	 54	 175	 22.00
53	 85	 210	 17.00
54	 55	 215	 24.00
54	 86	 201	 24.00
55	 56	 177	 22.00
55	 87	 201	 24.00
56	 57	 225	 20.00
56	 88	 231	 18.00
57	 58	 240	 23.00
57	 89	 232	 17.00
58	 59	 175	 22.00
58	 90	 212	 24.00
59	 60	 183	 20.00
59	 91	 169	 19.00
60	 61	 184	 20.00
60	 92	 227	 19.00
61	 62	 217	 19.00
61	 93	 183	 24.00
62	 63	 198	 22.00
62	 94	 232	 23.00
63	 95	 185	 20.00
64	 65	 223	 17.00
64	 96	 174	 24.00
65	 66	 209	 18.00
65	 97	 198	 19.00
66	 67	 186	 24.00
66	 98	 164	 22.00
67	 68	 166	 23.00
67	 99	 180	 20.00
68	 69	 183	 19.00
68	 100	 224	 18.00
69	 70	 217	 16.00
69	 101	 160	 18.00
70	 71	 169	 16.00
70	 102	 240	 19.00
71	 72	 218	 22.00
71	 103	 198	 20.00
72	 73	 179	 16.00
72	 104	 195	 17.00
73	 74	 188	 23.00
73	 105	 211	 17.00
74	 75	 202	 19.00
74	 106	 240	 21.00
75	 76	 211	 21.00
75	 107	 199	 21.00
76	 77	 200	 24.00
76	 108	 189	 18.00
77	 78	 182	 17.00
77	 109	 227	 24.00
78	 79	 168	 20.00
78	 110	 233	 19.00
79	 80	 201	 19.00
79	 111	 228	 18.00
80	 81	 235	 16.00
80	 112	 230	 24.00
81	 82	 213	 21.00
81	 113	 240	 19.00
82	 83	 229	 18.00
82	 114	 175	 19.00
83	 84	 235	 20.00
83	 115	 177	 20.00
84	 85	 229	 19.00
84	 116	 239	 24.00
85	 86	 223	 20.00
85	 117	 175	 19.00
86	 87	 161	 18.00
86	 118	 175	 22.00
87	 88	 194	 19.00
87	 119	 168	 20.00
88	 89	 222	 17.00
88	 120	 179	 20.00
89	 90	 205	 20.00
89	 121	 232	 23.00
90	 91	 195	 22.00
90	 122	 163	 18.00
91	 92	 166	 19.00
91	 123	 223	 22.00
92	 93	 161	 17.00
92	 124	 205	 20.00
93	 94	 209	 24.00
93	 125	 169	 24.00
94	 95	 232	 22.00
94	 126	 188	 20.00
95	 127	 167	 22.00
96	 97	 225	 18.00
96	 128	 229	 24.00
97	 98	 170	 18.00
97	 129	 173	 17.00
98	 99	 222	 20.00
98	 130	 180	 22.00
99	 100	 161	 16.00
99	 131	 183	 17.00
100	 101	 217	 16.00
100	 132	 213	 16.00
101	 102	 234	 21.00
101	 133	 161	 19.00
102	 103	 188	 21.00
102	 134	 238	 19.00
103	 104	 213	 18.00
103	 135	 215	 23.00
104	 105	 197	 16.00
104	 136	 176	 20.00
105	 106	 237	 18.00
105	 137	 208	 16.00
106	 107	 208	 24.00
106	 138	 232	 21.00
107	 108	 185	 20.00
107	 139	 169	 23.00
108	 109	 210	 23.00
108	 140	 231	 23.00
109	 110	 215	 24.00
109	 141	 192	 19.00
110	 111	 221	 18.00
110	 142	 188	 22.00
111	 112	 186	 18.00
111	 143	 184	 19.00
112	 113	 187	 23.00
112	 144	 231	 23.00
113	 114	 170	 17.00
113	 145	 188	 17.00
114	 115	 205	 17.00
114	 146	 182	 23.00
115	 116	 172	 20.00
115	 147	 184	 20.00
116	 117	 186	 19.00
116	 148	 160	 19.00
117	 118	 238	 16.00
117	 149	 206	 23.00
118	 119	 190	 23.00
118	 150	 185	 21.00
119	 120	 199	 23.00
119	 151	 214	 18.00
120	 121	 216	 16.00
120	 152	 230	 20.00
121	 122	 196	 19.00
121	 153	 212	 17.00
122	 123	 204	 17.00
122	 154	 174	 16.00
123	 124	 198	 21.00
123	 155	 240	 21.00
124	 125	 220	 18.00
124	 156	 166	 16.00
125	 126	 215	 21.00
125	 157	 236	 21.00
126	 127	 186	 17.00
126	 158	 200	 17.00
127	 159	 211	 22.00
128	 129	 240	 17.00
128	 160	 211	 18.00
129	 130	 238	 22.00
129	 161	 199	 19.00
130	 131	 204	 20.00
130	 162	 162	 24.00
131	 132	 203	 23.00
131	 163	 186	 18.00
132	 133	 235	 20.00
132	 164	 235	 18.00
133	 134	 239	 23.00
133	 165	 215	 23.00
134	 135	 195	 16.00
134	 166	 192	 21.00
135	 136	 212	 16.00
135	 167	 210	 20.00
136	 137	 235	 18.00
136	 168	 179	 22.00
137	 138	 201	 20.00
137	 169	 189	 20.00
138	 139	 181	 23.00
138	 170	 205	 21.00
139	 140	 162	 17.00
139	 171	 162	 17.00
140	 141	 183	 17.00
140	 172	 208	 16.00
141	 142	 220	 20.00
141	 173	 180	 18.00
142	 143	 233	 17.00
142	 174	 204	 18.00
143	 144	 239	 23.00
143	 175	 179	 19.00
144	 145	 221	 23.00
144	 176	 181	 16.00
145	 146	 230	 17.00
145	 177	 198	 16.00
146	 147	 237	 17.00
146	 178	 193	 22.00
147	 148	 179	 19.00
147	 179	 218	 22.00
148	 149	 187	 24.00
148	 180	 207	 16.00
149	 150	 189	 18.00
149	 181	 239	 23.00
150	 151	 183	 24.00
150	 182	 184	 17.00
151	 152	 187	 23.00
151	 183	 173	 23.00
152	 153	 173	 18.00
152	 184	 217	 17.00
153	 154	 199	 24.00
153	 185	 213	 19.00
154	 155	 223	 21.00
154	 186	 238	 16.00
155	 156	 188	 19.00
155	 187	 167	 24.00
156	 157	 225	 17.00
156	 188	 232	 21.00
157	 158	 232	 20.00
157	 189	 233	 24.00
158	 159	 206	 20.00
158	 190	 232	 16.00
159	 191	 228	 20.00
160	 161	 198	 16.00
160	 192	 239	 16.00
161	 162	 202	 18.00
161	 193	 211	 22.00
162	 163	 172	 17.00
162	 194	 234	 17.00
163	 164	 182	 16.00
163	 195	 197	 22.00
164	 165	 208	 16.00
164	 196	 198	 23.00
165	 166	 215	 19.00
165	 197	 222	 20.00
166	 167	 194	 17.00
166	 198	 170	 24.00
167	 168	 171	 24.00
167	 199	 196	 22.00
168	 169	 164	 18.00
168	 200	 233	 22.00
169	 170	 160	 18.00
169	 201	 229	 16.00
170	 171	 203	 23.00
170	 202	 172	 18.00
171	 172	 238	 20.00
171	 203	 223	 21.00
172	 173	 174	 19.00
172	 204	 208	 17.00
173	 174	 170	 17.00
173	 205	 209	 22.00
174	 175	 229	 17.00
174	 206	 201	 24.00
175	 176	 169	 17.00
175	 207	 220	 17.00
176	 177	 179	 18.00
176	 208	 179	 19.00
177	 178	 233	 21.00
177	 209	 197	 24.00
178	 179	 223	 24.00
178	 210	 169	 21.00
179	 180	 235	 20.00
179	 211	 238	 17.00
180	 181	 207	 22.00
180	 212	 236	 20.00
181	 182	 220	 18.00
181	 213	 238	 17.00
182	 183	 233	 16.00
182	 214	 169	 24.00
183	 184	 232	 23.00
183	 215	 186	 16.00
184	 185	 227	 17.00
184	 216	 186	 24.00
185	 186	 226	 20.00
185	 217	 160	 18.00
186	 187	 229	 19.00
186	 218	 172	 22.00
187	 188	 203	 22.00
187	 219	 223	 16.00
188	 189	 238	 24.00
188	 220	 233	 22.00
189	 190	 240	 23.00
189	 221	 235	 20.00
190	 191	 211	 18.00
190	 222	 205	 22.00
191	 223	 220	 24.00
192	 193	 180	 19.00
192	 224	 191	 24.00
193	 194	 199	 21.00
193	 225	 179	 16.00
194	 195	 230	 21.00
194	 226	 196	 24.00
195	 196	 235	 20.00
195	 227	 237	 16.00
196	 197	 226	 20.00
196	 228	 193	 24.00
197	 198	 181	 19.00
197	 229	 172	 23.00
198	 199	 163	 24.00
198	 230	 161	 23.00
199	 200	 220	 18.00
199	 231	 165	 19.00
200	 201	 163	 22.00
200	 232	 196	 17.00
201	 202	 238	 22.00
201	 233	 200	 22.00
202	 203	 211	 24.00
202	 234	 225	 17.00
203	 204	 224	 22.00
203	 235	 229	 24.00
204	 205	 196	 17.00
204	 236	 191	 19.00
205	 206	 192	 19.00
205	 237	 238	 23.00
206	 207	 163	 21.00
206	 238	 234	 23.00
207	 208	 184	 20.00
207	 239	 197	 17.00
208	 209	 200	 17.00
208	 240	 234	 20.00
209	 210	 219	 21.00
209	 241	 197	 18.00
210	 211	 172	 16.00
210	 242	 236	 21.00
211	 212	 202	 22.00
211	 243	 169	 16.00
212	 213	 222	 23.00
212	 244	 180	 24.00
213	 214	 206	 23.00
213	 245	 239	 23.00
214	 215	 230	 23.00
214	 246	 167	 17.00
215	 216	 220	 24.00
215	 247	 210	 23.00
216	 217	 163	 22.00
216	 248	 204	 21.00
217	 218	 166	 16.00
217	 249	 220	 24.00
218	 219	 205	 20.00
218	 250	 225	 22.00
219	 220	 189	 24.00
219	 251	 225	 21.00
220	 221	 217	 22.00
220	 252	 215	 16.00
221	 222	 181	 24.00
221	 253	 222	 20.00
222	 223	 223	 16.00
222	 254	 178	 23.00
223	 255	 168	 20.00
224	 225	 189	 17.00
224	 256	 200	 16.00
225	 226	 166	 24.00
225	 257	 192	 23.00
226	 227	 238	 18.00
226	 258	 182	 18.00
227	 228	 180	 21.00
227	 259	 220	 19.00
228	 229	 204	 18.00
228	 260	 232	 22.00
229	 230	 228	 18.00
229	 261	 183	 17.00
230	 231	 166	 19.00
230	 262	 192	 18.00
231	 232	 223	 20.00
231	 263	 203	 17.00
232	 233	 210	 21.00
232	 264	 228	 18.00
233	 234	 202	 22.00
233	 265	 168	 24.00
234	 235	 197	 20.00
234	 266	 237	 17.00
235	 236	 201	 22.00
235	 267	 235	 17.00
236	 237	 170	 24.00
236	 268	 219	 18.00
237	 238	 223	 24.00
237	 269	 208	 23.00
238	 239	 185	 24.00
238	 270	 240	 24.00
239	 240	 179	 16.00
239	 271	 203	 18.00
240	 241	 166	 22.00
240	 272	 197	 17.00
241	 242	 189	 19.00
241	 273	 208	 18.00
242	 243	 215	 24.00
242	 274	 202	 20.00
243	 244	 218	 16.00
243	 275	 182	 22.00
244	 245	 160	 17.00
244	 276	 237	 21.00
245	 246	 188	 16.00
245	 277	 168	 21.00
246	 247	 163	 20.00
246	 278	 166	 17.00
247	 248	 235	 23.00
247	 279	 182	 24.00
248	 249	 200	 22.00
248	 280	 187	 19.00
249	 250	 197	 19.00
249	 281	 184	 18.00
250	 251	 180	 18.00
250	 282	 175	 20.00
251	 252	 230	 24.00
251	 283	 216	 16.00
252	 253	 217	 22.00
252	 284	 195	 21.00
253	 254	 192	 16.00
253	 285	 178	 20.00
254	 255	 193	 19.00
254	 286	 199	 17.00
255	 287	 240	 21.00
256	 257	 232	 24.00
256	 288	 219	 16.00
257	 258	 230	 16.00
257	 289	 163	 19.00
258	 259	 175	 18.00
258	 290	 196	 24.00
259	 260	 193	 22.00
259	 291	 231	 16.00
260	 261	 203	 19.00
260	 292	 202	 23.00
261	 262	 198	 23.00
261	 293	 164	 23.00
262	 263	 195	 20.00
262	 294	 176	 24.00
263	 264	 229	 17.00
263	 295	 166	 19.00
264	 265	 163	 21.00
264	 296	 183	 21.00
265	 266	 208	 24.00
265	 297	 222	 20.00
266	 267	 214	 24.00
266	 298	 167	 20.00
267	 268	 231	 20.00
267	 299	 202	 18.00
268	 269	 174	 22.00
268	 300	 226	 16.00
269	 270	 161	 18.00
269	 301	 196	 18.00
270	 271	 174	 22.00
270	 302	 233	 17.00
271	 272	 162	 21.00
271	 303	 177	 16.00
272	 273	 228	 18.00
272	 304	 238	 24.00
273	 274	 236	 21.00
273	 305	 173	 23.00
274	 275	 219	 24.00
274	 306	 220	 17.00
275	 276	 209	 16.00
275	 307	 204	 20.00
276	 277	 211	 21.00
276	 308	 201	 20.00
277	 278	 220	 24.00
277	 309	 161	 20.00
278	 279	 196	 18.00
278	 310	 215	 24.00
279	 280	 212	 17.00
279	 311	 216	 18.00
280	 281	 239	 18.00
280	 312	 195	 21.00
281	 282	 239	 18.00
281	 313	 211	 16.00
282	 283	 233	 17.00
282	 314	 208	 17.00
283	 284	 191	 24.00
283	 315	 195	 19.00
284	 285	 177	 21.00
284	 316	 224	 20.00
285	 286	 183	 17.00
285	 317	 174	 17.00
286	 287	 181	 16.00
286	 318	 171	 19.00
287	 319	 167	 19.00
288	 289	 227	 20.00
288	 320	 170	 18.00
289	 290	 224	 22.00
289	 321	 172	 20.00
290	 291	 239	 23.00
290	 322	 175	 20.00
291	 292	 193	 21.00
291	 323	 216	 22.00
292	 293	 216	 18.00
292	 324	 197	 18.00
293	 294	 196	 16.00
293	 325	 228	 16.00
294	 295	 210	 23.00
294	 326	 167	 18.00
295	 296	 181	 18.00
295	 327	 198	 21.00
296	 297	 185	 21.00
296	 328	 202	 17.00
297	 298	 167	 24.00
297	 329	 167	 16.00
298	 299	 188	 24.00
298	 330	 168	 20.00
299	 300	 170	 21.00
299	 331	 232	 24.00
300	 301	 218	 16.00
300	 332	 180	 20.00
301	 302	 190	 18.00
301	 333	 202	 22.00
302	 303	 239	 18.00
302	 334	 200	 23.00
303	 304	 199	 18.00
303	 335	 221	 19.00
304	 305	 212	 21.00
304	 336	 229	 21.00
305	 306	 200	 16.00
305	 337	 180	 23.00
306	 307	 197	 24.00
306	 338	 171	 17.00
307	 308	 192	 24.00
307	 339	 196	 22.00
308	 309	 177	 23.00
308	 340	 215	 21.00
309	 310	 212	 24.00
309	 341	 203	 16.00
310	 311	 229	 23.00
310	 342	 201	 23.00
311	 312	 203	 16.00
311	 343	 172	 20.00
312	 313	 223	 19.00
312	 344	 190	 16.00
313	 314	 161	 22.00
313	 345	 182	 22.00
314	 315	 214	 18.00
314	 346	 232	 18.00
315	 316	 234	 21.00
315	 347	 219	 16.00
316	 317	 186	 24.00
316	 348	 213	 19.00
317	 318	 197	 17.00
317	 349	 204	 21.00
318	 319	 210	 24.00
318	 350	 180	 16.00
319	 351	 177	 16.00
320	 321	 165	 23.00
320	 352	 209	 21.00
321	 322	 231	 21.00
321	 353	 168	 19.00
322	 323	 174	 17.00
322	 354	 193	 16.00
323	 324	 193	 18.00
323	 355	 166	 17.00
324	 325	 225	 17.00
324	 356	 205	 21.00
325	 326	 174	 19.00
325	 357	 215	 18.00
326	 327	 186	 24.00
326	 358	 166	 16.00
327	 328	 215	 16.00
327	 359	 233	 16.00
328	 329	 219	 19.00
328	 360	 182	 24.00
329	 330	 164	 20.00
329	 361	 191	 20.00
330	 331	 210	 16.00
330	 362	 194	 23.00
331	 332	 223	 17.00
331	 363	 229	 19.00
332	 333	 205	 19.00
332	 364	 232	 24.00
333	 334	 186	 23.00
333	 365	 220	 17.00
334	 335	 204	 22.00
334	 366	 201	 17.00
335	 336	 160	 16.00
335	 367	 180	 16.00
336	 337	 213	 20.00
336	 368	 193	 16.00
337	 338	 220	 20.00
337	 369	 180	 20.00
338	 339	 171	 18.00
338	 370	 187	 21.00
339	 340	 172	 23.00
339	 371	 191	 23.00
340	 341	 166	 18.00
340	 372	 209	 24.00
341	 342	 209	 22.00
341	 373	 186	 17.00
342	 343	 204	 21.00
342	 374	 235	 20.00
343	 344	 183	 20.00
343	 375	 195	 19.00
344	 345	 167	 18.00
344	 376	 203	 18.00
345	 346	 219	 18.00
345	 377	 209	 19.00
346	 347	 240	 19.00
346	 378	 218	 20.00
347	 348	 164	 19.00
347	 379	 161	 16.00
348	 349	 219	 21.00
348	 380	 191	 22.00
349	 350	 167	 22.00
349	 381	 216	 24.00
350	 351	 196	 21.00
350	 382	 187	 16.00
351	 383	 169	 19.00
352	 353	 229	 19.00
352	 384	 160	 19.00
353	 354	 168	 24.00
353	 385	 229	 23.00
354	 355	 163	 21.00
354	 386	 174	 16.00
355	 356	 199	 18.00
355	 387	 176	 17.00
356	 357	 174	 17.00
356	 388	 177	 23.00
357	 358	 188	 22.00
357	 389	 228	 21.00
358	 359	 180	 22.00
358	 390	 216	 16.00
359	 360	 169	 22.00
359	 391	 213	 19.00
360	 361	 239	 16.00
360	 392	 220	 20.00
361	 362	 184	 21.00
361	 393	 190	 16.00
362	 363	 184	 24.00
362	 394	 199	 19.00
363	 364	 199	 18.00
363	 395	 215	 21.00
364	 365	 191	 23.00
364	 396	 192	 21.00
365	 366	 197	 24.00
365	 397	 199	 22.00
366	 367	 197	 22.00
366	 398	 194	 23.00
367	 368	 207	 20.00
367	 399	 208	 21.00
368	 369	 236	 17.00
368	 400	 185	 20.00
369	 370	 228	 17.00
369	 401	 178	 16.00
370	 371	 215	 20.00
370	 402	 236	 19.00
371	 372	 191	 24.00
371	 403	 215	 19.00
372	 373	 233	 22.00
372	 404	 240	 20.00
373	 374	 207	 16.00
373	 405	 168	 19.00
374	 375	 170	 17.00
374	 406	 204	 23.00
375	 376	 228	 16.00
375	 407	 206	 17.00
376	 377	 208	 16.00
376	 408	 200	 17.00
377	 378	 228	 23.00
377	 409	 216	 19.00
378	 379	 222	 24.00
378	 410	 195	 18.00
379	 380	 228	 16.00
379	 411	 192	 16.00
380	 381	 169	 20.00
380	 412	 236	 18.00
381	 382	 239	 20.00
381	 413	 180	 21.00
382	 383	 202	 17.00
382	 414	 228	 18.00
383	 415	 235	 23.00
384	 385	 182	 20.00
384	 416	 224	 24.00
385	 386	 237	 16.00
385	 417	 177	 20.00
386	 387	 217	 19.00
386	 418	 173	 19.00
387	 388	 198	 23.00
387	 419	 226	 18.00
388	 389	 240	 23.00
388	 420	 195	 21.00
389	 390	 195	 24.00
389	 421	 228	 23.00
390	 391	 173	 19.00
390	 422	 210	 21.00
391	 392	 216	 19.00
391	 423	 188	 22.00
392	 393	 233	 16.00
392	 424	 170	 16.00
393	 394	 199	 22.00
393	 425	 225	 19.00
394	 395	 212	 23.00
394	 426	 175	 17.00
395	 396	 235	 17.00
395	 427	 173	 16.00
396	 397	 173	 20.00
396	 428	 204	 19.00
397	 398	 239	 21.00
397	 429	 177	 18.00
398	 399	 196	 19.00
398	 430	 161	 19.00
399	 400	 233	 20.00
399	 431	 230	 24.00
400	 401	 174	 19.00
400	 432	 184	 21.00
401	 402	 214	 20.00
401	 433	 189	 24.00
402	 403	 235	 19.00
402	 434	 180	 17.00
403	 404	 193	 19.00
403	 435	 176	 23.00
404	 405	 218	 19.00
404	 436	 217	 19.00
405	 406	 185	 21.00
405	 437	 199	 16.00
406	 407	 181	 19.00
406	 438	 238	 17.00
407	 408	 191	 16.00
407	 439	 175	 24.00
408	 409	 226	 20.00
408	 440	 212	 20.00
409	 410	 237	 18.00
409	 441	 161	 17.00
410	 411	 193	 17.00
410	 442	 194	 20.00
411	 412	 227	 17.00
411	 443	 212	 23.00
412	 413	 225	 24.00
412	 444	 191	 20.00
413	 414	 193	 18.00
413	 445	 200	 22.00
414	 415	 227	 20.00
414	 446	 230	 16.00
415	 447	 237	 18.00
416	 417	 160	 24.00
416	 448	 169	 17.00
417	 418	 177	 22.00
417	 449	 235	 19.00
418	 419	 181	 20.00
418	 450	 170	 18.00
419	 420	 192	 16.00
419	 451	 188	 22.00
420	 421	 196	 19.00
420	 452	 217	 22.00
421	 422	 166	 17.00
421	 453	 206	 17.00
422	 423	 236	 23.00
422	 454	 224	 23.00
423	 424	 182	 17.00
423	 455	 213	 19.00
424	 425	 182	 17.00
424	 456	 225	 21.00
425	 426	 167	 24.00
425	 457	 201	 17.00
426	 427	 207	 19.00
426	 458	 200	 24.00
427	 428	 166	 22.00
427	 459	 223	 16.00
428	 429	 207	 20.00
428	 460	 177	 19.00
429	 430	 240	 16.00
429	 461	 186	 17.00
430	 431	 199	 22.00
430	 462	 191	 23.00
431	 432	 185	 19.00
431	 463	 220	 24.00
432	 433	 233	 23.00
432	 464	 175	 16.00
433	 434	 202	 16.00
433	 465	 191	 17.00
434	 435	 177	 21.00
434	 466	 200	 22.00
435	 436	 233	 24.00
435	 467	 192	 22.00
436	 437	 237	 20.00
436	 468	 166	 22.00
437	 438	 201	 20.00
437	 469	 203	 18.00
438	 439	 212	 17.00
438	 470	 188	 16.00
439	 440	 185	 22.00
439	 471	 227	 24.00
440	 441	 171	 22.00
440	 472	 161	 24.00
441	 442	 194	 21.00
441	 473	 237	 19.00
442	 443	 192	 17.00
442	 474	 165	 16.00
443	 444	 163	 20.00
443	 475	 207	 17.00
444	 445	 219	 16.00
444	 476	 212	 23.00
445	 446	 208	 24.00
445	 477	 174	 17.00
446	 447	 177	 24.00
446	 478	 191	 17.00
447	 479	 220	 24.00
448	 449	 175	 22.00
448	 480	 173	 24.00
449	 450	 208	 24.00
449	 481	 231	 17.00
450	 451	 239	 19.00
450	 482	 213	 21.00
451	 452	 222	 22.00
451	 483	 222	 23.00
452	 453	 163	 17.00
452	 484	 203	 16.00
453	 454	 179	 23.00
453	 485	 227	 21.00
454	 455	 170	 20.00
454	 486	 201	 23.00
455	 456	 188	 24.00
455	 487	 176	 23.00
456	 457	 230	 22.00
456	 488	 208	 24.00
457	 458	 187	 22.00
457	 489	 209	 17.00
458	 459	 231	 20.00
458	 490	 200	 23.00
459	 460	 168	 22.00
459	 491	 196	 21.00
460	 461	 227	 19.00
460	 492	 190	 19.00
461	 462	 212	 24.00
461	 493	 160	 21.00
462	 463	 200	 18.00
462	 494	 179	 19.00
463	 464	 235	 18.00
463	 495	 228	 24.00
464	 465	 226	 23.00
464	 496	 226	 23.00
465	 466	 240	 17.00
465	 497	 188	 17.00
466	 467	 195	 22.00
466	 498	 226	 16.00
467	 468	 210	 16.00
467	 499	 175	 23.00
468	 469	 207	 24.00
468	 500	 172	 21.00
469	 470	 220	 24.00
469	 501	 202	 24.00
470	 471	 172	 19.00
470	 502	 192	 17.00
471	 472	 196	 20.00
471	 503	 174	 23.00
472	 473	 212	 21.00
472	 504	 176	 24.00
473	 474	 240	 19.00
473	 505	 171	 17.00
474	 475	 166	 20.00
474	 506	 187	 16.00
475	 476	 228	 24.00
475	 507	 174	 16.00
476	 477	 232	 23.00
476	 508	 217	 18.00
477	 478	 234	 17.00
477	 509	 197	 22.00
478	 479	 219	 17.00
478	 510	 202	 20.00
479	 511	 175	 24.00
480	 481	 210	 24.00
480	 512	 176	 18.00
481	 482	 161	 16.00
481	 513	 212	 20.00
482	 483	 164	 20.00
482	 514	 172	 17.00
483	 484	 177	 24.00
483	 515	 224	 23.00
484	 485	 218	 17.00
484	 516	 237	 21.00
485	 486	 171	 24.00
485	 517	 161	 20.00
486	 487	 195	 21.00
486	 518	 209	 22.00
487	 488	 230	 23.00
487	 519	 240	 23.00
488	 489	 187	 22.00
488	 520	 213	 21.00
489	 490	 228	 19.00
489	 521	 229	 24.00
490	 491	 231	 24.00
490	 522	 209	 22.00
491	 492	 196	 19.00
491	 523	 211	 17.00
492	 493	 183	 19.00
492	 524	 227	 20.00
493	 494	 206	 16.00
493	 525	 196	 24.00
494	 495	 223	 22.00
494	 526	 202	 23.00
495	 496	 218	 18.00
495	 527	 180	 24.00
496	 497	 172	 18.00
496	 528	 231	 18.00
497	 498	 179	 19.00
497	 529	 206	 19.00
498	 499	 240	 23.00
498	 530	 228	 22.00
499	 500	 201	 17.00
499	 531	 236	 21.00
500	 501	 205	 20.00
500	 532	 189	 17.00
501	 502	 199	 22.00
501	 533	 210	 21.00
502	 503	 162	 19.00
502	 534	 182	 24.00
503	 504	 174	 16.00
503	 535	 220	 16.00
504	 505	 198	 24.00
504	 536	 171	 20.00
505	 506	 165	 17.00
505	 537	 173	 17.00
506	 507	 194	 23.00
506	 538	 226	 18.00
507	 508	 178	 22.00
507	 539	 225	 17.00
508	 509	 177	 20.00
508	 540	 203	 20.00
509	 510	 174	 17.00
509	 541	 237	 21.00
510	 511	 176	 20.00
510	 542	 213	 16.00
511	 543	 223	 18.00
512	 513	 228	 23.00
512	 544	 194	 20.00
513	 514	 229	 16.00
513	 545	 210	 16.00
514	 515	 208	 20.00
514	 546	 230	 24.00
515	 516	 197	 20.00
515	 547	 223	 22.00
516	 517	 189	 21.00
516	 548	 175	 17.00
517	 518	 220	 19.00
517	 549	 230	 21.00
518	 519	 194	 21.00
518	 550	 166	 17.00
519	 520	 169	 23.00
519	 551	 190	 23.00
520	 521	 197	 22.00
520	 552	 217	 18.00
521	 522	 215	 19.00
521	 553	 171	 24.00
522	 523	 187	 16.00
522	 554	 211	 22.00
523	 524	 184	 21.00
523	 555	 221	 19.00
524	 525	 180	 19.00
524	 556	 204	 17.00
525	 526	 210	 23.00
525	 557	 224	 16.00
526	 527	 239	 23.00
526	 558	 165	 17.00
527	 528	 231	 21.00
527	 559	 188	 19.00
528	 529	 202	 23.00
528	 560	 172	 22.00
529	 530	 179	 24.00
529	 561	 177	 24.00
530	 531	 183	 19.00
530	 562	 217	 22.00
531	 532	 175	 17.00
531	 563	 174	 17.00
532	 533	 174	 21.00
532	 564	 194	 24.00
533	 534	 237	 16.00
533	 565	 197	 17.00
534	 535	 166	 19.00
534	 566	 216	 21.00
535	 536	 194	 22.00
535	 567	 183	 16.00
536	 537	 191	 20.00
536	 568	 223	 17.00
537	 538	 210	 16.00
537	 569	 180	 23.00
538	 539	 240	 18.00
538	 570	 169	 21.00
539	 540	 221	 23.00
539	 571	 194	 17.00
540	 541	 178	 23.00
540	 572	 173	 17.00
541	 542	 189	 20.00
541	 573	 176	 17.00
542	 543	 177	 23.00
542	 574	 166	 24.00
543	 575	 160	 20.00
544	 545	 184	 19.00
544	 576	 204	 18.00
545	 546	 217	 23.00
545	 577	 234	 21.00
546	 547	 170	 20.00
546	 578	 197	 21.00
547	 548	 171	 22.00
547	 579	 237	 17.00
548	 549	 218	 22.00
548	 580	 170	 20.00
549	 550	 219	 16.00
549	 581	 226	 24.00
550	 551	 230	 19.00
550	 582	 194	 20.00
551	 552	 202	 23.00
551	 583	 173	 21.00
552	 553	 232	 22.00
552	 584	 234	 23.00
553	 554	 221	 20.00
553	 585	 233	 21.00
554	 555	 212	 19.00
554	 586	 210	 23.00
555	 556	 174	 18.00
555	 587	 231	 18.00
556	 557	 221	 21.00
556	 588	 209	 21.00
557	 558	 177	 17.00
557	 589	 196	 21.00
558	 559	 176	 23.00
558	 590	 178	 19.00
559	 560	 164	 23.00
559	 591	 174	 21.00
560	 561	 234	 23.00
560	 592	 234	 17.00
561	 562	 187	 21.00
561	 593	 168	 23.00
562	 563	 231	 17.00
562	 594	 207	 22.00
563	 564	 217	 22.00
563	 595	 238	 16.00
564	 565	 170	 16.00
564	 596	 193	 16.00
565	 566	 230	 19.00
565	 597	 213	 23.00
566	 567	 217	 22.00
566	 598	 166	 24.00
567	 568	 179	 20.00
567	 599	 210	 21.00
568	 569	 166	 16.00
568	 600	 168	 17.00
569	 570	 198	 22.00
569	 601	 229	 22.00
570	 571	 232	 19.00
570	 602	 190	 16.00
571	 572	 231	 16.00
571	 603	 235	 24.00
572	 573	 216	 20.00
572	 604	 175	 23.00
573	 574	 163	 17.00
573	 605	 171	 19.00
574	 575	 197	 21.00
574	 606	 172	 21.00
575	 607	 221	 24.00
576	 577	 186	 22.00
576	 608	 202	 21.00
577	 578	 196	 16.00
577	 609	 192	 16.00
578	 579	 217	 19.00
578	 610	 171	 21.00
579	 580	 162	 18.00
579	 611	 164	 18.00
580	 581	 214	 17.00
580	 612	 188	 16.00
581	 582	 223	 19.00
581	 613	 182	 18.00
582	 583	 193	 20.00
582	 614	 177	 24.00
583	 584	 236	 16.00
583	 615	 200	 20.00
584	 585	 185	 23.00
584	 616	 184	 22.00
585	 586	 232	 18.00
585	 617	 238	 24.00
586	 587	 239	 20.00
586	 618	 232	 23.00
587	 588	 215	 20.00
587	 619	 172	 19.00
588	 589	 237	 19.00
588	 620	 186	 18.00
589	 590	 193	 24.00
589	 621	 222	 23.00
590	 591	 208	 20.00
590	 622	 227	 24.00
591	 592	 203	 18.00
591	 623	 162	 18.00
592	 593	 239	 22.00
592	 624	 184	 20.00
593	 594	 209	 24.00
593	 625	 172	 16.00
594	 595	 225	 21.00
594	 626	 186	 19.00
595	 596	 189	 16.00
595	 627	 175	 20.00
596	 597	 183	 17.00
596	 628	 217	 21.00
597	 598	 189	 17.00
597	 629	 181	 19.00
598	 599	 181	 24.00
598	 630	 233	 21.00
599	 600	 203	 24.00
599	 631	 193	 21.00
600	 601	 233	 22.00
600	 632	 231	 16.00
601	 602	 239	 17.00
601	 633	 168	 17.00
602	 603	 209	 22.00
602	 634	 210	 20.00
603	 604	 178	 19.00
603	 635	 239	 24.00
604	 605	 227	 21.00
604	 636	 198	 22.00
605	 606	 238	 21.00
605	 637	 222	 23.00
606	 607	 174	 19.00
606	 638	 200	 18.00
607	 639	 168	 20.00
608	 609	 203	 17.00
608	 640	 207	 19.00
609	 610	 177	 18.00
609	 641	 176	 21.00
610	 611	 201	 21.00
610	 642	 194	 21.00
611	 612	 218	 17.00
611	 643	 229	 20.00
612	 613	 227	 22.00
612	 644	 176	 18.00
613	 614	 166	 22.00
613	 645	 239	 20.00
614	 615	 227	 24.00
614	 646	 181	 22.00
615	 616	 162	 23.00
615	 647	 186	 24.00
616	 617	 219	 23.00
616	 648	 203	 22.00
617	 618	 190	 22.00
617	 649	 177	 24.00
618	 619	 188	 21.00
618	 650	 179	 21.00
619	 620	 197	 17.00
619	 651	 194	 16.00
620	 621	 184	 16.00
620	 652	 166	 24.00
621	 622	 224	 18.00
621	 653	 183	 21.00
622	 623	 172	 17.00
622	 654	 192	 22.00
623	 624	 185	 24.00
623	 655	 227	 24.00
624	 625	 211	 20.00
624	 656	 178	 24.00
625	 626	 190	 20.00
625	 657	 178	 21.00
626	 627	 211	 21.00
626	 658	 175	 22.00
627	 628	 214	 19.00
627	 659	 202	 24.00
628	 629	 195	 22.00
628	 660	 207	 20.00
629	 630	 180	 17.00
629	 661	 176	 16.00
630	 631	 212	 22.00
630	 662	 209	 22.00
631	 632	 205	 22.00
631	 663	 188	 16.00
632	 633	 237	 23.00
632	 664	 229	 21.00
633	 634	 207	 16.00
633	 665	 219	 23.00
634	 635	 163	 20.00
634	 666	 175	 21.00
635	 636	 199	 22.00
635	 667	 194	 23.00
636	 637	 210	 16.00
636	 668	 163	 20.00
637	 638	 168	 22.00
637	 669	 166	 18.00
638	 639	 188	 20.00
638	 670	 216	 24.00
639	 671	 233	 21.00
640	 641	 240	 24.00
640	 672	 207	 18.00
641	 642	 189	 21.00
641	 673	 219	 16.00
642	 643	 237	 22.00
642	 674	 238	 22.00
643	 644	 198	 22.00
643	 675	 198	 21.00
644	 645	 219	 21.00
644	 676	 219	 19.00
645	 646	 198	 21.00
645	 677	 218	 23.00
646	 647	 230	 24.00
646	 678	 187	 18.00
647	 648	 223	 22.00
647	 679	 228	 18.00
648	 649	 160	 21.00
648	 680	 233	 22.00
649	 650	 235	 16.00
649	 681	 161	 23.00
650	 651	 237	 18.00
650	 682	 228	 24.00
651	 652	 201	 17.00
651	 683	 201	 21.00
652	 653	 175	 24.00
652	 684	 226	 22.00
653	 654	 222	 22.00
653	 685	 200	 21.00
654	 655	 230	 20.00
654	 686	 232	 21.00
655	 656	 172	 22.00
655	 687	 178	 19.00
656	 657	 167	 17.00
656	 688	 174	 16.00
657	 658	 165	 23.00
657	 689	 235	 23.00
658	 659	 236	 16.00
658	 690	 178	 17.00
659	 660	 198	 19.00
659	 691	 160	 20.00
660	 661	 201	 19.00
660	 692	 212	 19.00
661	 662	 201	 22.00
661	 693	 174	 20.00
662	 663	 205	 23.00
662	 694	 160	 17.00
663	 664	 197	 22.00
663	 695	 228	 17.00
664	 665	 194	 22.00
664	 696	 209	 16.00
665	 666	 238	 19.00
665	 697	 200	 18.00
666	 667	 160	 24.00
666	 698	 193	 17.00
667	 668	 196	 23.00
667	 699	 211	 19.00
668	 669	 194	 23.00
668	 700	 161	 18.00
669	 670	 208	 22.00
669	 701	 232	 22.00
670	 671	 224	 24.00
670	 702	 219	 19.00
671	 703	 204	 20.00
672	 673	 227	 16.00
672	 704	 223	 23.00
673	 674	 170	 19.00
673	 705	 216	 16.00
674	 675	 198	 18.00
674	 706	 233	 24.00
675	 676	 223	 21.00
675	 707	 166	 18.00
676	 677	 160	 19.00
676	 708	 214	 18.00
677	 678	 195	 19.00
677	 709	 210	 24.00
678	 679	 170	 19.00
678	 710	 168	 23.00
679	 680	 223	 22.00
679	 711	 213	 17.00
680	 681	 225	 17.00
680	 712	 196	 23.00
681	 682	 227	 23.00
681	 713	 160	 20.00
682	 683	 204	 16.00
682	 714	 227	 19.00
683	 684	 232	 17.00
683	 715	 163	 21.00
684	 685	 213	 16.00
684	 716	 240	 23.00
685	 686	 203	 18.00
685	 717	 163	 23.00
686	 687	 229	 18.00
686	 718	 229	 24.00
687	 688	 236	 19.00
687	 719	 165	 24.00
688	 689	 176	 22.00
688	 720	 170	 21.00
689	 690	 228	 23.00
689	 721	 195	 20.00
690	 691	 235	 19.00
690	 722	 235	 19.00
691	 692	 231	 17.00
691	 723	 200	 16.00
692	 693	 196	 18.00
692	 724	 178	 21.00
693	 694	 205	 17.00
693	 725	 205	 24.00
694	 695	 226	 23.00
694	 726	 209	 22.00
695	 696	 183	 22.00
695	 727	 207	 17.00
696	 697	 225	 22.00
696	 728	 213	 23.00
697	 698	 207	 22.00
697	 729	 226	 24.00
698	 699	 201	 20.00
698	 730	 199	 23.00
699	 700	 207	 17.00
699	 731	 165	 19.00
700	 701	 214	 16.00
700	 732	 170	 19.00
701	 702	 194	 18.00
701	 733	 203	 17.00
702	 703	 219	 19.00
702	 734	 221	 21.00
703	 735	 234	 21.00
704	 705	 163	 19.00
704	 736	 231	 16.00
705	 706	 228	 22.00
705	 737	 238	 16.00
706	 707	 173	 21.00
706	 738	 180	 23.00
707	 708	 220	 17.00
707	 739	 238	 21.00
708	 709	 205	 20.00
708	 740	 197	 17.00
709	 710	 160	 19.00
709	 741	 176	 18.00
710	 711	 216	 16.00
710	 742	 176	 18.00
711	 712	 191	 19.00
711	 743	 168	 20.00
712	 713	 174	 17.00
712	 744	 202	 22.00
713	 714	 160	 17.00
713	 745	 210	 24.00
714	 715	 188	 18.00
714	 746	 191	 17.00
715	 716	 234	 18.00
715	 747	 165	 19.00
716	 717	 169	 19.00
716	 748	 236	 22.00
717	 718	 218	 19.00
717	 749	 205	 21.00
718	 719	 200	 24.00
718	 750	 212	 19.00
719	 720	 196	 17.00
719	 751	 183	 23.00
720	 721	 161	 20.00
720	 752	 182	 19.00
721	 722	 235	 23.00
721	 753	 190	 20.00
722	 723	 196	 23.00
722	 754	 166	 19.00
723	 724	 189	 16.00
723	 755	 170	 24.00
724	 725	 201	 16.00
724	 756	 204	 17.00
725	 726	 206	 20.00
725	 757	 227	 22.00
726	 727	 178	 24.00
726	 758	 238	 16.00
727	 728	 202	 23.00
727	 759	 200	 23.00
728	 729	 220	 20.00
728	 760	 163	 22.00
729	 730	 163	 24.00
729	 761	 164	 23.00
730	 731	 233	 24.00
730	 762	 237	 22.00
731	 732	 182	 23.00
731	 763	 206	 16.00
732	 733	 232	 17.00
732	 764	 212	 17.00
733	 734	 196	 22.00
733	 765	 164	 22.00
734	 735	 188	 20.00
734	 766	 238	 16.00
735	 767	 169	 21.00
736	 737	 234	 22.00
736	 768	 193	 24.00
737	 738	 206	 19.00
737	 769	 211	 17.00
738	 739	 179	 16.00
738	 770	 219	 19.00
739	 740	 234	 22.00
739	 771	 162	 21.00
740	 741	 233	 24.00
740	 772	 176	 23.00
741	 742	 233	 19.00
741	 773	 220	 18.00
742	 743	 180	 16.00
742	 774	 173	 24.00
743	 744	 218	 20.00
743	 775	 187	 23.00
744	 745	 192	 23.00
744	 776	 176	 19.00
745	 746	 209	 22.00
745	 777	 212	 20.00
746	 747	 167	 22.00
746	 778	 195	 16.00
747	 748	 185	 21.00
747	 779	 237	 17.00
748	 749	 221	 17.00
748	 780	 202	 24.00
749	 750	 202	 16.00
749	 781	 182	 19.00
750	 751	 217	 19.00
750	 782	 210	 17.00
751	 752	 222	 24.00
751	 783	 181	 17.00
752	 753	 230	 16.00
752	 784	 220	 17.00
753	 754	 172	 16.00
753	 785	 192	 20.00
754	 755	 238	 16.00
754	 786	 210	 21.00
755	 756	 231	 22.00
755	 787	 230	 24.00
756	 757	 234	 21.00
756	 788	 225	 24.00
757	 758	 238	 22.00
757	 789	 240	 22.00
758	 759	 183	 24.00
758	 790	 210	 22.00
759	 760	 163	 17.00
759	 791	 198	 17.00
760	 761	 204	 19.00
760	 792	 224	 17.00
761	 762	 218	 23.00
761	 793	 191	 21.00
762	 763	 185	 17.00
762	 794	 181	 22.00
763	 764	 218	 16.00
763	 795	 167	 21.00
764	 765	 191	 24.00
764	 796	 179	 18.00
765	 766	 175	 20.00
765	 797	 225	 23.00
766	 767	 169	 21.00
766	 798	 210	 23.00
767	 799	 233	 22.00
768	 769	 164	 24.00
768	 800	 169	 23.00
769	 770	 236	 21.00
769	 801	 171	 18.00
770	 771	 162	 16.00
770	 802	 176	 17.00
771	 772	 200	 16.00
771	 803	 190	 24.00
772	 773	 206	 18.00
772	 804	 172	 23.00
773	 774	 179	 21.00
773	 805	 237	 20.00
774	 775	 215	 21.00
774	 806	 222	 17.00
775	 776	 166	 20.00
775	 807	 204	 17.00
776	 777	 216	 17.00
776	 808	 201	 24.00
777	 778	 238	 16.00
777	 809	 212	 19.00
778	 779	 177	 16.00
778	 810	 197	 17.00
779	 780	 230	 22.00
779	 811	 215	 16.00
780	 781	 168	 16.00
780	 812	 200	 20.00
781	 782	 167	 20.00
781	 813	 197	 23.00
782	 783	 204	 18.00
782	 814	 213	 18.00
783	 784	 239	 17.00
783	 815	 204	 24.00
784	 785	 198	 17.00
784	 816	 180	 21.00
785	 786	 163	 16.00
785	 817	 189	 17.00
786	 787	 239	 19.00
786	 818	 189	 23.00
787	 788	 202	 24.00
787	 819	 163	 19.00
788	 789	 172	 17.00
788	 820	 179	 21.00
789	 790	 215	 16.00
789	 821	 224	 19.00
790	 791	 191	 21.00
790	 822	 170	 21.00
791	 792	 218	 16.00
791	 823	 191	 18.00
792	 793	 167	 17.00
792	 824	 198	 16.00
793	 794	 199	 19.00
793	 825	 232	 21.00
794	 795	 216	 21.00
794	 826	 205	 19.00
795	 796	 198	 21.00
795	 827	 206	 22.00
796	 797	 168	 22.00
796	 828	 192	 17.00
797	 798	 186	 17.00
797	 829	 232	 18.00
798	 799	 169	 18.00
798	 830	 230	 20.00
799	 831	 235	 16.00
800	 801	 239	 18.00
800	 832	 177	 22.00
801	 802	 165	 17.00
801	 833	 237	 24.00
802	 803	 205	 19.00
802	 834	 237	 22.00
803	 804	 210	 17.00
803	 835	 201	 21.00
804	 805	 191	 21.00
804	 836	 195	 21.00
805	 806	 211	 21.00
805	 837	 202	 18.00
806	 807	 175	 16.00
806	 838	 227	 18.00
807	 808	 206	 21.00
807	 839	 198	 21.00
808	 809	 207	 19.00
808	 840	 202	 20.00
809	 810	 240	 16.00
809	 841	 184	 20.00
810	 811	 217	 19.00
810	 842	 215	 23.00
811	 812	 234	 23.00
811	 843	 169	 19.00
812	 813	 233	 22.00
812	 844	 202	 18.00
813	 814	 215	 23.00
813	 845	 165	 20.00
814	 815	 190	 19.00
814	 846	 160	 22.00
815	 816	 171	 16.00
815	 847	 167	 24.00
816	 817	 185	 19.00
816	 848	 180	 17.00
817	 818	 224	 19.00
817	 849	 176	 22.00
818	 819	 162	 18.00
818	 850	 199	 24.00
819	 820	 228	 16.00
819	 851	 167	 20.00
820	 821	 202	 19.00
820	 852	 230	 24.00
821	 822	 163	 16.00
821	 853	 235	 21.00
822	 823	 166	 24.00
822	 854	 169	 16.00
823	 824	 204	 19.00
823	 855	 167	 23.00
824	 825	 185	 18.00
824	 856	 167	 22.00
825	 826	 182	 24.00
825	 857	 209	 22.00
826	 827	 172	 19.00
826	 858	 228	 20.00
827	 828	 203	 18.00
827	 859	 162	 24.00
828	 829	 199	 19.00
828	 860	 237	 17.00
829	 830	 175	 24.00
829	 861	 160	 17.00
830	 831	 233	 18.00
830	 862	 182	 20.00
831	 863	 202	 19.00
832	 833	 178	 24.00
832	 864	 240	 23.00
833	 834	 183	 18.00
833	 865	 179	 16.00
834	 835	 177	 16.00
834	 866	 239	 18.00
835	 836	 183	 16.00
835	 867	 214	 21.00
836	 837	 218	 16.00
836	 868	 192	 21.00
837	 838	 182	 19.00
837	 869	 189	 21.00
838	 839	 226	 17.00
838	 870	 178	 20.00
839	 840	 165	 23.00
839	 871	 224	 17.00
840	 841	 199	 17.00
840	 872	 209	 24.00
841	 842	 205	 16.00
841	 873	 222	 22.00
842	 843	 196	 18.00
842	 874	 236	 18.00
843	 844	 199	 17.00
843	 875	 175	 21.00
844	 845	 222	 20.00
844	 876	 185	 19.00
845	 846	 186	 16.00
845	 877	 193	 19.00
846	 847	 182	 19.00
846	 878	 228	 19.00
847	 848	 240	 19.00
847	 879	 232	 22.00
848	 849	 238	 19.00
848	 880	 199	 17.00
849	 850	 222	 19.00
849	 881	 203	 24.00
850	 851	 202	 20.00
850	 882	 223	 23.00
851	 852	 233	 23.00
851	 883	 165	 18.00
852	 853	 198	 18.00
852	 884	 169	 24.00
853	 854	 174	 19.00
853	 885	 185	 18.00
854	 855	 191	 18.00
854	 886	 200	 22.00
855	 856	 173	 23.00
855	 887	 183	 16.00
856	 857	 185	 16.00
856	 888	 217	 17.00
857	 858	 205	 24.00
857	 889	 186	 18.00
858	 859	 197	 20.00
858	 890	 170	 23.00
859	 860	 220	 23.00
859	 891	 196	 21.00
860	 861	 201	 20.00
860	 892	 173	 17.00
861	 862	 187	 17.00
861	 893	 214	 20.00
862	 863	 163	 23.00
862	 894	 183	 23.00
863	 895	 220	 19.00
864	 865	 183	 22.00
864	 896	 211	 19.00
865	 866	 180	 19.00
865	 897	 190	 20.00
866	 867	 168	 23.00
866	 898	 162	 19.00
867	 868	 160	 20.00
867	 899	 162	 20.00
868	 869	 169	 21.00
868	 900	 180	 24.00
869	 870	 174	 16.00
869	 901	 186	 16.00
870	 871	 225	 23.00
870	 902	 196	 23.00
871	 872	 170	 21.00
871	 903	 185	 23.00
872	 873	 179	 20.00
872	 904	 200	 24.00
873	 874	 206	 16.00
873	 905	 237	 23.00
874	 875	 193	 23.00
874	 906	 216	 21.00
875	 876	 193	 21.00
875	 907	 197	 16.00
876	 877	 163	 18.00
876	 908	 187	 20.00
877	 878	 215	 18.00
877	 909	 221	 18.00
878	 879	 166	 19.00
878	 910	 238	 20.00
879	 880	 199	 16.00
879	 911	 200	 16.00
880	 881	 169	 24.00
880	 912	 221	 19.00
881	 882	 192	 21.00
881	 913	 212	 16.00
882	 883	 197	 18.00
882	 914	 224	 22.00
883	 884	 213	 19.00
883	 915	 170	 23.00
884	 885	 222	 17.00
884	 916	 216	 17.00
885	 886	 216	 23.00
885	 917	 180	 21.00
886	 887	 204	 20.00
886	 918	 219	 17.00
887	 888	 208	 17.00
887	 919	 195	 17.00
888	 889	 168	 20.00
888	 920	 187	 21.00
889	 890	 233	 17.00
889	 921	 222	 18.00
890	 891	 176	 19.00
890	 922	 188	 16.00
891	 892	 193	 18.00
891	 923	 184	 20.00
892	 893	 161	 18.00
892	 924	 236	 24.00
893	 894	 170	 17.00
893	 925	 188	 21.00
894	 895	 192	 17.00
894	 926	 220	 18.00
895	 927	 167	 20.00
896	 897	 229	 18.00
896	 928	 194	 20.00
897	 898	 168	 18.00
897	 929	 176	 23.00
898	 899	 176	 22.00
898	 930	 207	 21.00
899	 900	 217	 21.00
899	 931	 223	 18.00
900	 901	 160	 23.00
900	 932	 170	 23.00
901	 902	 208	 20.00
901	 933	 173	 23.00
902	 903	 216	 20.00
902	 934	 195	 23.00
903	 904	 172	 20.00
903	 935	 207	 21.00
904	 905	 196	 23.00
904	 936	 207	 20.00
905	 906	 175	 24.00
905	 937	 220	 21.00
906	 907	 189	 17.00
906	 938	 182	 24.00
907	 908	 233	 17.00
907	 939	 181	 22.00
908	 909	 206	 23.00
908	 940	 213	 20.00
909	 910	 190	 23.00
909	 941	 197	 19.00
910	 911	 195	 16.00
910	 942	 214	 16.00
911	 912	 194	 19.00
911	 943	 234	 19.00
912	 913	 231	 17.00
912	 944	 167	 18.00
913	 914	 228	 22.00
913	 945	 228	 20.00
914	 915	 166	 17.00
914	 946	 164	 24.00
915	 916	 184	 23.00
915	 947	 183	 19.00
916	 917	 210	 19.00
916	 948	 172	 22.00
917	 918	 216	 16.00
917	 949	 171	 17.00
918	 919	 218	 24.00
918	 950	 175	 16.00
919	 920	 188	 24.00
919	 951	 200	 24.00
920	 921	 227	 16.00
920	 952	 173	 19.00
921	 922	 182	 17.00
921	 953	 223	 16.00
922	 923	 186	 21.00
922	 954	 189	 19.00
923	 924	 163	 23.00
923	 955	 164	 20.00
924	 925	 193	 24.00
924	 956	 240	 23.00
925	 926	 191	 20.00
925	 957	 208	 19.00
926	 927	 217	 23.00
926	 958	 220	 18.00
927	 959	 187	 18.00
928	 929	 162	 23.00
928	 960	 209	 18.00
929	 930	 171	 19.00
929	 961	 221	 22.00
930	 931	 172	 19.00
930	 962	 234	 16.00
931	 932	 179	 22.00
931	 963	 198	 23.00
932	 933	 227	 19.00
932	 964	 174	 22.00
933	 934	 161	 23.00
933	 965	 187	 20.00
934	 935	 170	 17.00
934	 966	 166	 16.00
935	 936	 218	 23.00
935	 967	 180	 20.00
936	 937	 169	 17.00
936	 968	 236	 22.00
937	 938	 205	 21.00
937	 969	 202	 18.00
938	 939	 239	 22.00
938	 970	 236	 17.00
939	 940	 235	 17.00
939	 971	 222	 24.00
940	 941	 206	 19.00
940	 972	 176	 17.00
941	 942	 223	 17.00
941	 973	 236	 22.00
942	 943	 238	 22.00
942	 974	 161	 22.00
943	 944	 214	 23.00
943	 975	 202	 18.00
944	 945	 181	 20.00
944	 976	 162	 19.00
945	 946	 160	 21.00
945	 977	 234	 20.00
946	 947	 179	 22.00
946	 978	 178	 16.00
947	 948	 180	 16.00
947	 979	 227	 18.00
948	 949	 224	 20.00
948	 980	 219	 19.00
949	 950	 163	 21.00
949	 981	 173	 23.00
950	 951	 179	 24.00
950	 982	 221	 18.00
951	 952	 219	 17.00
951	 983	 199	 22.00
952	 953	 227	 19.00
952	 984	 180	 16.00
953	 954	 178	 19.00
953	 985	 212	 23.00
954	 955	 170	 16.00
954	 986	 186	 24.00
955	 956	 218	 23.00
955	 987	 228	 19.00
956	 957	 222	 23.00
956	 988	 165	 23.00
957	 958	 206	 17.00
957	 989	 186	 24.00
958	 959	 234	 22.00
958	 990	 163	 24.00
959	 991	 220	 24.00
960	 961	 177	 24.00
960	 992	 172	 18.00
961	 962	 190	 20.00
961	 993	 175	 17.00
962	 963	 167	 18.00
962	 994	 233	 22.00
963	 964	 217	 22.00
963	 995	 239	 19.00
964	 965	 174	 20.00
964	 996	 184	 19.00
965	 966	 197	 21.00
965	 997	 193	 21.00
966	 967	 202	 22.00
966	 998	 238	 24.00
967	 968	 170	 23.00
967	 999	 214	 23.00
968	 969	 238	 20.00
968	 1000	 230	 23.00
969	 970	 170	 23.00
969	 1001	 232	 16.00
970	 971	 164	 19.00
970	 1002	 174	 19.00
971	 972	 229	 24.00
971	 1003	 184	 23.00
972	 973	 213	 21.00
972	 1004	 197	 23.00
973	 974	 186	 16.00
973	 1005	 215	 24.00
974	 975	 164	 23.00
974	 1006	 203	 17.00
975	 976	 176	 20.00
975	 1007	 204	 23.00
976	 977	 197	 20.00
976	 1008	 201	 24.00
977	 978	 237	 21.00
977	 1009	 166	 23.00
978	 979	 233	 19.00
978	 1010	 189	 22.00
979	 980	 225	 21.00
979	 1011	 163	 24.00
980	 981	 215	 18.00
980	 1012	 180	 16.00
981	 982	 233	 17.00
981	 1013	 167	 20.00
982	 983	 163	 19.00
982	 1014	 230	 17.00
983	 984	 166	 24.00
983	 1015	 173	 16.00
984	 985	 195	 16.00
984	 1016	 211	 17.00
985	 986	 171	 21.00
985	 1017	 162	 20.00
986	 987	 198	 20.00
986	 1018	 189	 16.00
987	 988	 206	 23.00
987	 1019	 185	 23.00
988	 989	 238	 23.00
988	 1020	 209	 24.00
989	 990	 166	 23.00
989	 1021	 163	 24.00
990	 991	 187	 24.00
990	 1022	 164	 19.00
991	 1023	 166	 18.00
992	 993	 229	 21.00
993	 994	 164	 21.00
994	 995	 202	 19.00
995	 996	 162	 16.00
996	 997	 220	 23.00
997	 998	 172	 16.00
998	 999	 195	 18.00
999	 1000	 177	 21.00
1000	 1001	 184	 24.00
1001	 1002	 207	 16.00
1002	 1003	 180	 20.00
1003	 1004	 222	 19.00
1004	 1005	 209	 24.00
1005	 1006	 210	 18.00
1006	 1007	 240	 17.00
1007	 1008	 240	 23.00
1008	 1009	 177	 20.00
1009	 1010	 217	 21.00
1010	 1011	 233	 24.00
1011	 1012	 161	 16.00
1012	 1013	 188	 17.00
1013	 1014	 183	 19.00
1014	 1015	 213	 20.00
1015	 1016	 184	 21.00
1016	 1017	 229	 16.00
1017	 1018	 225	 19.00
1018	 1019	 197	 22.00
1019	 1020	 183	 21.00
1020	 1021	 200	 21.00
1021	 1022	 178	 17.00
1022	 1023	 162	 24.00
