1024	1984	20	0.30

-10	 -11	 0
142	 13	 0
174	 -30	 0
309	 -7	 0
441	 6	 0
492	 7	 0
601	 18	 0
731	 43	 7
810	 16	 7
932	 0	 7
985	 -28	 7
1071	 32	 7
1228	 36	 7
1269	 22	 7
1382	 5	 7
1532	 12	 5
1570	 0	 5
1721	 -31	 5
1770	 20	 5
1893	 4	 5
2000	 -36	 5
2137	 0	 5
2165	 -20	 5
2325	 8	 3
2387	 9	 3
2513	 4	 3
2572	 -3	 3
2674	 -23	 3
2821	 -9	 3
2913	 7	 3
2998	 -9	 3
3083	 -9	 3
7	 136	 0
82	 100	 0
204	 105	 0
334	 84	 0
399	 117	 0
513	 97	 0
586	 119	 0
689	 133	 0
806	 81	 7
860	 106	 7
1000	 74	 7
1124	 117	 7
1174	 92	 7
1294	 117	 7
1393	 77	 7
1497	 83	 5
1628	 109	 5
1674	 77	 5
1791	 130	 5
1888	 64	 5
2036	 141	 5
2076	 111	 5
2164	 72	 5
2296	 121	 3
2409	 88	 3
2505	 90	 3
2566	 124	 3
2692	 103	 3
2779	 73	 3
2882	 78	 3
3019	 76	 3
3107	 120	 3
37	 208	 0
98	 231	 0
192	 181	 0
294	 202	 0
372	 186	 0
528	 195	 0
597	 192	 0
686	 218	 0
814	 169	 0
881	 165	 7
955	 230	 7
1087	 200	 7
1193	 220	 7
1308	 174	 7
1379	 208	 5
1523	 211	 5
1566	 183	 5
1684	 179	 5
1769	 233	 5
1879	 185	 5
2028	 207	 5
2080	 175	 5
2197	 235	 3
2281	 210	 3
2400	 188	 3
2528	 183	 3
2580	 213	 3
2704	 201	 3
2788	 184	 3
2861	 171	 3
3018	 199	 3
3104	 215	 3
4	 302	 0
93	 305	 0
203	 302	 0
323	 304	 0
382	 313	 0
498	 288	 0
569	 319	 0
657	 323	 0
804	 282	 0
879	 323	 7
986	 296	 7
1113	 281	 7
1192	 275	 7
1315	 312	 5
1379	 309	 5
1473	 321	 5
1593	 290	 5
1721	 278	 5
1826	 302	 5
1948	 300	 5
2015	 301	 5
2092	 282	 5
2206	 313	 5
2306	 269	 3
2444	 294	 3
2488	 345	 3
2597	 311	 3
2716	 252	 3
2777	 292	 3
2913	 307	 3
3008	 334	 3
3105	 328	 3
-17	 416	 0
80	 406	 0
177	 405	 0
272	 414	 0
418	 404	 0
514	 382	 0
578	 415	 0
684	 385	 0
811	 404	 0
924	 386	 7
989	 432	 7
1136	 396	 7
1232	 383	 7
1266	 386	 7
1410	 423	 7
1465	 389	 5
1599	 379	 5
1676	 374	 5
1777	 359	 5
1917	 416	 5
1969	 419	 5
2112	 419	 5
2188	 400	 5
2301	 393	 3
2408	 398	 3
2468	 385	 3
2599	 407	 3
2708	 406	 3
2782	 407	 3
2920	 414	 3
2965	 434	 3
3107	 408	 3
25	 458	 0
92	 472	 0
199	 491	 0
315	 488	 0
383	 466	 0
496	 511	 0
587	 524	 0
680	 495	 0
796	 500	 0
889	 506	 7
1008	 503	 7
1120	 514	 7
1194	 484	 7
1271	 511	 7
1421	 484	 5
1498	 482	 5
1558	 543	 5
1669	 503	 5
1836	 526	 5
1871	 503	 5
1967	 474	 5
2066	 503	 5
2206	 475	 5
2331	 516	 17
2395	 510	 3
2533	 531	 3
2580	 546	 3
2703	 497	 3
2779	 482	 3
2892	 475	 3
2991	 497	 3
3069	 465	 3
-13	 566	 0
77	 596	 0
192	 623	 0
304	 631	 0
405	 601	 0
506	 561	 0
621	 600	 0
731	 617	 7
797	 580	 7
903	 581	 7
999	 598	 7
1090	 556	 7
1173	 581	 7
1282	 572	 7
1425	 564	 7
1495	 630	 5
1566	 602	 5
1670	 602	 5
1794	 591	 5
1937	 594	 5
2009	 629	 5
2105	 615	 5
2204	 563	 5
2298	 574	 17
2425	 602	 3
2485	 571	 3
2600	 609	 3
2697	 636	 3
2785	 566	 3
2913	 631	 3
2959	 572	 3
3110	 625	 3
-15	 692	 11
148	 700	 0
213	 731	 0
292	 681	 0
427	 729	 0
517	 720	 11
608	 676	 0
707	 702	 7
802	 702	 7
889	 684	 7
993	 655	 7
1095	 697	 7
1177	 742	 7
1295	 737	 7
1391	 745	 7
1519	 662	 14
1574	 731	 14
1714	 735	 5
1815	 689	 5
1909	 658	 5
2013	 731	 5
2073	 698	 5
2221	 742	 14
2315	 692	 6
2401	 678	 6
2530	 671	 3
2578	 688	 3
2684	 730	 3
2801	 705	 3
2882	 715	 3
3017	 702	 6
3104	 671	 6
31	 759	 11
112	 776	 0
204	 809	 0
335	 774	 0
408	 812	 0
510	 807	 11
627	 796	 11
683	 779	 7
778	 799	 7
856	 824	 7
1005	 812	 7
1133	 776	 7
1204	 814	 7
1307	 792	 7
1372	 805	 14
1504	 769	 14
1591	 827	 14
1739	 799	 14
1764	 795	 5
1940	 796	 5
1954	 796	 14
2113	 821	 14
2216	 773	 14
2340	 792	 6
2384	 774	 6
2539	 797	 6
2618	 800	 3
2677	 800	 3
2791	 785	 3
2902	 827	 6
2990	 832	 6
3090	 806	 6
21	 896	 11
134	 904	 11
159	 891	 11
300	 885	 0
439	 889	 11
517	 911	 11
595	 908	 11
667	 907	 11
816	 905	 7
930	 886	 7
1001	 929	 7
1092	 887	 7
1205	 911	 7
1277	 861	 7
1382	 919	 12
1479	 885	 14
1627	 940	 14
1690	 882	 14
1782	 887	 14
1899	 893	 5
1998	 885	 14
2146	 893	 14
2206	 915	 6
2305	 910	 6
2380	 902	 6
2489	 865	 6
2585	 891	 6
2696	 906	 6
2812	 883	 6
2886	 948	 6
3020	 881	 6
3089	 858	 6
-13	 979	 11
87	 1015	 11
186	 1014	 11
295	 1002	 11
399	 1022	 11
540	 1008	 11
634	 1016	 11
670	 986	 11
795	 995	 11
878	 972	 11
1015	 964	 7
1126	 1000	 7
1210	 986	 12
1276	 954	 12
1427	 987	 12
1523	 1026	 12
1604	 1015	 12
1663	 985	 14
1799	 1002	 14
1915	 1011	 14
1994	 989	 14
2091	 1033	 14
2223	 1000	 6
2286	 990	 6
2430	 1005	 6
2478	 1031	 6
2604	 1022	 6
2731	 992	 6
2765	 1014	 6
2871	 1011	 6
2994	 952	 6
3105	 1008	 6
-7	 1096	 11
130	 1124	 11
220	 1101	 11
332	 1106	 11
369	 1126	 11
496	 1072	 11
606	 1090	 11
730	 1097	 11
787	 1086	 11
905	 1082	 11
1015	 1132	 11
1119	 1100	 12
1182	 1073	 12
1326	 1109	 12
1401	 1101	 12
1479	 1084	 12
1595	 1089	 12
1673	 1102	 12
1823	 1075	 14
1871	 1110	 14
1997	 1098	 14
2100	 1079	 14
2180	 1097	 6
2329	 1095	 6
2375	 1099	 6
2529	 1127	 6
2565	 1087	 6
2658	 1057	 6
2772	 1103	 6
2930	 1131	 6
2971	 1115	 6
3087	 1083	 6
-1	 1201	 11
107	 1191	 11
217	 1216	 11
323	 1187	 11
424	 1212	 11
512	 1218	 11
567	 1213	 11
658	 1173	 11
787	 1186	 11
880	 1224	 11
1001	 1204	 11
1071	 1202	 12
1208	 1195	 12
1307	 1188	 12
1404	 1217	 12
1488	 1228	 12
1611	 1233	 12
1716	 1166	 12
1760	 1189	 12
1902	 1199	 14
1997	 1234	 14
2071	 1203	 14
2237	 1204	 6
2287	 1189	 6
2358	 1171	 6
2526	 1226	 6
2610	 1188	 6
2699	 1221	 6
2807	 1214	 6
2905	 1154	 6
3011	 1201	 6
3103	 1202	 6
-5	 1280	 11
81	 1289	 11
204	 1308	 11
286	 1304	 11
379	 1303	 11
509	 1280	 11
643	 1279	 11
691	 1329	 11
789	 1329	 11
858	 1321	 11
1018	 1299	 12
1073	 1310	 12
1216	 1285	 12
1282	 1302	 12
1380	 1324	 12
1457	 1319	 12
1600	 1277	 12
1695	 1333	 12
1796	 1253	 12
1870	 1265	 14
2001	 1294	 14
2116	 1292	 14
2189	 1297	 6
2322	 1280	 6
2402	 1304	 6
2511	 1316	 6
2609	 1284	 6
2686	 1348	 4
2802	 1319	 6
2871	 1289	 6
2958	 1336	 6
3112	 1302	 6
23	 1386	 11
125	 1394	 11
208	 1408	 10
281	 1380	 11
412	 1423	 11
496	 1386	 11
606	 1370	 11
702	 1398	 11
806	 1379	 11
885	 1389	 11
1008	 1401	 12
1118	 1394	 12
1228	 1378	 12
1279	 1383	 12
1421	 1393	 12
1489	 1371	 12
1567	 1396	 12
1690	 1425	 12
1766	 1388	 12
1903	 1398	 12
1973	 1404	 13
2099	 1379	 14
2197	 1394	 14
2317	 1439	 6
2397	 1366	 6
2463	 1392	 6
2582	 1415	 6
2694	 1393	 4
2800	 1428	 4
2867	 1382	 4
2983	 1418	 6
3118	 1372	 6
18	 1498	 11
69	 1525	 10
248	 1533	 10
294	 1478	 10
420	 1535	 10
490	 1507	 10
599	 1507	 11
695	 1502	 11
828	 1528	 13
878	 1472	 13
1006	 1501	 12
1089	 1481	 12
1182	 1479	 12
1326	 1512	 12
1409	 1479	 12
1490	 1495	 12
1596	 1494	 12
1701	 1496	 12
1837	 1478	 12
1893	 1505	 12
1998	 1508	 13
2110	 1500	 14
2207	 1506	 14
2321	 1502	 14
2376	 1463	 6
2499	 1486	 6
2615	 1472	 4
2719	 1468	 4
2793	 1516	 4
2897	 1500	 4
2958	 1486	 4
3096	 1461	 4
11	 1585	 10
112	 1628	 10
227	 1594	 10
303	 1591	 10
436	 1605	 10
531	 1580	 10
616	 1582	 10
706	 1595	 11
811	 1592	 13
909	 1585	 13
1002	 1600	 12
1133	 1641	 12
1157	 1591	 12
1325	 1588	 12
1371	 1599	 12
1486	 1584	 12
1583	 1626	 12
1697	 1597	 12
1794	 1625	 13
1876	 1604	 13
1966	 1569	 13
2090	 1616	 14
2219	 1602	 14
2277	 1621	 14
2374	 1594	 14
2508	 1594	 4
2610	 1585	 4
2712	 1564	 4
2841	 1612	 4
2938	 1593	 4
3025	 1614	 4
3072	 1640	 4
-3	 1674	 10
115	 1671	 10
222	 1689	 10
297	 1695	 10
395	 1694	 10
506	 1684	 10
569	 1703	 10
746	 1700	 13
828	 1696	 13
907	 1681	 13
1007	 1696	 13
1080	 1666	 12
1219	 1701	 12
1292	 1683	 12
1442	 1713	 12
1469	 1706	 12
1571	 1709	 12
1717	 1692	 13
1771	 1695	 13
1878	 1734	 13
1991	 1683	 14
2089	 1711	 14
2195	 1724	 14
2314	 1701	 14
2409	 1732	 4
2465	 1705	 4
2643	 1698	 4
2683	 1668	 4
2802	 1728	 4
2902	 1721	 4
2970	 1701	 4
3069	 1654	 4
-36	 1762	 10
64	 1774	 10
222	 1766	 10
291	 1810	 10
400	 1779	 10
515	 1800	 10
596	 1778	 10
692	 1795	 10
799	 1805	 13
905	 1800	 13
980	 1790	 13
1097	 1824	 12
1222	 1796	 12
1310	 1788	 12
1399	 1794	 13
1484	 1756	 12
1569	 1784	 13
1716	 1787	 13
1796	 1830	 13
1874	 1808	 13
2000	 1800	 13
2107	 1761	 14
2168	 1815	 14
2286	 1764	 14
2411	 1793	 4
2521	 1842	 4
2646	 1808	 4
2666	 1836	 4
2779	 1828	 4
2889	 1799	 4
3011	 1816	 4
3099	 1777	 4
-28	 1897	 10
90	 1931	 10
187	 1935	 10
314	 1895	 10
400	 1927	 10
487	 1917	 10
592	 1911	 10
733	 1882	 10
806	 1899	 10
868	 1921	 10
1006	 1870	 13
1094	 1926	 13
1169	 1918	 13
1295	 1901	 13
1367	 1881	 13
1544	 1880	 13
1609	 1879	 13
1689	 1923	 13
1769	 1926	 13
1871	 1904	 13
2036	 1908	 14
2103	 1894	 14
2207	 1894	 14
2294	 1926	 4
2405	 1897	 4
2512	 1930	 4
2579	 1877	 4
2705	 1917	 4
2815	 1926	 4
2915	 1871	 4
2990	 1902	 4
3078	 1927	 4
-17	 1999	 10
97	 2022	 10
201	 1975	 10
300	 2015	 10
394	 2001	 10
505	 2020	 10
634	 1991	 10
699	 2007	 10
811	 2030	 10
908	 2050	 10
996	 2016	 13
1103	 1975	 13
1191	 2024	 13
1305	 2028	 13
1402	 2009	 13
1500	 1969	 13
1562	 2016	 13
1724	 1987	 13
1847	 1998	 13
1884	 1982	 13
1977	 2005	 13
2112	 2040	 14
2197	 2034	 14
2268	 2005	 4
2398	 1981	 4
2478	 1984	 4
2599	 1982	 4
2739	 2023	 4
2786	 2030	 4
2928	 1985	 4
2979	 1999	 4
3128	 1988	 4
32	 2094	 10
93	 2082	 10
198	 2089	 10
316	 2102	 10
442	 2110	 10
533	 2073	 10
580	 2120	 10
688	 2117	 10
825	 2110	 16
910	 2107	 16
964	 2116	 9
1094	 2112	 9
1221	 2084	 13
1310	 2106	 13
1413	 2067	 13
1506	 2060	 13
1628	 2103	 13
1676	 2129	 13
1791	 2096	 13
1886	 2094	 13
2001	 2132	 14
2134	 2088	 14
2204	 2094	 14
2320	 2102	 14
2399	 2098	 4
2489	 2109	 4
2605	 2098	 4
2657	 2116	 4
2799	 2125	 4
2910	 2107	 4
2991	 2095	 4
3131	 2090	 4
-9	 2182	 10
107	 2204	 10
208	 2189	 10
302	 2211	 1
380	 2189	 1
511	 2201	 10
616	 2213	 10
715	 2180	 10
778	 2187	 10
899	 2221	 16
1002	 2216	 9
1096	 2194	 9
1185	 2224	 9
1311	 2239	 9
1390	 2204	 13
1521	 2231	 13
1560	 2176	 13
1682	 2179	 13
1815	 2213	 13
1876	 2178	 13
2036	 2186	 14
2099	 2208	 14
2214	 2236	 14
2267	 2206	 14
2392	 2204	 14
2505	 2230	 4
2626	 2161	 4
2682	 2197	 4
2780	 2208	 4
2887	 2178	 4
3000	 2195	 4
3095	 2190	 4
30	 2305	 10
130	 2267	 10
155	 2267	 10
291	 2304	 1
410	 2328	 1
501	 2332	 1
588	 2327	 10
732	 2299	 9
837	 2278	 9
927	 2293	 9
1046	 2325	 9
1109	 2275	 9
1185	 2273	 9
1344	 2289	 9
1381	 2321	 9
1507	 2269	 13
1617	 2322	 13
1695	 2300	 13
1789	 2286	 8
1905	 2320	 8
2011	 2267	 8
2078	 2261	 8
2173	 2316	 14
2326	 2319	 14
2401	 2280	 14
2517	 2332	 15
2618	 2343	 2
2741	 2324	 2
2757	 2280	 2
2864	 2287	 2
3045	 2329	 2
3090	 2336	 2
12	 2401	 10
141	 2383	 10
191	 2362	 1
294	 2438	 1
396	 2416	 1
485	 2439	 1
613	 2420	 9
706	 2399	 9
801	 2388	 9
936	 2404	 9
996	 2410	 9
1110	 2430	 9
1174	 2423	 9
1313	 2404	 9
1423	 2411	 9
1530	 2401	 9
1605	 2407	 9
1665	 2412	 13
1815	 2396	 13
1901	 2413	 8
1953	 2370	 8
2100	 2408	 8
2160	 2387	 8
2343	 2441	 15
2411	 2380	 15
2480	 2414	 15
2596	 2436	 2
2711	 2403	 2
2805	 2382	 2
2881	 2410	 2
2994	 2409	 2
3119	 2392	 2
-36	 2517	 1
94	 2537	 1
204	 2511	 1
297	 2491	 1
400	 2528	 1
513	 2506	 1
602	 2485	 1
659	 2466	 9
809	 2474	 1
919	 2499	 9
1017	 2479	 9
1069	 2516	 9
1220	 2521	 9
1296	 2489	 9
1395	 2510	 9
1497	 2533	 9
1632	 2505	 8
1732	 2506	 8
1821	 2486	 8
1881	 2474	 8
2043	 2525	 8
2116	 2515	 8
2196	 2518	 8
2276	 2516	 8
2390	 2478	 2
2480	 2513	 2
2612	 2521	 2
2711	 2506	 2
2787	 2513	 2
2894	 2520	 2
2979	 2518	 2
3094	 2460	 2
-12	 2586	 1
115	 2609	 1
211	 2579	 1
303	 2594	 1
427	 2596	 1
472	 2627	 1
608	 2628	 1
687	 2627	 1
836	 2641	 1
906	 2605	 9
1012	 2617	 9
1095	 2621	 9
1223	 2602	 9
1291	 2602	 9
1413	 2581	 9
1499	 2597	 8
1597	 2553	 8
1710	 2598	 8
1797	 2554	 8
1882	 2612	 8
2007	 2607	 8
2116	 2570	 8
2194	 2589	 8
2302	 2601	 2
2397	 2597	 18
2498	 2574	 2
2629	 2594	 2
2690	 2612	 2
2779	 2613	 2
2939	 2588	 2
3037	 2601	 2
3118	 2611	 2
-33	 2704	 1
91	 2738	 1
160	 2680	 1
304	 2707	 1
399	 2686	 1
514	 2691	 1
622	 2713	 1
703	 2681	 1
788	 2705	 9
911	 2686	 9
1020	 2686	 9
1120	 2705	 9
1204	 2722	 9
1275	 2689	 9
1382	 2701	 9
1487	 2685	 8
1637	 2711	 8
1715	 2725	 8
1810	 2705	 8
1880	 2678	 8
1989	 2686	 8
2101	 2669	 8
2196	 2690	 8
2291	 2698	 2
2393	 2711	 2
2514	 2682	 2
2590	 2700	 2
2715	 2711	 2
2765	 2724	 2
2915	 2660	 2
3004	 2719	 2
3091	 2704	 2
-18	 2789	 1
83	 2788	 1
192	 2772	 1
328	 2816	 1
417	 2820	 1
495	 2807	 1
643	 2792	 1
691	 2816	 19
804	 2825	 1
878	 2807	 9
1027	 2791	 9
1089	 2810	 9
1240	 2830	 9
1341	 2822	 9
1413	 2765	 9
1525	 2797	 8
1605	 2766	 8
1700	 2814	 8
1796	 2802	 8
1927	 2817	 8
2032	 2833	 8
2106	 2804	 8
2178	 2790	 8
2312	 2807	 2
2445	 2792	 2
2500	 2801	 2
2583	 2828	 2
2686	 2771	 2
2789	 2803	 2
2910	 2777	 2
2973	 2807	 2
3105	 2818	 2
19	 2855	 1
84	 2908	 1
220	 2934	 1
292	 2905	 1
377	 2898	 1
471	 2903	 1
590	 2902	 1
712	 2885	 1
807	 2918	 1
945	 2888	 9
1000	 2919	 9
1105	 2903	 9
1231	 2913	 9
1289	 2939	 9
1367	 2884	 8
1498	 2889	 8
1613	 2866	 8
1738	 2898	 8
1785	 2885	 8
1939	 2896	 8
1999	 2905	 8
2083	 2898	 8
2216	 2926	 8
2293	 2945	 8
2423	 2901	 2
2537	 2889	 2
2604	 2897	 2
2731	 2890	 2
2809	 2911	 2
2927	 2914	 2
2993	 2862	 2
3127	 2911	 2
14	 3005	 1
108	 2998	 1
196	 3003	 1
310	 2992	 1
409	 2991	 1
496	 3020	 1
616	 2994	 1
700	 2984	 1
800	 2995	 1
862	 3002	 9
988	 3012	 9
1141	 3013	 9
1202	 3028	 9
1310	 3017	 9
1369	 3007	 9
1473	 2993	 8
1612	 3013	 8
1712	 3027	 8
1806	 2961	 8
1899	 2991	 8
2002	 2975	 8
2103	 3017	 8
2195	 2992	 8
2300	 3007	 8
2405	 2986	 2
2480	 2995	 2
2628	 2988	 2
2672	 2994	 2
2789	 3008	 2
2865	 2993	 2
2994	 3015	 2
3072	 2984	 2
18	 3111	 1
86	 3102	 1
197	 3114	 1
330	 3065	 1
415	 3114	 1
513	 3111	 1
576	 3101	 1
702	 3113	 1
770	 3099	 9
900	 3104	 9
997	 3111	 9
1124	 3085	 9
1185	 3097	 9
1268	 3118	 9
1396	 3100	 8
1533	 3094	 8
1618	 3085	 8
1709	 3100	 8
1797	 3100	 8
1926	 3074	 8
1969	 3077	 8
2101	 3117	 8
2201	 3113	 8
2293	 3105	 8
2381	 3088	 8
2491	 3107	 2
2590	 3074	 2
2710	 3131	 2
2828	 3098	 2
2914	 3129	 2
2986	 3109	 2
3080	 3105	 2

0	 1	 224	 18.00
0	 32	 180	 23.00
1	 2	 218	 16.00
1	 33	 195	 19.00
2	 3	 211	 17.00
2	 34	 180	 23.00
3	 4	 227	 21.00
3	 35	 171	 22.00
4	 5	 225	 18.00
4	 36	 169	 24.00
5	 6	 161	 21.00
5	 37	 236	 18.00
6	 7	 167	 24.00
6	 38	 199	 22.00
7	 8	 198	 20.00
7	 39	 173	 16.00
8	 9	 175	 22.00
8	 40	 162	 23.00
9	 10	 222	 22.00
9	 41	 208	 18.00
10	 11	 211	 17.00
10	 42	 170	 17.00
11	 12	 234	 18.00
11	 43	 173	 16.00
12	 13	 189	 18.00
12	 44	 210	 22.00
13	 14	 208	 23.00
13	 45	 200	 18.00
14	 15	 226	 19.00
14	 46	 177	 22.00
15	 16	 169	 23.00
15	 47	 240	 21.00
16	 17	 232	 22.00
16	 48	 190	 22.00
17	 18	 182	 17.00
17	 49	 236	 16.00
18	 19	 160	 20.00
18	 50	 224	 23.00
19	 20	 178	 17.00
19	 51	 205	 22.00
20	 21	 228	 19.00
20	 52	 237	 17.00
21	 22	 220	 20.00
21	 53	 205	 24.00
22	 23	 164	 23.00
22	 54	 181	 17.00
23	 24	 174	 20.00
23	 55	 162	 22.00
24	 25	 160	 18.00
24	 56	 167	 16.00
25	 26	 198	 21.00
25	 57	 208	 21.00
26	 27	 188	 19.00
26	 58	 214	 19.00
27	 28	 223	 20.00
27	 59	 182	 23.00
28	 29	 170	 17.00
28	 60	 223	 17.00
29	 30	 198	 16.00
29	 61	 200	 22.00
30	 31	 238	 17.00
30	 62	 168	 22.00
31	 63	 184	 20.00
32	 33	 235	 22.00
32	 64	 207	 19.00
33	 34	 175	 19.00
33	 65	 184	 24.00
34	 35	 199	 17.00
34	 66	 194	 21.00
35	 36	 232	 21.00
35	 67	 198	 20.00
36	 37	 169	 16.00
36	 68	 214	 19.00
37	 38	 195	 19.00
37	 69	 172	 24.00
38	 39	 227	 19.00
38	 70	 178	 20.00
39	 40	 196	 21.00
39	 71	 203	 16.00
40	 41	 180	 19.00
40	 72	 230	 20.00
41	 42	 185	 24.00
41	 73	 202	 24.00
42	 43	 231	 19.00
42	 74	 240	 21.00
43	 44	 171	 18.00
43	 75	 194	 22.00
44	 45	 230	 19.00
44	 76	 226	 22.00
45	 46	 223	 19.00
45	 77	 197	 18.00
46	 47	 217	 18.00
46	 78	 214	 16.00
47	 48	 201	 20.00
47	 79	 166	 19.00
48	 49	 236	 20.00
48	 80	 198	 23.00
49	 50	 212	 18.00
49	 81	 167	 23.00
50	 51	 203	 22.00
50	 82	 175	 17.00
51	 52	 177	 23.00
51	 83	 196	 21.00
52	 53	 211	 19.00
52	 84	 161	 17.00
53	 54	 232	 21.00
53	 85	 179	 21.00
54	 55	 232	 21.00
54	 86	 195	 17.00
55	 56	 221	 18.00
55	 87	 240	 22.00
56	 57	 221	 20.00
56	 88	 210	 16.00
57	 58	 206	 16.00
57	 89	 182	 23.00
58	 59	 209	 17.00
58	 90	 227	 20.00
59	 60	 173	 20.00
59	 91	 178	 17.00
60	 61	 233	 23.00
60	 92	 218	 24.00
61	 62	 160	 21.00
61	 93	 165	 17.00
62	 63	 234	 22.00
62	 94	 188	 20.00
63	 95	 213	 17.00
64	 65	 199	 24.00
64	 96	 198	 20.00
65	 66	 237	 21.00
65	 97	 214	 17.00
66	 67	 211	 18.00
66	 98	 202	 17.00
67	 68	 213	 19.00
67	 99	 210	 23.00
68	 69	 214	 24.00
68	 100	 175	 18.00
69	 70	 191	 18.00
69	 101	 198	 19.00
70	 71	 239	 24.00
70	 102	 214	 22.00
71	 72	 213	 21.00
71	 103	 201	 17.00
72	 73	 211	 22.00
72	 104	 214	 18.00
73	 74	 180	 22.00
73	 105	 209	 23.00
74	 75	 234	 20.00
74	 106	 218	 21.00
75	 76	 238	 19.00
75	 107	 183	 24.00
76	 77	 236	 20.00
76	 108	 174	 24.00
77	 78	 236	 21.00
77	 109	 183	 21.00
78	 79	 162	 22.00
78	 110	 206	 21.00
79	 80	 169	 20.00
79	 111	 168	 19.00
80	 81	 177	 24.00
80	 112	 230	 24.00
81	 82	 173	 16.00
81	 113	 215	 20.00
82	 83	 179	 21.00
82	 114	 196	 21.00
83	 84	 202	 22.00
83	 115	 210	 24.00
84	 85	 199	 21.00
84	 116	 211	 19.00
85	 86	 192	 20.00
85	 117	 165	 24.00
86	 87	 181	 20.00
86	 118	 224	 19.00
87	 88	 210	 24.00
87	 119	 232	 18.00
88	 89	 227	 20.00
88	 120	 235	 17.00
89	 90	 163	 17.00
89	 121	 185	 22.00
90	 91	 189	 16.00
90	 122	 232	 16.00
91	 92	 215	 17.00
91	 123	 172	 16.00
92	 93	 198	 24.00
92	 124	 211	 22.00
93	 94	 223	 22.00
93	 125	 166	 21.00
94	 95	 183	 19.00
94	 126	 240	 24.00
95	 127	 190	 19.00
96	 97	 164	 24.00
96	 128	 227	 24.00
97	 98	 176	 21.00
97	 129	 202	 24.00
98	 99	 174	 19.00
98	 130	 194	 17.00
99	 100	 170	 21.00
99	 131	 218	 18.00
100	 101	 167	 16.00
100	 132	 236	 24.00
101	 102	 171	 17.00
101	 133	 207	 18.00
102	 103	 181	 20.00
102	 134	 173	 24.00
103	 104	 170	 23.00
103	 135	 220	 24.00
104	 105	 186	 24.00
104	 136	 220	 19.00
105	 106	 221	 16.00
105	 137	 238	 18.00
106	 107	 193	 24.00
106	 138	 224	 24.00
107	 108	 210	 19.00
107	 139	 204	 17.00
108	 109	 222	 23.00
108	 140	 163	 19.00
109	 110	 201	 23.00
109	 141	 189	 17.00
110	 111	 171	 21.00
110	 142	 209	 18.00
111	 112	 172	 24.00
111	 143	 171	 17.00
112	 113	 210	 23.00
112	 144	 161	 19.00
113	 114	 176	 22.00
113	 145	 172	 20.00
114	 115	 239	 17.00
114	 146	 162	 21.00
115	 116	 220	 20.00
115	 147	 194	 22.00
116	 117	 171	 18.00
116	 148	 227	 16.00
117	 118	 240	 21.00
117	 149	 211	 20.00
118	 119	 199	 18.00
118	 150	 170	 20.00
119	 120	 185	 22.00
119	 151	 229	 22.00
120	 121	 239	 16.00
120	 152	 182	 23.00
121	 122	 240	 19.00
121	 153	 230	 23.00
122	 123	 186	 16.00
122	 154	 164	 23.00
123	 124	 171	 22.00
123	 155	 227	 17.00
124	 125	 229	 21.00
124	 156	 206	 24.00
125	 126	 222	 18.00
125	 157	 238	 21.00
126	 127	 198	 21.00
126	 158	 197	 16.00
127	 159	 228	 23.00
128	 129	 227	 19.00
128	 160	 205	 16.00
129	 130	 188	 19.00
129	 161	 198	 17.00
130	 131	 197	 21.00
130	 162	 209	 20.00
131	 132	 163	 17.00
131	 163	 160	 20.00
132	 133	 207	 23.00
132	 164	 169	 17.00
133	 134	 184	 18.00
133	 165	 228	 24.00
134	 135	 239	 19.00
134	 166	 180	 22.00
135	 136	 170	 17.00
135	 167	 183	 18.00
136	 137	 235	 17.00
136	 168	 174	 23.00
137	 138	 239	 24.00
137	 169	 228	 19.00
138	 139	 219	 21.00
138	 170	 217	 18.00
139	 140	 229	 19.00
139	 171	 228	 16.00
140	 141	 167	 20.00
140	 172	 230	 22.00
141	 142	 223	 20.00
141	 173	 213	 24.00
142	 143	 217	 18.00
142	 174	 190	 21.00
143	 144	 201	 20.00
143	 175	 207	 21.00
144	 145	 206	 24.00
144	 176	 189	 16.00
145	 146	 165	 24.00
145	 177	 182	 17.00
146	 147	 207	 21.00
146	 178	 240	 16.00
147	 148	 178	 20.00
147	 179	 161	 23.00
148	 149	 225	 20.00
148	 180	 209	 16.00
149	 150	 209	 22.00
149	 181	 201	 16.00
150	 151	 186	 17.00
150	 182	 202	 16.00
151	 152	 208	 24.00
151	 183	 208	 17.00
152	 153	 215	 17.00
152	 184	 175	 18.00
153	 154	 227	 20.00
153	 185	 180	 20.00
154	 155	 191	 17.00
154	 186	 203	 18.00
155	 156	 169	 20.00
155	 187	 193	 22.00
156	 157	 172	 16.00
156	 188	 160	 18.00
157	 158	 166	 24.00
157	 189	 170	 22.00
158	 159	 194	 23.00
158	 190	 177	 22.00
159	 191	 223	 20.00
160	 161	 167	 22.00
160	 192	 219	 17.00
161	 162	 229	 24.00
161	 193	 174	 16.00
162	 163	 172	 18.00
162	 194	 235	 23.00
163	 164	 166	 21.00
163	 195	 175	 21.00
164	 165	 171	 24.00
164	 196	 165	 22.00
165	 166	 190	 21.00
165	 197	 188	 23.00
166	 167	 211	 19.00
166	 198	 176	 23.00
167	 168	 234	 21.00
167	 199	 209	 16.00
168	 169	 175	 20.00
168	 200	 213	 21.00
169	 170	 225	 22.00
169	 201	 189	 18.00
170	 171	 225	 21.00
170	 202	 218	 21.00
171	 172	 196	 19.00
171	 203	 199	 19.00
172	 173	 187	 19.00
172	 204	 163	 16.00
173	 174	 179	 18.00
173	 205	 175	 19.00
174	 175	 200	 19.00
174	 206	 216	 18.00
175	 176	 189	 24.00
175	 207	 237	 23.00
176	 177	 237	 19.00
176	 208	 234	 19.00
177	 178	 165	 20.00
177	 209	 192	 17.00
178	 179	 232	 24.00
178	 210	 212	 16.00
179	 180	 175	 21.00
179	 211	 215	 20.00
180	 181	 195	 16.00
180	 212	 206	 17.00
181	 182	 169	 18.00
181	 213	 185	 21.00
182	 183	 207	 24.00
182	 214	 176	 22.00
183	 184	 184	 20.00
183	 215	 239	 19.00
184	 185	 217	 16.00
184	 216	 161	 23.00
185	 186	 220	 22.00
185	 217	 201	 18.00
186	 187	 202	 18.00
186	 218	 169	 20.00
187	 188	 193	 23.00
187	 219	 186	 18.00
188	 189	 185	 20.00
188	 220	 169	 19.00
189	 190	 186	 19.00
189	 221	 163	 24.00
190	 191	 213	 16.00
190	 222	 232	 21.00
191	 223	 220	 19.00
192	 193	 207	 18.00
192	 224	 187	 20.00
193	 194	 238	 20.00
193	 225	 177	 21.00
194	 195	 182	 16.00
194	 226	 206	 24.00
195	 196	 170	 22.00
195	 227	 195	 24.00
196	 197	 179	 16.00
196	 228	 176	 21.00
197	 198	 215	 21.00
197	 229	 171	 21.00
198	 199	 206	 21.00
198	 230	 191	 22.00
199	 200	 193	 23.00
199	 231	 220	 18.00
200	 201	 229	 24.00
200	 232	 160	 16.00
201	 202	 183	 19.00
201	 233	 230	 16.00
202	 203	 193	 19.00
202	 234	 239	 20.00
203	 204	 205	 21.00
203	 235	 210	 17.00
204	 205	 233	 19.00
204	 236	 182	 23.00
205	 206	 228	 21.00
205	 237	 173	 20.00
206	 207	 228	 18.00
206	 238	 189	 17.00
207	 208	 200	 18.00
207	 239	 168	 23.00
208	 209	 224	 21.00
208	 240	 229	 20.00
209	 210	 160	 24.00
209	 241	 191	 24.00
210	 211	 200	 24.00
210	 242	 240	 19.00
211	 212	 238	 18.00
211	 243	 207	 17.00
212	 213	 210	 16.00
212	 244	 164	 23.00
213	 214	 211	 24.00
213	 245	 200	 23.00
214	 215	 239	 21.00
214	 246	 162	 24.00
215	 216	 196	 18.00
215	 247	 175	 23.00
216	 217	 207	 16.00
216	 248	 180	 18.00
217	 218	 175	 20.00
217	 249	 233	 18.00
218	 219	 233	 18.00
218	 250	 213	 23.00
219	 220	 186	 22.00
219	 251	 201	 24.00
220	 221	 201	 22.00
220	 252	 196	 22.00
221	 222	 164	 16.00
221	 253	 200	 16.00
222	 223	 201	 22.00
222	 254	 171	 17.00
223	 255	 195	 23.00
224	 225	 160	 22.00
224	 256	 172	 21.00
225	 226	 175	 19.00
225	 257	 231	 24.00
226	 227	 226	 21.00
226	 258	 213	 16.00
227	 228	 171	 16.00
227	 259	 170	 20.00
228	 229	 177	 24.00
228	 260	 231	 21.00
229	 230	 225	 16.00
229	 261	 182	 18.00
230	 231	 209	 22.00
230	 262	 166	 18.00
231	 232	 239	 16.00
231	 263	 181	 19.00
232	 233	 218	 23.00
232	 264	 180	 19.00
233	 234	 185	 21.00
233	 265	 218	 24.00
234	 235	 175	 22.00
234	 266	 172	 24.00
235	 236	 179	 18.00
235	 267	 194	 22.00
236	 237	 218	 17.00
236	 268	 230	 22.00
237	 238	 223	 24.00
237	 269	 229	 20.00
238	 239	 228	 24.00
238	 270	 216	 24.00
239	 240	 171	 19.00
239	 271	 220	 21.00
240	 241	 211	 22.00
240	 272	 186	 17.00
241	 242	 231	 22.00
241	 273	 182	 20.00
242	 243	 166	 18.00
242	 274	 238	 20.00
243	 244	 227	 17.00
243	 275	 181	 18.00
244	 245	 211	 23.00
244	 276	 188	 19.00
245	 246	 198	 20.00
245	 277	 230	 23.00
246	 247	 238	 19.00
246	 278	 212	 21.00
247	 248	 172	 20.00
247	 279	 170	 16.00
248	 249	 176	 19.00
248	 280	 211	 19.00
249	 250	 190	 24.00
249	 281	 213	 23.00
250	 251	 232	 20.00
250	 282	 164	 18.00
251	 252	 168	 17.00
251	 283	 213	 17.00
252	 253	 177	 22.00
252	 284	 196	 18.00
253	 254	 194	 23.00
253	 285	 239	 21.00
254	 255	 186	 22.00
254	 286	 237	 17.00
255	 287	 235	 16.00
256	 257	 224	 23.00
256	 288	 160	 16.00
257	 258	 181	 16.00
257	 289	 217	 17.00
258	 259	 199	 17.00
258	 290	 195	 23.00
259	 260	 198	 16.00
259	 291	 170	 22.00
260	 261	 174	 24.00
260	 292	 232	 22.00
261	 262	 202	 23.00
261	 293	 199	 21.00
262	 263	 226	 24.00
262	 294	 239	 20.00
263	 264	 228	 24.00
263	 295	 176	 16.00
264	 265	 160	 22.00
264	 296	 180	 23.00
265	 266	 197	 22.00
265	 297	 219	 19.00
266	 267	 236	 23.00
266	 298	 231	 23.00
267	 268	 172	 17.00
267	 299	 234	 22.00
268	 269	 199	 24.00
268	 300	 175	 21.00
269	 270	 224	 23.00
269	 301	 192	 17.00
270	 271	 202	 21.00
270	 302	 162	 20.00
271	 272	 229	 17.00
271	 303	 215	 22.00
272	 273	 209	 16.00
272	 304	 230	 22.00
273	 274	 180	 24.00
273	 305	 213	 19.00
274	 275	 174	 21.00
274	 306	 192	 16.00
275	 276	 227	 19.00
275	 307	 227	 22.00
276	 277	 211	 20.00
276	 308	 227	 17.00
277	 278	 174	 18.00
277	 309	 228	 22.00
278	 279	 182	 17.00
278	 310	 179	 21.00
279	 280	 232	 19.00
279	 311	 235	 19.00
280	 281	 201	 17.00
280	 312	 225	 18.00
281	 282	 202	 22.00
281	 313	 208	 22.00
282	 283	 187	 18.00
282	 314	 231	 19.00
283	 284	 196	 18.00
283	 315	 210	 19.00
284	 285	 218	 22.00
284	 316	 166	 21.00
285	 286	 189	 18.00
285	 317	 228	 17.00
286	 287	 222	 21.00
286	 318	 162	 20.00
287	 319	 238	 17.00
288	 289	 232	 23.00
288	 320	 207	 21.00
289	 290	 177	 22.00
289	 321	 223	 22.00
290	 291	 201	 17.00
290	 322	 214	 21.00
291	 292	 224	 16.00
291	 323	 212	 16.00
292	 293	 236	 24.00
292	 324	 235	 21.00
293	 294	 236	 22.00
293	 325	 189	 24.00
294	 295	 189	 17.00
294	 326	 214	 21.00
295	 296	 203	 16.00
295	 327	 231	 19.00
296	 297	 234	 24.00
296	 328	 174	 24.00
297	 298	 193	 18.00
297	 329	 233	 19.00
298	 299	 187	 17.00
298	 330	 228	 22.00
299	 300	 222	 21.00
299	 331	 198	 22.00
300	 301	 188	 16.00
300	 332	 234	 20.00
301	 302	 202	 22.00
301	 333	 188	 16.00
302	 303	 180	 24.00
302	 334	 220	 22.00
303	 304	 232	 23.00
303	 335	 228	 23.00
304	 305	 224	 21.00
304	 336	 181	 24.00
305	 306	 225	 16.00
305	 337	 200	 19.00
306	 307	 223	 16.00
306	 338	 165	 24.00
307	 308	 205	 19.00
307	 339	 170	 20.00
308	 309	 224	 22.00
308	 340	 185	 22.00
309	 310	 167	 16.00
309	 341	 230	 23.00
310	 311	 214	 24.00
310	 342	 177	 22.00
311	 312	 239	 19.00
311	 343	 177	 16.00
312	 313	 210	 21.00
312	 344	 179	 22.00
313	 314	 198	 24.00
313	 345	 236	 21.00
314	 315	 165	 17.00
314	 346	 212	 21.00
315	 316	 174	 20.00
315	 347	 170	 16.00
316	 317	 206	 18.00
316	 348	 224	 24.00
317	 318	 162	 23.00
317	 349	 212	 16.00
318	 319	 185	 20.00
318	 350	 225	 22.00
319	 351	 224	 24.00
320	 321	 163	 22.00
320	 352	 232	 20.00
321	 322	 201	 19.00
321	 353	 212	 23.00
322	 323	 233	 19.00
322	 354	 181	 23.00
323	 324	 223	 17.00
323	 355	 167	 16.00
324	 325	 223	 22.00
324	 356	 234	 22.00
325	 326	 204	 19.00
325	 357	 228	 16.00
326	 327	 219	 21.00
326	 358	 208	 22.00
327	 328	 181	 23.00
327	 359	 197	 16.00
328	 329	 187	 21.00
328	 360	 162	 22.00
329	 330	 163	 16.00
329	 361	 171	 22.00
330	 331	 179	 21.00
330	 362	 217	 17.00
331	 332	 225	 19.00
331	 363	 201	 17.00
332	 333	 208	 19.00
332	 364	 193	 17.00
333	 334	 188	 21.00
333	 365	 217	 22.00
334	 335	 190	 23.00
334	 366	 238	 23.00
335	 336	 238	 16.00
335	 367	 219	 23.00
336	 337	 178	 17.00
336	 368	 188	 23.00
337	 338	 187	 20.00
337	 369	 236	 24.00
338	 339	 176	 22.00
338	 370	 191	 17.00
339	 340	 235	 17.00
339	 371	 184	 23.00
340	 341	 232	 16.00
340	 372	 169	 18.00
341	 342	 192	 17.00
341	 373	 238	 16.00
342	 343	 219	 18.00
342	 374	 214	 22.00
343	 344	 208	 18.00
343	 375	 199	 19.00
344	 345	 212	 18.00
344	 376	 166	 18.00
345	 346	 234	 24.00
345	 377	 177	 21.00
346	 347	 218	 19.00
346	 378	 235	 23.00
347	 348	 201	 19.00
347	 379	 193	 21.00
348	 349	 178	 19.00
348	 380	 225	 17.00
349	 350	 192	 20.00
349	 381	 204	 19.00
350	 351	 203	 16.00
350	 382	 232	 18.00
351	 383	 201	 22.00
352	 353	 188	 23.00
352	 384	 185	 21.00
353	 354	 220	 16.00
353	 385	 215	 18.00
354	 355	 179	 22.00
354	 386	 237	 17.00
355	 356	 237	 24.00
355	 387	 227	 19.00
356	 357	 201	 21.00
356	 388	 232	 17.00
357	 358	 190	 17.00
357	 389	 212	 21.00
358	 359	 163	 24.00
358	 390	 190	 16.00
359	 360	 218	 18.00
359	 391	 165	 17.00
360	 361	 239	 18.00
360	 392	 171	 19.00
361	 362	 229	 19.00
361	 393	 177	 21.00
362	 363	 190	 17.00
362	 394	 231	 23.00
363	 364	 161	 17.00
363	 395	 181	 19.00
364	 365	 228	 17.00
364	 396	 167	 18.00
365	 366	 239	 17.00
365	 397	 237	 19.00
366	 367	 179	 16.00
366	 398	 176	 19.00
367	 368	 208	 20.00
367	 399	 204	 21.00
368	 369	 176	 17.00
368	 400	 200	 22.00
369	 370	 178	 20.00
369	 401	 204	 22.00
370	 371	 218	 24.00
370	 402	 221	 21.00
371	 372	 161	 19.00
371	 403	 171	 22.00
372	 373	 182	 16.00
372	 404	 210	 20.00
373	 374	 208	 20.00
373	 405	 165	 24.00
374	 375	 234	 18.00
374	 406	 203	 20.00
375	 376	 188	 20.00
375	 407	 228	 17.00
376	 377	 198	 20.00
376	 408	 178	 16.00
377	 378	 175	 18.00
377	 409	 219	 23.00
378	 379	 237	 20.00
378	 410	 211	 18.00
379	 380	 217	 16.00
379	 411	 225	 19.00
380	 381	 194	 21.00
380	 412	 214	 20.00
381	 382	 178	 22.00
381	 413	 226	 23.00
382	 383	 173	 16.00
382	 414	 185	 21.00
383	 415	 219	 24.00
384	 385	 188	 23.00
384	 416	 197	 16.00
385	 386	 217	 22.00
385	 417	 228	 20.00
386	 387	 187	 20.00
386	 418	 195	 22.00
387	 388	 217	 20.00
387	 419	 182	 22.00
388	 389	 172	 24.00
388	 420	 233	 19.00
389	 390	 162	 17.00
389	 421	 221	 16.00
390	 391	 238	 17.00
390	 422	 205	 23.00
391	 392	 173	 22.00
391	 423	 192	 16.00
392	 393	 194	 18.00
392	 424	 189	 18.00
393	 394	 195	 22.00
393	 425	 219	 17.00
394	 395	 232	 18.00
394	 426	 212	 16.00
395	 396	 163	 20.00
395	 427	 184	 22.00
396	 397	 169	 18.00
396	 428	 164	 19.00
397	 398	 161	 17.00
397	 429	 228	 24.00
398	 399	 196	 23.00
398	 430	 161	 22.00
399	 400	 163	 17.00
399	 431	 182	 18.00
400	 401	 235	 24.00
400	 432	 207	 21.00
401	 402	 216	 20.00
401	 433	 221	 21.00
402	 403	 202	 21.00
402	 434	 211	 16.00
403	 404	 235	 17.00
403	 435	 225	 18.00
404	 405	 206	 21.00
404	 436	 186	 16.00
405	 406	 195	 17.00
405	 437	 169	 19.00
406	 407	 162	 20.00
406	 438	 188	 16.00
407	 408	 207	 20.00
407	 439	 192	 23.00
408	 409	 193	 18.00
408	 440	 172	 21.00
409	 410	 203	 18.00
409	 441	 184	 22.00
410	 411	 193	 22.00
410	 442	 180	 24.00
411	 412	 240	 23.00
411	 443	 204	 21.00
412	 413	 196	 17.00
412	 444	 187	 18.00
413	 414	 201	 24.00
413	 445	 171	 18.00
414	 415	 169	 24.00
414	 446	 182	 22.00
415	 447	 221	 17.00
416	 417	 195	 24.00
416	 448	 213	 18.00
417	 418	 184	 17.00
417	 449	 226	 24.00
418	 419	 160	 24.00
418	 450	 207	 18.00
419	 420	 225	 16.00
419	 451	 240	 23.00
420	 421	 183	 24.00
420	 452	 177	 19.00
421	 422	 190	 17.00
421	 453	 179	 20.00
422	 423	 184	 22.00
422	 454	 170	 20.00
423	 424	 230	 23.00
423	 455	 184	 24.00
424	 425	 173	 21.00
424	 456	 179	 24.00
425	 426	 181	 16.00
425	 457	 172	 18.00
426	 427	 240	 21.00
426	 458	 216	 20.00
427	 428	 233	 20.00
427	 459	 161	 16.00
428	 429	 219	 17.00
428	 460	 225	 22.00
429	 430	 224	 20.00
429	 461	 229	 24.00
430	 431	 231	 22.00
430	 462	 234	 17.00
431	 432	 166	 17.00
431	 463	 176	 23.00
432	 433	 211	 23.00
432	 464	 205	 20.00
433	 434	 166	 24.00
433	 465	 228	 17.00
434	 435	 182	 16.00
434	 466	 239	 22.00
435	 436	 215	 21.00
435	 467	 162	 23.00
436	 437	 225	 17.00
436	 468	 215	 16.00
437	 438	 166	 19.00
437	 469	 183	 21.00
438	 439	 205	 22.00
438	 470	 235	 21.00
439	 440	 188	 22.00
439	 471	 212	 22.00
440	 441	 187	 19.00
440	 472	 169	 16.00
441	 442	 182	 16.00
441	 473	 165	 22.00
442	 443	 218	 22.00
442	 474	 161	 20.00
443	 444	 199	 16.00
443	 475	 205	 20.00
444	 445	 201	 23.00
444	 476	 232	 19.00
445	 446	 237	 18.00
445	 477	 230	 23.00
446	 447	 233	 21.00
446	 478	 206	 17.00
447	 479	 232	 22.00
448	 449	 218	 17.00
448	 480	 165	 17.00
449	 450	 196	 18.00
449	 481	 211	 17.00
450	 451	 179	 19.00
450	 482	 167	 19.00
451	 452	 206	 19.00
451	 483	 219	 24.00
452	 453	 163	 21.00
452	 484	 209	 24.00
453	 454	 233	 19.00
453	 485	 219	 24.00
454	 455	 166	 17.00
454	 486	 194	 24.00
455	 456	 184	 21.00
455	 487	 233	 19.00
456	 457	 213	 16.00
456	 488	 173	 21.00
457	 458	 199	 22.00
457	 489	 201	 18.00
458	 459	 232	 17.00
458	 490	 164	 16.00
459	 460	 187	 17.00
459	 491	 208	 24.00
460	 461	 171	 23.00
460	 492	 225	 24.00
461	 462	 179	 20.00
461	 493	 225	 21.00
462	 463	 174	 21.00
462	 494	 238	 18.00
463	 464	 166	 21.00
463	 495	 230	 21.00
464	 465	 239	 20.00
464	 496	 217	 21.00
465	 466	 224	 16.00
465	 497	 194	 24.00
466	 467	 167	 16.00
466	 498	 213	 16.00
467	 468	 198	 24.00
467	 499	 223	 23.00
468	 469	 181	 17.00
468	 500	 175	 21.00
469	 470	 234	 16.00
469	 501	 227	 16.00
470	 471	 184	 22.00
470	 502	 179	 22.00
471	 472	 234	 21.00
471	 503	 228	 18.00
472	 473	 206	 22.00
472	 504	 221	 19.00
473	 474	 200	 19.00
473	 505	 205	 24.00
474	 475	 192	 20.00
474	 506	 188	 24.00
475	 476	 226	 20.00
475	 507	 213	 18.00
476	 477	 212	 19.00
476	 508	 183	 17.00
477	 478	 161	 21.00
477	 509	 200	 19.00
478	 479	 216	 16.00
478	 510	 190	 24.00
479	 511	 180	 19.00
480	 481	 199	 19.00
480	 512	 195	 23.00
481	 482	 222	 21.00
481	 513	 201	 22.00
482	 483	 175	 21.00
482	 514	 232	 21.00
483	 484	 238	 21.00
483	 515	 163	 18.00
484	 485	 222	 22.00
484	 516	 174	 16.00
485	 486	 189	 18.00
485	 517	 169	 21.00
486	 487	 213	 16.00
486	 518	 202	 17.00
487	 488	 240	 24.00
487	 519	 168	 20.00
488	 489	 213	 20.00
488	 520	 195	 21.00
489	 490	 198	 19.00
489	 521	 204	 17.00
490	 491	 221	 23.00
490	 522	 177	 17.00
491	 492	 180	 21.00
491	 523	 196	 21.00
492	 493	 183	 20.00
492	 524	 172	 16.00
493	 494	 178	 23.00
493	 525	 185	 16.00
494	 495	 190	 24.00
494	 526	 163	 24.00
495	 496	 232	 22.00
495	 527	 205	 19.00
496	 497	 231	 18.00
496	 528	 173	 21.00
497	 498	 214	 24.00
497	 529	 210	 19.00
498	 499	 226	 18.00
498	 530	 227	 22.00
499	 500	 179	 20.00
499	 531	 223	 18.00
500	 501	 238	 17.00
500	 532	 201	 19.00
501	 502	 204	 17.00
501	 533	 211	 16.00
502	 503	 179	 21.00
502	 534	 238	 22.00
503	 504	 200	 20.00
503	 535	 211	 21.00
504	 505	 221	 17.00
504	 536	 163	 22.00
505	 506	 227	 20.00
505	 537	 188	 23.00
506	 507	 214	 24.00
506	 538	 207	 19.00
507	 508	 163	 23.00
507	 539	 234	 22.00
508	 509	 225	 22.00
508	 540	 161	 17.00
509	 510	 229	 19.00
509	 541	 183	 20.00
510	 511	 208	 19.00
510	 542	 206	 18.00
511	 543	 233	 17.00
512	 513	 187	 24.00
512	 544	 165	 16.00
513	 514	 175	 22.00
513	 545	 165	 16.00
514	 515	 229	 16.00
514	 546	 172	 20.00
515	 516	 190	 22.00
515	 547	 240	 24.00
516	 517	 165	 16.00
516	 548	 228	 21.00
517	 518	 178	 21.00
517	 549	 166	 20.00
518	 519	 185	 22.00
518	 550	 231	 21.00
519	 520	 170	 18.00
519	 551	 182	 19.00
520	 521	 226	 20.00
520	 552	 172	 21.00
521	 522	 238	 24.00
521	 553	 177	 21.00
522	 523	 185	 16.00
522	 554	 219	 17.00
523	 524	 167	 19.00
523	 555	 189	 16.00
524	 525	 213	 16.00
524	 556	 190	 20.00
525	 526	 228	 19.00
525	 557	 165	 17.00
526	 527	 235	 18.00
526	 558	 172	 23.00
527	 528	 198	 24.00
527	 559	 166	 17.00
528	 529	 166	 19.00
528	 560	 169	 20.00
529	 530	 208	 20.00
529	 561	 161	 22.00
530	 531	 229	 24.00
530	 562	 204	 24.00
531	 532	 219	 18.00
531	 563	 233	 19.00
532	 533	 160	 17.00
532	 564	 216	 22.00
533	 534	 202	 24.00
533	 565	 235	 20.00
534	 535	 182	 22.00
534	 566	 208	 23.00
535	 536	 186	 17.00
535	 567	 177	 24.00
536	 537	 224	 21.00
536	 568	 211	 23.00
537	 538	 196	 17.00
537	 569	 172	 19.00
538	 539	 214	 22.00
538	 570	 196	 22.00
539	 540	 167	 17.00
539	 571	 208	 17.00
540	 541	 197	 20.00
540	 572	 228	 23.00
541	 542	 239	 17.00
541	 573	 232	 23.00
542	 543	 163	 22.00
542	 574	 168	 16.00
543	 575	 167	 21.00
544	 545	 188	 18.00
544	 576	 205	 23.00
545	 546	 205	 22.00
545	 577	 184	 17.00
546	 547	 212	 17.00
546	 578	 189	 16.00
547	 548	 183	 18.00
547	 579	 181	 20.00
548	 549	 199	 17.00
548	 580	 232	 22.00
549	 550	 238	 23.00
549	 581	 231	 23.00
550	 551	 233	 16.00
550	 582	 191	 19.00
551	 552	 215	 18.00
551	 583	 199	 19.00
552	 553	 178	 21.00
552	 584	 239	 21.00
553	 554	 186	 24.00
553	 585	 203	 19.00
554	 555	 160	 21.00
554	 586	 222	 24.00
555	 556	 213	 19.00
555	 587	 210	 19.00
556	 557	 227	 19.00
556	 588	 177	 19.00
557	 558	 228	 17.00
557	 589	 164	 17.00
558	 559	 189	 21.00
558	 590	 165	 21.00
559	 560	 231	 21.00
559	 591	 200	 19.00
560	 561	 229	 20.00
560	 592	 180	 23.00
561	 562	 162	 21.00
561	 593	 237	 23.00
562	 563	 197	 17.00
562	 594	 199	 19.00
563	 564	 225	 20.00
563	 595	 220	 18.00
564	 565	 238	 23.00
564	 596	 185	 20.00
565	 566	 194	 23.00
565	 597	 165	 18.00
566	 567	 201	 22.00
566	 598	 220	 22.00
567	 568	 166	 21.00
567	 599	 193	 17.00
568	 569	 219	 24.00
568	 600	 162	 24.00
569	 570	 238	 18.00
569	 601	 205	 20.00
570	 571	 223	 19.00
570	 602	 226	 17.00
571	 572	 202	 19.00
571	 603	 201	 24.00
572	 573	 196	 24.00
572	 604	 211	 23.00
573	 574	 179	 22.00
573	 605	 228	 22.00
574	 575	 162	 24.00
574	 606	 219	 16.00
575	 607	 175	 17.00
576	 577	 174	 23.00
576	 608	 165	 18.00
577	 578	 239	 19.00
577	 609	 239	 24.00
578	 579	 203	 20.00
578	 610	 170	 18.00
579	 580	 200	 17.00
579	 611	 185	 16.00
580	 581	 165	 24.00
580	 612	 185	 20.00
581	 582	 211	 20.00
581	 613	 166	 22.00
582	 583	 160	 23.00
582	 614	 240	 21.00
583	 584	 178	 17.00
583	 615	 217	 23.00
584	 585	 205	 19.00
584	 616	 174	 21.00
585	 586	 227	 17.00
585	 617	 210	 22.00
586	 587	 198	 20.00
586	 618	 234	 16.00
587	 588	 181	 20.00
587	 619	 225	 18.00
588	 589	 223	 18.00
588	 620	 239	 24.00
589	 590	 178	 16.00
589	 621	 175	 24.00
590	 591	 240	 21.00
590	 622	 183	 20.00
591	 592	 205	 23.00
591	 623	 228	 17.00
592	 593	 174	 18.00
592	 624	 168	 23.00
593	 594	 219	 23.00
593	 625	 206	 22.00
594	 595	 210	 21.00
594	 626	 163	 24.00
595	 596	 193	 20.00
595	 627	 224	 22.00
596	 597	 195	 16.00
596	 628	 222	 22.00
597	 598	 194	 20.00
597	 629	 212	 22.00
598	 599	 240	 22.00
598	 630	 187	 23.00
599	 600	 199	 22.00
599	 631	 239	 20.00
600	 601	 180	 20.00
600	 632	 189	 22.00
601	 602	 202	 21.00
601	 633	 214	 24.00
602	 603	 208	 16.00
602	 634	 230	 24.00
603	 604	 180	 20.00
603	 635	 212	 18.00
604	 605	 187	 19.00
604	 636	 189	 18.00
605	 606	 173	 23.00
605	 637	 204	 22.00
606	 607	 190	 17.00
606	 638	 185	 20.00
607	 639	 182	 24.00
608	 609	 203	 19.00
608	 640	 194	 24.00
609	 610	 189	 19.00
609	 641	 187	 20.00
610	 611	 224	 23.00
610	 642	 177	 17.00
611	 612	 160	 23.00
611	 643	 164	 18.00
612	 613	 196	 18.00
612	 644	 224	 23.00
613	 614	 227	 22.00
613	 645	 239	 21.00
614	 615	 173	 21.00
614	 646	 231	 18.00
615	 616	 185	 20.00
615	 647	 184	 22.00
616	 617	 218	 24.00
616	 648	 240	 17.00
617	 618	 233	 18.00
617	 649	 199	 17.00
618	 619	 165	 19.00
618	 650	 239	 19.00
619	 620	 203	 20.00
619	 651	 218	 19.00
620	 621	 190	 17.00
620	 652	 215	 23.00
621	 622	 215	 19.00
621	 653	 229	 23.00
622	 623	 192	 23.00
622	 654	 203	 18.00
623	 624	 194	 19.00
623	 655	 191	 18.00
624	 625	 216	 19.00
624	 656	 203	 18.00
625	 626	 165	 16.00
625	 657	 222	 21.00
626	 627	 182	 17.00
626	 658	 228	 20.00
627	 628	 191	 21.00
627	 659	 203	 23.00
628	 629	 181	 20.00
628	 660	 186	 17.00
629	 630	 219	 17.00
629	 661	 194	 20.00
630	 631	 189	 20.00
630	 662	 202	 21.00
631	 632	 160	 24.00
631	 663	 230	 18.00
632	 633	 237	 21.00
632	 664	 196	 24.00
633	 634	 203	 17.00
633	 665	 194	 24.00
634	 635	 177	 23.00
634	 666	 193	 17.00
635	 636	 198	 22.00
635	 667	 228	 21.00
636	 637	 206	 19.00
636	 668	 216	 20.00
637	 638	 178	 17.00
637	 669	 169	 22.00
638	 639	 172	 17.00
638	 670	 188	 16.00
639	 671	 188	 23.00
640	 641	 167	 17.00
640	 672	 236	 22.00
641	 642	 230	 23.00
641	 673	 171	 19.00
642	 643	 223	 20.00
642	 674	 198	 21.00
643	 644	 166	 20.00
643	 675	 195	 19.00
644	 645	 207	 24.00
644	 676	 237	 16.00
645	 646	 200	 17.00
645	 677	 232	 16.00
646	 647	 163	 17.00
646	 678	 217	 21.00
647	 648	 183	 18.00
647	 679	 169	 18.00
648	 649	 200	 22.00
648	 680	 196	 20.00
649	 650	 177	 22.00
649	 681	 185	 21.00
650	 651	 175	 22.00
650	 682	 170	 16.00
651	 652	 235	 21.00
651	 683	 198	 18.00
652	 653	 206	 18.00
652	 684	 168	 19.00
653	 654	 188	 16.00
653	 685	 175	 24.00
654	 655	 226	 16.00
654	 686	 237	 18.00
655	 656	 231	 19.00
655	 687	 192	 23.00
656	 657	 233	 16.00
656	 688	 218	 24.00
657	 658	 208	 20.00
657	 689	 217	 18.00
658	 659	 233	 18.00
658	 690	 204	 17.00
659	 660	 197	 23.00
659	 691	 167	 19.00
660	 661	 221	 24.00
660	 692	 198	 21.00
661	 662	 239	 20.00
661	 693	 168	 18.00
662	 663	 199	 18.00
662	 694	 199	 22.00
663	 664	 238	 19.00
663	 695	 171	 23.00
664	 665	 185	 16.00
664	 696	 220	 19.00
665	 666	 199	 21.00
665	 697	 163	 20.00
666	 667	 234	 23.00
666	 698	 171	 20.00
667	 668	 185	 19.00
667	 699	 175	 17.00
668	 669	 164	 23.00
668	 700	 161	 19.00
669	 670	 203	 18.00
669	 701	 235	 21.00
670	 671	 177	 22.00
670	 702	 209	 17.00
671	 703	 164	 22.00
672	 673	 220	 19.00
672	 704	 167	 17.00
673	 674	 211	 22.00
673	 705	 167	 16.00
674	 675	 180	 19.00
674	 706	 238	 19.00
675	 676	 199	 21.00
675	 707	 196	 16.00
676	 677	 206	 22.00
676	 708	 231	 22.00
677	 678	 201	 23.00
677	 709	 178	 22.00
678	 679	 229	 20.00
678	 710	 164	 18.00
679	 680	 174	 16.00
679	 711	 160	 20.00
680	 681	 232	 21.00
680	 712	 217	 23.00
681	 682	 210	 17.00
681	 713	 186	 22.00
682	 683	 181	 22.00
682	 714	 198	 24.00
683	 684	 183	 24.00
683	 715	 165	 20.00
684	 685	 232	 16.00
684	 716	 181	 21.00
685	 686	 175	 18.00
685	 717	 221	 21.00
686	 687	 197	 20.00
686	 718	 176	 24.00
687	 688	 224	 20.00
687	 719	 233	 21.00
688	 689	 180	 19.00
688	 720	 168	 19.00
689	 690	 169	 20.00
689	 721	 194	 23.00
690	 691	 189	 20.00
690	 722	 192	 16.00
691	 692	 234	 16.00
691	 723	 215	 23.00
692	 693	 220	 16.00
692	 724	 202	 21.00
693	 694	 167	 21.00
693	 725	 195	 18.00
694	 695	 184	 22.00
694	 726	 186	 18.00
695	 696	 164	 20.00
695	 727	 210	 21.00
696	 697	 231	 24.00
696	 728	 182	 23.00
697	 698	 168	 22.00
697	 729	 236	 19.00
698	 699	 222	 20.00
698	 730	 211	 21.00
699	 700	 192	 16.00
699	 731	 202	 24.00
700	 701	 212	 23.00
700	 732	 223	 24.00
701	 702	 175	 18.00
701	 733	 232	 19.00
702	 703	 179	 21.00
702	 734	 168	 23.00
703	 735	 228	 16.00
704	 705	 225	 20.00
704	 736	 168	 22.00
705	 706	 175	 22.00
705	 737	 223	 18.00
706	 707	 163	 16.00
706	 738	 201	 18.00
707	 708	 163	 20.00
707	 739	 228	 18.00
708	 709	 167	 16.00
708	 740	 235	 24.00
709	 710	 237	 19.00
709	 741	 228	 21.00
710	 711	 203	 19.00
710	 742	 163	 16.00
711	 712	 214	 24.00
711	 743	 207	 18.00
712	 713	 185	 17.00
712	 744	 225	 22.00
713	 714	 229	 20.00
713	 745	 197	 23.00
714	 715	 228	 17.00
714	 746	 167	 21.00
715	 716	 173	 18.00
715	 747	 240	 20.00
716	 717	 174	 21.00
716	 748	 183	 17.00
717	 718	 208	 17.00
717	 749	 233	 23.00
718	 719	 160	 23.00
718	 750	 227	 16.00
719	 720	 181	 20.00
719	 751	 233	 21.00
720	 721	 189	 16.00
720	 752	 171	 20.00
721	 722	 187	 16.00
721	 753	 166	 16.00
722	 723	 207	 24.00
722	 754	 226	 23.00
723	 724	 231	 24.00
723	 755	 231	 16.00
724	 725	 228	 18.00
724	 756	 239	 16.00
725	 726	 219	 19.00
725	 757	 229	 20.00
726	 727	 218	 16.00
726	 758	 176	 24.00
727	 728	 206	 21.00
727	 759	 202	 17.00
728	 729	 226	 19.00
728	 760	 219	 21.00
729	 730	 169	 16.00
729	 761	 220	 19.00
730	 731	 185	 24.00
730	 762	 162	 18.00
731	 732	 220	 18.00
731	 763	 196	 22.00
732	 733	 188	 18.00
732	 764	 195	 17.00
733	 734	 236	 22.00
733	 765	 228	 20.00
734	 735	 232	 23.00
734	 766	 207	 16.00
735	 767	 235	 17.00
736	 737	 230	 17.00
736	 768	 190	 22.00
737	 738	 162	 20.00
737	 769	 181	 21.00
738	 739	 172	 24.00
738	 770	 229	 19.00
739	 740	 222	 19.00
739	 771	 176	 23.00
740	 741	 198	 20.00
740	 772	 185	 16.00
741	 742	 213	 23.00
741	 773	 215	 20.00
742	 743	 178	 24.00
742	 774	 198	 18.00
743	 744	 185	 21.00
743	 775	 201	 20.00
744	 745	 229	 19.00
744	 776	 204	 22.00
745	 746	 234	 20.00
745	 777	 189	 22.00
746	 747	 216	 17.00
746	 778	 186	 17.00
747	 748	 169	 18.00
747	 779	 224	 20.00
748	 749	 181	 23.00
748	 780	 167	 17.00
749	 750	 189	 19.00
749	 781	 170	 22.00
750	 751	 235	 22.00
750	 782	 172	 16.00
751	 752	 211	 24.00
751	 783	 166	 16.00
752	 753	 223	 17.00
752	 784	 160	 18.00
753	 754	 171	 23.00
753	 785	 201	 24.00
754	 755	 232	 18.00
754	 786	 161	 16.00
755	 756	 200	 16.00
755	 787	 202	 16.00
756	 757	 187	 20.00
756	 788	 179	 16.00
757	 758	 227	 24.00
757	 789	 227	 23.00
758	 759	 201	 23.00
758	 790	 232	 23.00
759	 760	 208	 21.00
759	 791	 236	 17.00
760	 761	 188	 23.00
760	 792	 222	 18.00
761	 762	 230	 22.00
761	 793	 182	 19.00
762	 763	 231	 16.00
762	 794	 211	 19.00
763	 764	 217	 22.00
763	 795	 195	 17.00
764	 765	 184	 16.00
764	 796	 212	 23.00
765	 766	 173	 23.00
765	 797	 193	 21.00
766	 767	 216	 24.00
766	 798	 162	 21.00
767	 799	 222	 18.00
768	 769	 231	 24.00
768	 800	 209	 21.00
769	 770	 165	 16.00
769	 801	 170	 17.00
770	 771	 223	 18.00
770	 802	 197	 21.00
771	 772	 160	 23.00
771	 803	 235	 19.00
772	 773	 208	 19.00
772	 804	 191	 23.00
773	 774	 195	 17.00
773	 805	 226	 23.00
774	 775	 196	 20.00
774	 806	 187	 23.00
775	 776	 160	 16.00
775	 807	 162	 18.00
776	 777	 219	 24.00
776	 808	 160	 23.00
777	 778	 196	 21.00
777	 809	 227	 17.00
778	 779	 172	 22.00
778	 810	 165	 16.00
779	 780	 182	 18.00
779	 811	 223	 21.00
780	 781	 166	 24.00
780	 812	 163	 18.00
781	 782	 164	 21.00
781	 813	 175	 16.00
782	 783	 213	 22.00
782	 814	 240	 22.00
783	 784	 170	 22.00
783	 815	 175	 22.00
784	 785	 228	 19.00
784	 816	 193	 17.00
785	 786	 173	 22.00
785	 817	 190	 22.00
786	 787	 165	 19.00
786	 818	 221	 22.00
787	 788	 230	 23.00
787	 819	 175	 19.00
788	 789	 237	 22.00
788	 820	 186	 21.00
789	 790	 211	 24.00
789	 821	 161	 18.00
790	 791	 174	 23.00
790	 822	 180	 20.00
791	 792	 239	 20.00
791	 823	 190	 24.00
792	 793	 202	 19.00
792	 824	 206	 24.00
793	 794	 186	 21.00
793	 825	 231	 20.00
794	 795	 213	 21.00
794	 826	 180	 22.00
795	 796	 199	 19.00
795	 827	 171	 17.00
796	 797	 229	 17.00
796	 828	 231	 23.00
797	 798	 211	 16.00
797	 829	 195	 17.00
798	 799	 168	 19.00
798	 830	 237	 19.00
799	 831	 187	 19.00
800	 801	 175	 16.00
800	 832	 170	 18.00
801	 802	 165	 23.00
801	 833	 175	 20.00
802	 803	 160	 17.00
802	 834	 210	 19.00
803	 804	 234	 18.00
803	 835	 166	 21.00
804	 805	 184	 20.00
804	 836	 230	 21.00
805	 806	 164	 20.00
805	 837	 176	 16.00
806	 807	 205	 20.00
806	 838	 177	 20.00
807	 808	 195	 22.00
807	 839	 222	 21.00
808	 809	 163	 24.00
808	 840	 166	 21.00
809	 810	 201	 22.00
809	 841	 187	 16.00
810	 811	 217	 19.00
810	 842	 213	 20.00
811	 812	 221	 17.00
811	 843	 183	 20.00
812	 813	 186	 23.00
812	 844	 174	 21.00
813	 814	 185	 16.00
813	 845	 188	 18.00
814	 815	 225	 22.00
814	 846	 174	 23.00
815	 816	 190	 21.00
815	 847	 210	 18.00
816	 817	 192	 21.00
816	 848	 218	 24.00
817	 818	 175	 17.00
817	 849	 170	 19.00
818	 819	 235	 22.00
818	 850	 196	 24.00
819	 820	 193	 21.00
819	 851	 173	 17.00
820	 821	 185	 23.00
820	 852	 232	 16.00
821	 822	 183	 21.00
821	 853	 186	 17.00
822	 823	 199	 19.00
822	 854	 177	 23.00
823	 824	 189	 18.00
823	 855	 161	 24.00
824	 825	 191	 24.00
824	 856	 199	 18.00
825	 826	 168	 22.00
825	 857	 180	 23.00
826	 827	 190	 20.00
826	 858	 217	 18.00
827	 828	 208	 23.00
827	 859	 233	 16.00
828	 829	 214	 18.00
828	 860	 175	 21.00
829	 830	 175	 23.00
829	 861	 166	 16.00
830	 831	 228	 23.00
830	 862	 161	 20.00
831	 863	 227	 21.00
832	 833	 229	 18.00
832	 864	 213	 19.00
833	 834	 185	 18.00
833	 865	 219	 24.00
834	 835	 238	 22.00
834	 866	 181	 16.00
835	 836	 179	 20.00
835	 867	 182	 19.00
836	 837	 162	 18.00
836	 868	 179	 21.00
837	 838	 220	 19.00
837	 869	 236	 21.00
838	 839	 235	 16.00
838	 870	 199	 18.00
839	 840	 189	 23.00
839	 871	 220	 23.00
840	 841	 175	 23.00
840	 872	 180	 23.00
841	 842	 172	 19.00
841	 873	 226	 19.00
842	 843	 240	 21.00
842	 874	 207	 21.00
843	 844	 178	 20.00
843	 875	 203	 18.00
844	 845	 227	 23.00
844	 876	 217	 24.00
845	 846	 183	 22.00
845	 877	 205	 19.00
846	 847	 185	 21.00
846	 878	 190	 24.00
847	 848	 207	 22.00
847	 879	 219	 17.00
848	 849	 205	 22.00
848	 880	 207	 22.00
849	 850	 231	 23.00
849	 881	 178	 16.00
850	 851	 215	 17.00
850	 882	 191	 19.00
851	 852	 160	 21.00
851	 883	 164	 17.00
852	 853	 228	 17.00
852	 884	 213	 18.00
853	 854	 238	 16.00
853	 885	 218	 22.00
854	 855	 168	 17.00
854	 886	 200	 24.00
855	 856	 228	 20.00
855	 887	 163	 24.00
856	 857	 163	 17.00
856	 888	 195	 20.00
857	 858	 204	 23.00
857	 889	 236	 20.00
858	 859	 185	 18.00
858	 890	 192	 18.00
859	 860	 187	 16.00
859	 891	 170	 20.00
860	 861	 191	 18.00
860	 892	 216	 18.00
861	 862	 165	 20.00
861	 893	 218	 16.00
862	 863	 190	 21.00
862	 894	 161	 17.00
863	 895	 199	 23.00
864	 865	 170	 20.00
864	 896	 166	 24.00
865	 866	 162	 20.00
865	 897	 170	 18.00
866	 867	 165	 19.00
866	 898	 217	 17.00
867	 868	 238	 19.00
867	 899	 160	 20.00
868	 869	 180	 23.00
868	 900	 239	 16.00
869	 870	 208	 24.00
869	 901	 227	 17.00
870	 871	 202	 21.00
870	 902	 228	 20.00
871	 872	 213	 22.00
871	 903	 230	 17.00
872	 873	 240	 20.00
872	 904	 235	 23.00
873	 874	 195	 24.00
873	 905	 209	 22.00
874	 875	 193	 17.00
874	 906	 172	 20.00
875	 876	 210	 19.00
875	 907	 186	 18.00
876	 877	 170	 16.00
876	 908	 201	 16.00
877	 878	 173	 24.00
877	 909	 162	 21.00
878	 879	 217	 22.00
878	 910	 178	 16.00
879	 880	 200	 17.00
879	 911	 178	 16.00
880	 881	 188	 17.00
880	 912	 160	 17.00
881	 882	 166	 24.00
881	 913	 200	 16.00
882	 883	 231	 20.00
882	 914	 170	 18.00
883	 884	 190	 17.00
883	 915	 213	 23.00
884	 885	 193	 20.00
884	 916	 164	 19.00
885	 886	 212	 23.00
885	 917	 188	 23.00
886	 887	 165	 19.00
886	 918	 225	 18.00
887	 888	 160	 19.00
887	 919	 238	 22.00
888	 889	 199	 17.00
888	 920	 166	 23.00
889	 890	 236	 22.00
889	 921	 188	 20.00
890	 891	 163	 18.00
890	 922	 225	 19.00
891	 892	 170	 19.00
891	 923	 231	 20.00
892	 893	 205	 18.00
892	 924	 201	 22.00
893	 894	 161	 16.00
893	 925	 176	 17.00
894	 895	 235	 21.00
894	 926	 176	 23.00
895	 927	 160	 24.00
896	 897	 238	 24.00
896	 928	 238	 20.00
897	 898	 170	 20.00
897	 929	 212	 17.00
898	 899	 177	 17.00
898	 930	 203	 17.00
899	 900	 181	 24.00
899	 931	 181	 21.00
900	 901	 187	 24.00
900	 932	 209	 19.00
901	 902	 238	 21.00
901	 933	 219	 18.00
902	 903	 186	 22.00
902	 934	 225	 22.00
903	 904	 188	 22.00
903	 935	 178	 19.00
904	 905	 203	 16.00
904	 936	 189	 22.00
905	 906	 237	 18.00
905	 937	 234	 17.00
906	 907	 171	 20.00
906	 938	 184	 17.00
907	 908	 215	 19.00
907	 939	 187	 18.00
908	 909	 228	 23.00
908	 940	 218	 19.00
909	 910	 187	 17.00
909	 941	 215	 21.00
910	 911	 161	 16.00
910	 942	 186	 16.00
911	 912	 187	 23.00
911	 943	 224	 16.00
912	 913	 169	 20.00
912	 944	 193	 18.00
913	 914	 164	 18.00
913	 945	 184	 20.00
914	 915	 219	 24.00
914	 946	 175	 19.00
915	 916	 177	 24.00
915	 947	 198	 23.00
916	 917	 191	 19.00
916	 948	 180	 20.00
917	 918	 226	 24.00
917	 949	 165	 19.00
918	 919	 177	 22.00
918	 950	 189	 22.00
919	 920	 169	 24.00
919	 951	 218	 18.00
920	 921	 206	 22.00
920	 952	 239	 23.00
921	 922	 175	 24.00
921	 953	 216	 22.00
922	 923	 207	 18.00
922	 954	 192	 20.00
923	 924	 165	 20.00
923	 955	 172	 19.00
924	 925	 187	 19.00
924	 956	 212	 23.00
925	 926	 185	 20.00
925	 957	 238	 23.00
926	 927	 216	 20.00
926	 958	 183	 17.00
927	 959	 193	 16.00
928	 929	 237	 20.00
928	 960	 226	 19.00
929	 930	 175	 22.00
929	 961	 163	 22.00
930	 931	 192	 21.00
930	 962	 221	 18.00
931	 932	 216	 23.00
931	 963	 185	 21.00
932	 933	 177	 18.00
932	 964	 173	 18.00
933	 934	 239	 22.00
933	 965	 200	 23.00
934	 935	 200	 22.00
934	 966	 227	 20.00
935	 936	 218	 17.00
935	 967	 168	 17.00
936	 937	 180	 21.00
936	 968	 190	 19.00
937	 938	 210	 16.00
937	 969	 226	 17.00
938	 939	 215	 20.00
938	 970	 236	 24.00
939	 940	 193	 22.00
939	 971	 189	 19.00
940	 941	 231	 22.00
940	 972	 177	 20.00
941	 942	 166	 16.00
941	 973	 189	 22.00
942	 943	 200	 17.00
942	 974	 203	 20.00
943	 944	 229	 23.00
943	 975	 198	 21.00
944	 945	 184	 23.00
944	 976	 208	 21.00
945	 946	 171	 20.00
945	 977	 171	 16.00
946	 947	 207	 16.00
946	 978	 179	 20.00
947	 948	 171	 18.00
947	 979	 219	 22.00
948	 949	 184	 20.00
948	 980	 204	 20.00
949	 950	 221	 20.00
949	 981	 210	 21.00
950	 951	 180	 17.00
950	 982	 219	 23.00
951	 952	 164	 16.00
951	 983	 193	 21.00
952	 953	 216	 17.00
952	 984	 198	 18.00
953	 954	 218	 20.00
953	 985	 236	 20.00
954	 955	 206	 18.00
954	 986	 225	 17.00
955	 956	 161	 20.00
955	 987	 228	 16.00
956	 957	 202	 21.00
956	 988	 209	 18.00
957	 958	 207	 18.00
957	 989	 183	 20.00
958	 959	 239	 18.00
958	 990	 179	 23.00
959	 991	 224	 22.00
960	 961	 222	 16.00
960	 992	 235	 18.00
961	 962	 163	 23.00
961	 993	 194	 22.00
962	 963	 222	 20.00
962	 994	 171	 22.00
963	 964	 189	 21.00
963	 995	 191	 20.00
964	 965	 181	 20.00
964	 996	 238	 24.00
965	 966	 189	 19.00
965	 997	 177	 22.00
966	 967	 170	 23.00
966	 998	 180	 18.00
967	 968	 167	 19.00
967	 999	 182	 18.00
968	 969	 238	 18.00
968	 1000	 187	 18.00
969	 970	 218	 20.00
969	 1001	 199	 20.00
970	 971	 162	 18.00
970	 1002	 238	 17.00
971	 972	 167	 17.00
971	 1003	 221	 17.00
972	 973	 235	 16.00
972	 1004	 229	 17.00
973	 974	 189	 24.00
973	 1005	 235	 22.00
974	 975	 167	 16.00
974	 1006	 162	 22.00
975	 976	 176	 22.00
975	 1007	 179	 19.00
976	 977	 230	 20.00
976	 1008	 174	 19.00
977	 978	 206	 16.00
977	 1009	 225	 18.00
978	 979	 233	 18.00
978	 1010	 218	 22.00
979	 980	 174	 23.00
979	 1011	 170	 17.00
980	 981	 202	 24.00
980	 1012	 198	 24.00
981	 982	 207	 18.00
981	 1013	 214	 20.00
982	 983	 165	 19.00
982	 1014	 210	 17.00
983	 984	 240	 17.00
983	 1015	 167	 22.00
984	 985	 236	 20.00
984	 1016	 165	 20.00
985	 986	 213	 18.00
985	 1017	 233	 17.00
986	 987	 227	 18.00
986	 1018	 196	 21.00
987	 988	 226	 20.00
987	 1019	 228	 20.00
988	 989	 233	 19.00
988	 1020	 193	 22.00
989	 990	 208	 22.00
989	 1021	 170	 24.00
990	 991	 204	 19.00
990	 1022	 189	 22.00
991	 1023	 161	 19.00
992	 993	 236	 21.00
993	 994	 207	 23.00
994	 995	 165	 16.00
995	 996	 238	 24.00
996	 997	 194	 19.00
997	 998	 195	 22.00
998	 999	 214	 19.00
999	 1000	 221	 18.00
1000	 1001	 217	 19.00
1001	 1002	 229	 17.00
1002	 1003	 207	 24.00
1003	 1004	 235	 22.00
1004	 1005	 192	 16.00
1005	 1006	 189	 17.00
1006	 1007	 228	 16.00
1007	 1008	 217	 22.00
1008	 1009	 236	 17.00
1009	 1010	 180	 19.00
1010	 1011	 167	 19.00
1011	 1012	 163	 18.00
1012	 1013	 218	 23.00
1013	 1014	 218	 21.00
1014	 1015	 211	 24.00
1015	 1016	 227	 19.00
1016	 1017	 182	 23.00
1017	 1018	 180	 21.00
1018	 1019	 231	 18.00
1019	 1020	 174	 24.00
1020	 1021	 197	 17.00
1021	 1022	 166	 24.00
1022	 1023	 164	 17.00
