1024	1984	20	0.30

-6	 0	 0
139	 -7	 0
189	 -23	 0
313	 21	 0
405	 16	 0
520	 -10	 0
600	 -1	 0
705	 41	 0
781	 -17	 9
897	 -10	 9
979	 3	 9
1068	 25	 9
1206	 32	 9
1266	 17	 9
1369	 -12	 9
1514	 9	 6
1604	 -27	 6
1687	 -22	 6
1799	 19	 6
1935	 3	 6
1993	 -42	 6
2110	 -12	 6
2190	 15	 6
2325	 -3	 6
2380	 4	 3
2506	 33	 3
2551	 -14	 3
2700	 7	 3
2817	 5	 3
2909	 20	 3
3020	 1	 3
3122	 -30	 3
40	 116	 0
91	 86	 0
176	 93	 0
316	 112	 0
414	 85	 0
503	 85	 0
580	 135	 0
713	 132	 0
763	 107	 0
903	 146	 9
979	 60	 9
1103	 100	 9
1177	 64	 9
1299	 121	 9
1421	 84	 9
1452	 109	 6
1645	 108	 6
1690	 98	 6
1809	 113	 6
1903	 80	 6
2030	 122	 6
2107	 123	 6
2208	 84	 6
2345	 113	 3
2410	 82	 3
2516	 89	 3
2608	 118	 3
2695	 76	 3
2766	 72	 3
2885	 84	 3
3032	 93	 3
3125	 83	 3
20	 234	 0
127	 229	 0
199	 175	 0
299	 216	 0
381	 194	 0
536	 194	 0
620	 215	 0
673	 216	 0
797	 169	 0
868	 162	 9
999	 219	 9
1094	 208	 9
1215	 231	 9
1282	 171	 9
1367	 234	 9
1522	 218	 6
1559	 189	 6
1685	 205	 6
1777	 220	 6
1882	 207	 6
2034	 180	 6
2094	 189	 6
2194	 226	 6
2301	 180	 3
2409	 232	 3
2487	 182	 3
2592	 214	 3
2674	 178	 3
2792	 191	 3
2892	 214	 3
3018	 203	 3
3109	 217	 3
38	 342	 0
132	 289	 0
172	 288	 0
314	 311	 0
368	 320	 0
486	 299	 0
560	 314	 0
691	 307	 0
792	 279	 9
924	 306	 9
996	 260	 9
1130	 296	 9
1228	 291	 9
1341	 324	 9
1407	 293	 9
1471	 287	 6
1567	 280	 6
1725	 279	 6
1844	 316	 6
1922	 317	 6
2017	 305	 6
2109	 288	 6
2187	 348	 6
2310	 273	 3
2418	 308	 3
2475	 338	 3
2613	 274	 3
2721	 258	 3
2812	 302	 3
2925	 286	 3
3016	 298	 3
3098	 330	 3
7	 411	 0
84	 402	 0
223	 412	 0
291	 422	 0
407	 397	 0
547	 362	 0
612	 432	 0
685	 392	 0
776	 434	 0
885	 401	 9
991	 434	 9
1128	 393	 9
1215	 381	 9
1288	 405	 9
1407	 389	 9
1493	 396	 6
1629	 403	 6
1697	 390	 6
1809	 362	 6
1922	 398	 6
2008	 429	 6
2147	 406	 6
2201	 393	 6
2312	 395	 6
2434	 417	 6
2482	 371	 3
2559	 431	 3
2716	 399	 3
2770	 423	 3
2928	 430	 3
3002	 405	 3
3116	 433	 3
36	 471	 0
62	 462	 0
181	 456	 0
341	 500	 0
384	 462	 0
496	 478	 0
580	 541	 0
702	 492	 0
802	 507	 9
889	 501	 9
1007	 510	 9
1079	 523	 9
1205	 486	 9
1297	 520	 9
1383	 473	 9
1533	 506	 6
1584	 518	 6
1681	 455	 6
1834	 506	 6
1882	 481	 6
1967	 485	 6
2076	 513	 6
2219	 460	 6
2329	 524	 6
2389	 526	 3
2518	 490	 3
2563	 529	 3
2710	 520	 3
2753	 474	 3
2919	 494	 3
2989	 497	 3
3077	 496	 3
-34	 575	 0
85	 574	 0
196	 625	 0
275	 595	 0
408	 577	 0
526	 566	 0
639	 603	 0
724	 604	 0
800	 588	 9
897	 584	 9
1012	 627	 9
1117	 565	 9
1162	 579	 9
1298	 600	 9
1403	 555	 9
1506	 596	 9
1594	 575	 6
1689	 604	 6
1787	 586	 6
1926	 612	 6
2018	 606	 6
2070	 597	 6
2223	 607	 6
2302	 592	 6
2422	 583	 3
2487	 587	 3
2603	 636	 18
2719	 629	 3
2780	 582	 3
2908	 629	 3
2970	 615	 3
3132	 635	 3
0	 660	 11
120	 719	 0
171	 729	 0
277	 699	 0
414	 705	 0
504	 724	 19
623	 690	 0
725	 690	 9
809	 722	 9
895	 722	 9
1005	 662	 9
1124	 673	 9
1196	 692	 9
1269	 736	 9
1392	 729	 9
1498	 679	 9
1596	 694	 9
1718	 712	 6
1821	 684	 6
1904	 694	 6
2012	 692	 6
2101	 732	 6
2227	 741	 5
2291	 714	 5
2402	 660	 3
2493	 708	 3
2581	 723	 3
2679	 701	 3
2772	 702	 3
2888	 727	 17
2994	 715	 3
3093	 671	 3
31	 766	 11
111	 797	 11
216	 844	 0
329	 769	 0
411	 782	 0
507	 799	 0
605	 806	 11
715	 807	 11
784	 798	 11
883	 785	 9
1028	 784	 9
1100	 783	 9
1189	 831	 9
1300	 780	 9
1381	 823	 9
1484	 778	 9
1563	 794	 13
1714	 782	 13
1757	 763	 13
1927	 781	 6
1987	 815	 6
2125	 810	 6
2190	 823	 5
2303	 829	 5
2414	 785	 5
2511	 773	 5
2603	 817	 5
2673	 785	 3
2798	 798	 3
2861	 829	 3
2994	 811	 5
3107	 798	 5
29	 870	 11
117	 867	 11
202	 901	 11
300	 862	 0
444	 912	 11
499	 891	 11
602	 905	 11
662	 891	 11
801	 918	 11
903	 885	 9
1010	 928	 11
1122	 874	 9
1214	 917	 13
1272	 864	 9
1381	 910	 13
1485	 885	 13
1610	 930	 13
1657	 920	 13
1794	 931	 13
1884	 914	 13
1973	 926	 15
2121	 880	 15
2170	 907	 5
2338	 875	 5
2375	 897	 5
2500	 886	 5
2605	 894	 5
2711	 927	 5
2817	 874	 3
2896	 934	 5
2991	 895	 5
3096	 895	 5
-2	 978	 11
107	 974	 11
164	 1004	 11
327	 1012	 11
392	 993	 11
528	 996	 11
606	 966	 11
661	 1012	 11
803	 968	 11
899	 989	 11
1003	 999	 11
1129	 982	 13
1189	 1010	 13
1283	 980	 13
1389	 967	 13
1526	 1004	 13
1587	 984	 13
1684	 996	 13
1789	 1007	 13
1914	 1005	 13
1973	 1020	 15
2110	 995	 15
2209	 996	 5
2288	 992	 5
2439	 1009	 5
2490	 1021	 5
2583	 1026	 5
2701	 986	 5
2799	 1022	 5
2855	 1025	 5
2994	 950	 5
3096	 998	 5
23	 1118	 11
141	 1125	 11
217	 1127	 11
328	 1089	 11
404	 1116	 11
492	 1109	 11
623	 1116	 11
726	 1073	 11
777	 1063	 11
914	 1089	 11
1023	 1125	 13
1128	 1088	 13
1175	 1101	 13
1333	 1091	 13
1413	 1118	 13
1477	 1056	 13
1598	 1132	 13
1695	 1072	 13
1796	 1074	 13
1874	 1101	 13
2005	 1113	 15
2142	 1113	 15
2150	 1143	 5
2334	 1116	 5
2366	 1105	 5
2532	 1094	 5
2564	 1069	 5
2699	 1094	 5
2807	 1095	 5
2919	 1131	 5
2983	 1111	 5
3098	 1078	 5
10	 1189	 11
116	 1176	 11
198	 1218	 11
304	 1181	 11
421	 1195	 11
481	 1224	 11
583	 1221	 11
682	 1190	 11
779	 1211	 11
878	 1184	 11
967	 1176	 11
1087	 1189	 13
1194	 1211	 13
1281	 1181	 13
1382	 1208	 13
1487	 1245	 13
1577	 1218	 13
1723	 1188	 13
1793	 1159	 13
1872	 1190	 13
2028	 1199	 15
2088	 1210	 15
2219	 1201	 5
2281	 1187	 5
2388	 1196	 5
2487	 1195	 5
2596	 1187	 5
2689	 1225	 5
2829	 1218	 5
2897	 1174	 5
3032	 1187	 5
3071	 1225	 5
-9	 1261	 11
95	 1308	 11
191	 1270	 11
315	 1302	 11
397	 1311	 11
527	 1277	 11
632	 1297	 11
692	 1308	 11
828	 1326	 11
858	 1314	 11
1030	 1282	 12
1088	 1334	 12
1230	 1283	 13
1306	 1307	 13
1422	 1310	 13
1459	 1296	 13
1636	 1281	 13
1660	 1332	 13
1759	 1274	 13
1865	 1272	 13
2003	 1296	 15
2120	 1276	 15
2166	 1315	 15
2312	 1297	 5
2389	 1303	 5
2510	 1292	 5
2616	 1294	 5
2713	 1301	 5
2797	 1334	 5
2879	 1318	 5
2968	 1318	 5
3091	 1287	 5
21	 1384	 11
134	 1415	 10
219	 1367	 10
300	 1352	 11
415	 1420	 11
476	 1352	 11
609	 1385	 11
701	 1400	 11
812	 1397	 11
879	 1380	 12
1012	 1404	 12
1111	 1411	 12
1213	 1391	 12
1287	 1355	 13
1418	 1408	 13
1531	 1390	 13
1574	 1425	 13
1720	 1416	 13
1793	 1424	 13
1904	 1379	 13
1965	 1429	 14
2062	 1406	 14
2195	 1374	 15
2286	 1426	 14
2441	 1368	 5
2487	 1365	 5
2613	 1375	 5
2680	 1401	 5
2830	 1435	 5
2902	 1386	 5
2979	 1429	 4
3115	 1370	 4
-7	 1513	 10
89	 1500	 10
217	 1498	 10
313	 1519	 10
380	 1507	 10
505	 1497	 10
590	 1495	 10
694	 1493	 11
834	 1506	 12
913	 1479	 12
989	 1542	 12
1097	 1519	 12
1203	 1479	 12
1333	 1507	 12
1447	 1488	 13
1480	 1512	 13
1583	 1511	 13
1707	 1487	 13
1808	 1492	 13
1915	 1504	 13
2017	 1493	 14
2107	 1505	 14
2188	 1492	 14
2313	 1529	 14
2392	 1469	 5
2491	 1500	 5
2577	 1487	 5
2698	 1473	 4
2783	 1510	 4
2895	 1521	 4
2967	 1504	 4
3056	 1457	 4
7	 1588	 10
82	 1617	 10
228	 1588	 10
319	 1624	 10
400	 1604	 10
510	 1583	 10
623	 1615	 10
723	 1599	 12
797	 1630	 12
936	 1573	 12
975	 1580	 12
1129	 1633	 12
1171	 1602	 12
1318	 1568	 12
1388	 1596	 12
1467	 1601	 13
1588	 1605	 13
1697	 1623	 13
1809	 1593	 13
1885	 1580	 14
1995	 1600	 14
2108	 1616	 14
2230	 1597	 14
2312	 1620	 14
2368	 1606	 14
2501	 1598	 4
2581	 1611	 4
2719	 1585	 4
2848	 1627	 4
2899	 1593	 4
3008	 1601	 4
3097	 1604	 4
-11	 1698	 10
87	 1675	 10
184	 1674	 10
283	 1713	 10
388	 1734	 10
501	 1709	 10
603	 1685	 10
745	 1711	 10
836	 1717	 12
893	 1660	 12
993	 1682	 12
1081	 1686	 12
1241	 1712	 12
1310	 1666	 12
1406	 1693	 12
1506	 1712	 12
1597	 1689	 13
1716	 1687	 13
1816	 1715	 14
1893	 1747	 14
1989	 1668	 14
2095	 1683	 14
2183	 1723	 14
2341	 1703	 14
2414	 1712	 4
2497	 1668	 4
2627	 1711	 4
2701	 1695	 4
2816	 1710	 4
2916	 1748	 4
2982	 1701	 4
3093	 1689	 4
-13	 1765	 10
104	 1770	 10
191	 1809	 10
322	 1812	 10
448	 1791	 10
515	 1760	 10
568	 1773	 10
710	 1837	 10
822	 1847	 10
916	 1820	 12
1027	 1803	 12
1081	 1833	 12
1223	 1757	 12
1299	 1803	 12
1402	 1812	 12
1480	 1798	 12
1585	 1774	 12
1697	 1760	 14
1807	 1815	 14
1880	 1819	 14
1998	 1771	 14
2076	 1771	 14
2196	 1799	 14
2309	 1763	 4
2406	 1808	 4
2540	 1833	 4
2613	 1813	 4
2696	 1797	 4
2817	 1810	 4
2897	 1818	 4
2972	 1799	 4
3094	 1791	 4
-4	 1929	 10
84	 1901	 10
157	 1912	 10
320	 1911	 10
401	 1930	 10
492	 1884	 10
599	 1882	 10
728	 1861	 10
781	 1908	 10
882	 1923	 12
994	 1870	 12
1115	 1900	 12
1176	 1936	 12
1255	 1904	 12
1399	 1864	 12
1501	 1895	 12
1634	 1916	 12
1691	 1932	 14
1780	 1920	 14
1893	 1904	 14
2006	 1894	 14
2099	 1904	 14
2183	 1881	 14
2298	 1895	 4
2413	 1910	 4
2470	 1924	 4
2603	 1863	 4
2690	 1931	 4
2816	 1949	 4
2903	 1869	 4
2965	 1925	 4
3116	 1904	 4
-1	 1981	 10
79	 2008	 10
207	 1998	 10
307	 2002	 10
415	 2035	 10
506	 2030	 10
609	 2004	 10
663	 1979	 10
813	 2031	 12
914	 2035	 12
1009	 2026	 12
1123	 1997	 12
1188	 2020	 12
1339	 2004	 12
1417	 1993	 12
1480	 1974	 12
1600	 2012	 12
1702	 1986	 14
1841	 2014	 14
1894	 1994	 14
1981	 1988	 14
2075	 2001	 14
2232	 2001	 4
2294	 2011	 4
2378	 1961	 4
2487	 1996	 4
2585	 1989	 4
2736	 2033	 4
2782	 2029	 4
2922	 2006	 4
2975	 2003	 4
3125	 2001	 4
12	 2064	 10
114	 2106	 10
205	 2093	 10
287	 2093	 10
418	 2112	 10
533	 2062	 10
612	 2108	 10
660	 2136	 10
817	 2117	 12
901	 2098	 12
956	 2083	 12
1114	 2099	 8
1202	 2082	 12
1317	 2118	 12
1406	 2068	 12
1517	 2091	 14
1619	 2082	 12
1674	 2095	 14
1788	 2134	 14
1893	 2117	 14
1970	 2126	 14
2116	 2109	 14
2206	 2093	 14
2337	 2093	 4
2414	 2121	 4
2514	 2101	 4
2590	 2103	 4
2703	 2108	 4
2790	 2092	 4
2888	 2132	 4
3018	 2117	 4
3102	 2062	 4
1	 2194	 10
61	 2235	 10
228	 2212	 10
331	 2188	 10
420	 2190	 10
497	 2215	 10
612	 2211	 10
729	 2206	 12
768	 2166	 12
882	 2214	 8
1001	 2180	 12
1074	 2187	 8
1195	 2214	 8
1273	 2228	 8
1407	 2178	 12
1505	 2205	 14
1557	 2191	 14
1711	 2214	 14
1816	 2206	 14
1904	 2155	 14
2024	 2176	 14
2124	 2194	 14
2245	 2214	 14
2273	 2235	 14
2408	 2217	 14
2522	 2209	 4
2617	 2159	 4
2684	 2166	 4
2782	 2210	 4
2890	 2209	 4
3006	 2199	 4
3094	 2217	 4
34	 2273	 10
118	 2269	 10
156	 2259	 1
328	 2310	 1
386	 2308	 1
510	 2320	 1
605	 2327	 10
733	 2317	 8
825	 2269	 8
937	 2306	 8
1030	 2334	 8
1090	 2274	 8
1186	 2264	 8
1306	 2313	 8
1386	 2303	 8
1500	 2272	 8
1627	 2343	 7
1665	 2264	 14
1774	 2301	 14
1916	 2301	 7
2009	 2308	 14
2074	 2267	 14
2173	 2279	 14
2305	 2329	 14
2439	 2286	 14
2487	 2295	 14
2580	 2327	 2
2744	 2317	 2
2779	 2287	 2
2876	 2289	 2
3000	 2302	 2
3122	 2311	 4
-5	 2402	 1
100	 2420	 1
200	 2376	 1
314	 2401	 1
366	 2374	 1
481	 2423	 1
606	 2399	 1
726	 2419	 8
813	 2374	 8
930	 2414	 8
1010	 2390	 8
1110	 2423	 8
1173	 2390	 8
1329	 2394	 8
1412	 2387	 8
1529	 2367	 8
1602	 2396	 7
1679	 2431	 7
1797	 2412	 7
1896	 2392	 7
1975	 2387	 7
2113	 2426	 7
2198	 2357	 14
2347	 2439	 14
2387	 2414	 14
2485	 2396	 14
2591	 2438	 14
2704	 2393	 2
2803	 2405	 2
2886	 2371	 2
2977	 2397	 2
3101	 2420	 2
-7	 2481	 1
85	 2506	 1
193	 2548	 1
340	 2499	 1
384	 2531	 1
495	 2512	 1
574	 2500	 1
699	 2476	 1
789	 2480	 8
921	 2494	 8
997	 2471	 8
1071	 2472	 8
1218	 2486	 8
1297	 2513	 8
1429	 2511	 8
1531	 2545	 7
1614	 2507	 7
1689	 2513	 7
1781	 2468	 7
1896	 2476	 7
2002	 2521	 7
2119	 2481	 7
2201	 2509	 7
2303	 2485	 16
2391	 2507	 16
2497	 2507	 16
2617	 2511	 2
2673	 2463	 2
2754	 2503	 2
2894	 2508	 2
2958	 2485	 2
3122	 2452	 2
11	 2600	 1
131	 2609	 1
237	 2606	 1
289	 2599	 1
395	 2551	 1
511	 2615	 1
616	 2630	 1
666	 2640	 1
834	 2644	 8
907	 2581	 8
1031	 2625	 8
1052	 2622	 8
1215	 2592	 8
1292	 2619	 8
1408	 2619	 7
1537	 2594	 7
1607	 2585	 7
1711	 2624	 7
1814	 2598	 7
1862	 2622	 7
2023	 2586	 7
2116	 2579	 7
2212	 2586	 7
2292	 2593	 2
2375	 2629	 16
2486	 2594	 2
2626	 2622	 2
2698	 2610	 2
2775	 2576	 2
2918	 2615	 2
3000	 2578	 2
3131	 2605	 2
-3	 2736	 1
86	 2718	 1
197	 2682	 1
277	 2705	 1
404	 2685	 1
500	 2721	 1
604	 2705	 1
684	 2711	 1
795	 2694	 1
890	 2691	 8
1047	 2695	 8
1125	 2706	 8
1184	 2700	 8
1301	 2698	 8
1367	 2671	 7
1499	 2702	 7
1608	 2691	 7
1707	 2701	 7
1810	 2699	 7
1892	 2670	 7
1974	 2664	 7
2087	 2680	 7
2207	 2666	 7
2271	 2716	 2
2376	 2714	 2
2499	 2714	 2
2554	 2676	 2
2710	 2703	 2
2750	 2699	 2
2944	 2674	 2
3047	 2738	 2
3094	 2706	 2
-21	 2765	 1
107	 2822	 1
209	 2809	 1
307	 2800	 1
404	 2801	 1
492	 2839	 1
598	 2827	 1
700	 2787	 1
767	 2842	 8
855	 2784	 8
1025	 2805	 8
1097	 2784	 8
1215	 2806	 8
1342	 2802	 7
1399	 2756	 7
1534	 2792	 7
1598	 2785	 7
1693	 2825	 7
1776	 2834	 7
1927	 2840	 7
2007	 2823	 7
2080	 2809	 7
2217	 2815	 2
2324	 2799	 2
2420	 2826	 2
2491	 2816	 2
2586	 2829	 2
2703	 2800	 2
2814	 2793	 2
2925	 2796	 2
3007	 2784	 2
3077	 2809	 2
-6	 2893	 1
62	 2864	 1
215	 2926	 1
282	 2905	 1
397	 2890	 1
471	 2946	 1
618	 2869	 1
713	 2914	 1
807	 2922	 1
927	 2899	 8
961	 2939	 8
1075	 2886	 8
1219	 2930	 8
1317	 2924	 8
1370	 2857	 8
1517	 2864	 7
1595	 2903	 7
1712	 2930	 7
1797	 2919	 7
1944	 2943	 7
2011	 2883	 7
2063	 2902	 7
2216	 2899	 7
2308	 2931	 2
2446	 2914	 2
2513	 2873	 2
2632	 2938	 2
2718	 2884	 2
2815	 2916	 2
2884	 2893	 2
3032	 2870	 2
3141	 2922	 2
35	 3000	 1
109	 2965	 1
190	 3014	 1
285	 3025	 1
391	 3031	 1
480	 2988	 1
613	 3001	 1
689	 3001	 1
805	 2961	 8
866	 2976	 8
1029	 3006	 8
1141	 2990	 8
1189	 3010	 8
1334	 3021	 8
1368	 2994	 8
1499	 2981	 7
1599	 2984	 7
1677	 3026	 7
1787	 2985	 7
1927	 3006	 7
2016	 2957	 7
2094	 2996	 7
2164	 2998	 7
2335	 2981	 7
2422	 2977	 2
2494	 2999	 2
2623	 2954	 2
2680	 3031	 2
2787	 3019	 2
2863	 2995	 2
3025	 3042	 2
3104	 2998	 2
6	 3110	 1
73	 3111	 1
181	 3093	 1
297	 3111	 1
445	 3096	 1
493	 3097	 1
569	 3107	 1
705	 3141	 8
791	 3115	 8
929	 3124	 8
1001	 3127	 8
1136	 3097	 8
1184	 3095	 8
1300	 3119	 8
1383	 3071	 8
1516	 3105	 7
1602	 3079	 7
1664	 3117	 7
1778	 3121	 7
1923	 3059	 7
1974	 3081	 7
2072	 3095	 7
2191	 3130	 7
2266	 3101	 2
2417	 3091	 2
2501	 3064	 2
2589	 3109	 2
2699	 3133	 2
2794	 3089	 2
2906	 3145	 2
2959	 3082	 2
3110	 3093	 2

0	 1	 194	 16.00
0	 32	 222	 16.00
1	 2	 200	 17.00
1	 33	 182	 22.00
2	 3	 161	 24.00
2	 34	 188	 23.00
3	 4	 190	 17.00
3	 35	 185	 20.00
4	 5	 167	 17.00
4	 36	 226	 24.00
5	 6	 172	 19.00
5	 37	 161	 21.00
6	 7	 222	 21.00
6	 38	 167	 22.00
7	 8	 173	 20.00
7	 39	 225	 21.00
8	 9	 205	 18.00
8	 40	 219	 18.00
9	 10	 209	 24.00
9	 41	 178	 22.00
10	 11	 204	 22.00
10	 42	 216	 17.00
11	 12	 232	 24.00
11	 43	 162	 22.00
12	 13	 219	 20.00
12	 44	 196	 19.00
13	 14	 165	 18.00
13	 45	 225	 18.00
14	 15	 236	 22.00
14	 46	 201	 16.00
15	 16	 203	 23.00
15	 47	 165	 19.00
16	 17	 227	 22.00
16	 48	 217	 16.00
17	 18	 183	 16.00
17	 49	 226	 22.00
18	 19	 184	 17.00
18	 50	 229	 16.00
19	 20	 186	 19.00
19	 51	 209	 23.00
20	 21	 182	 24.00
20	 52	 199	 19.00
21	 22	 223	 18.00
21	 53	 171	 24.00
22	 23	 208	 21.00
22	 54	 229	 18.00
23	 24	 171	 24.00
23	 55	 171	 21.00
24	 25	 202	 19.00
24	 56	 222	 18.00
25	 26	 163	 17.00
25	 57	 232	 22.00
26	 27	 179	 18.00
26	 58	 193	 21.00
27	 28	 193	 23.00
27	 59	 179	 18.00
28	 29	 229	 23.00
28	 60	 186	 20.00
29	 30	 165	 21.00
29	 61	 216	 20.00
30	 31	 220	 20.00
30	 62	 230	 21.00
31	 63	 188	 21.00
32	 33	 193	 17.00
32	 64	 208	 18.00
33	 34	 206	 18.00
33	 65	 240	 24.00
34	 35	 208	 23.00
34	 66	 221	 16.00
35	 36	 222	 19.00
35	 67	 185	 19.00
36	 37	 163	 21.00
36	 68	 207	 17.00
37	 38	 235	 20.00
37	 69	 205	 18.00
38	 39	 171	 17.00
38	 70	 223	 17.00
39	 40	 233	 24.00
39	 71	 199	 17.00
40	 41	 219	 24.00
40	 72	 191	 20.00
41	 42	 199	 20.00
41	 73	 174	 20.00
42	 43	 201	 16.00
42	 74	 232	 22.00
43	 44	 189	 24.00
43	 75	 187	 23.00
44	 45	 192	 24.00
44	 76	 170	 17.00
45	 46	 161	 22.00
45	 77	 168	 22.00
46	 47	 240	 20.00
46	 78	 173	 17.00
47	 48	 203	 17.00
47	 79	 235	 21.00
48	 49	 185	 22.00
48	 80	 186	 21.00
49	 50	 164	 17.00
49	 81	 226	 22.00
50	 51	 209	 17.00
50	 82	 164	 19.00
51	 52	 224	 23.00
51	 83	 213	 19.00
52	 53	 188	 21.00
52	 84	 216	 21.00
53	 54	 195	 24.00
53	 85	 225	 16.00
54	 55	 176	 22.00
54	 86	 236	 21.00
55	 56	 193	 22.00
55	 87	 161	 21.00
56	 57	 211	 16.00
56	 88	 189	 18.00
57	 58	 192	 21.00
57	 89	 160	 16.00
58	 59	 185	 16.00
58	 90	 223	 22.00
59	 60	 221	 20.00
59	 91	 208	 17.00
60	 61	 206	 22.00
60	 92	 234	 22.00
61	 62	 210	 20.00
61	 93	 212	 24.00
62	 63	 162	 18.00
62	 94	 170	 19.00
63	 95	 226	 20.00
64	 65	 222	 20.00
64	 96	 176	 22.00
65	 66	 237	 16.00
65	 97	 225	 22.00
66	 67	 191	 21.00
66	 98	 222	 18.00
67	 68	 167	 17.00
67	 99	 216	 17.00
68	 69	 195	 21.00
68	 100	 175	 19.00
69	 70	 166	 21.00
69	 101	 213	 22.00
70	 71	 217	 17.00
70	 102	 174	 16.00
71	 72	 216	 22.00
71	 103	 216	 23.00
72	 73	 196	 19.00
72	 104	 193	 24.00
73	 74	 165	 21.00
73	 105	 214	 21.00
74	 75	 166	 17.00
74	 106	 216	 20.00
75	 76	 160	 21.00
75	 107	 208	 17.00
76	 77	 236	 21.00
76	 108	 188	 20.00
77	 78	 187	 16.00
77	 109	 187	 21.00
78	 79	 196	 21.00
78	 110	 180	 18.00
79	 80	 177	 24.00
79	 111	 175	 19.00
80	 81	 212	 24.00
80	 112	 238	 19.00
81	 82	 210	 19.00
81	 113	 208	 17.00
82	 83	 190	 16.00
82	 114	 209	 16.00
83	 84	 168	 24.00
83	 115	 165	 21.00
84	 85	 237	 20.00
84	 116	 197	 23.00
85	 86	 236	 17.00
85	 117	 199	 20.00
86	 87	 164	 16.00
86	 118	 216	 22.00
87	 88	 214	 21.00
87	 119	 162	 17.00
88	 89	 209	 18.00
88	 120	 161	 17.00
89	 90	 216	 17.00
89	 121	 179	 19.00
90	 91	 192	 21.00
90	 122	 238	 21.00
91	 92	 191	 18.00
91	 123	 200	 21.00
92	 93	 183	 19.00
92	 124	 185	 16.00
93	 94	 172	 18.00
93	 125	 175	 18.00
94	 95	 240	 16.00
94	 126	 194	 19.00
95	 127	 219	 19.00
96	 97	 162	 22.00
96	 128	 199	 21.00
97	 98	 209	 21.00
97	 129	 176	 20.00
98	 99	 197	 22.00
98	 130	 191	 19.00
99	 100	 199	 18.00
99	 131	 236	 23.00
100	 101	 223	 24.00
100	 132	 221	 16.00
101	 102	 174	 16.00
101	 133	 219	 22.00
102	 103	 166	 16.00
102	 134	 161	 21.00
103	 104	 173	 22.00
103	 135	 237	 24.00
104	 105	 176	 16.00
104	 136	 213	 18.00
105	 106	 211	 23.00
105	 137	 222	 23.00
106	 107	 223	 16.00
106	 138	 165	 16.00
107	 108	 196	 20.00
107	 139	 193	 17.00
108	 109	 162	 22.00
108	 140	 227	 16.00
109	 110	 175	 18.00
109	 141	 196	 16.00
110	 111	 233	 19.00
110	 142	 200	 19.00
111	 112	 167	 24.00
111	 143	 233	 21.00
112	 113	 182	 18.00
112	 144	 174	 23.00
113	 114	 233	 22.00
113	 145	 189	 23.00
114	 115	 180	 20.00
114	 146	 218	 19.00
115	 116	 237	 16.00
115	 147	 230	 20.00
116	 117	 194	 20.00
116	 148	 180	 19.00
117	 118	 224	 18.00
117	 149	 173	 16.00
118	 119	 177	 17.00
118	 150	 227	 24.00
119	 120	 178	 17.00
119	 151	 217	 17.00
120	 121	 198	 19.00
120	 152	 193	 16.00
121	 122	 215	 18.00
121	 153	 207	 17.00
122	 123	 178	 16.00
122	 154	 160	 17.00
123	 124	 234	 16.00
123	 155	 232	 23.00
124	 125	 189	 16.00
124	 156	 200	 17.00
125	 126	 233	 18.00
125	 157	 211	 20.00
126	 127	 200	 16.00
126	 158	 194	 16.00
127	 159	 163	 17.00
128	 129	 162	 16.00
128	 160	 178	 18.00
129	 130	 167	 21.00
129	 161	 237	 17.00
130	 131	 237	 24.00
130	 162	 161	 21.00
131	 132	 189	 16.00
131	 163	 226	 22.00
132	 133	 176	 23.00
132	 164	 229	 22.00
133	 134	 194	 18.00
133	 165	 187	 22.00
134	 135	 176	 20.00
134	 166	 164	 21.00
135	 136	 171	 23.00
135	 167	 182	 23.00
136	 137	 197	 22.00
136	 168	 210	 19.00
137	 138	 208	 21.00
137	 169	 182	 19.00
138	 139	 170	 18.00
138	 170	 218	 22.00
139	 140	 235	 21.00
139	 171	 229	 20.00
140	 141	 235	 22.00
140	 172	 200	 19.00
141	 142	 200	 17.00
141	 173	 181	 21.00
142	 143	 218	 18.00
142	 174	 218	 17.00
143	 144	 160	 19.00
143	 175	 178	 18.00
144	 145	 178	 23.00
144	 176	 234	 16.00
145	 146	 167	 18.00
145	 177	 161	 20.00
146	 147	 216	 18.00
146	 178	 164	 18.00
147	 148	 210	 23.00
147	 179	 173	 20.00
148	 149	 218	 20.00
148	 180	 207	 16.00
149	 150	 207	 19.00
149	 181	 216	 17.00
150	 151	 204	 17.00
150	 182	 240	 18.00
151	 152	 227	 22.00
151	 183	 236	 23.00
152	 153	 198	 24.00
152	 184	 234	 17.00
153	 154	 160	 23.00
153	 185	 232	 24.00
154	 155	 221	 20.00
154	 186	 183	 22.00
155	 156	 214	 18.00
155	 187	 229	 16.00
156	 157	 225	 22.00
156	 188	 166	 19.00
157	 158	 182	 20.00
157	 189	 214	 19.00
158	 159	 205	 21.00
158	 190	 161	 16.00
159	 191	 218	 21.00
160	 161	 234	 17.00
160	 192	 189	 17.00
161	 162	 211	 22.00
161	 193	 208	 20.00
162	 163	 171	 19.00
162	 194	 193	 20.00
163	 164	 236	 21.00
163	 195	 205	 20.00
164	 165	 188	 23.00
164	 196	 185	 21.00
165	 166	 162	 17.00
165	 197	 189	 19.00
166	 167	 160	 16.00
166	 198	 175	 18.00
167	 168	 213	 23.00
167	 199	 237	 18.00
168	 169	 167	 24.00
168	 200	 213	 21.00
169	 170	 216	 23.00
169	 201	 227	 19.00
170	 171	 177	 23.00
170	 202	 192	 24.00
171	 172	 165	 16.00
171	 203	 238	 19.00
172	 173	 238	 18.00
172	 204	 204	 16.00
173	 174	 213	 23.00
173	 205	 201	 23.00
174	 175	 233	 17.00
174	 206	 179	 24.00
175	 176	 179	 19.00
175	 207	 221	 24.00
176	 177	 173	 19.00
176	 208	 203	 17.00
177	 178	 192	 16.00
177	 209	 196	 24.00
178	 179	 209	 24.00
178	 210	 225	 24.00
179	 180	 197	 23.00
179	 211	 235	 18.00
180	 181	 235	 24.00
180	 212	 212	 23.00
181	 182	 221	 18.00
181	 213	 203	 16.00
182	 183	 164	 19.00
182	 214	 182	 23.00
183	 184	 190	 16.00
183	 215	 194	 24.00
184	 185	 189	 16.00
184	 216	 224	 22.00
185	 186	 214	 17.00
185	 217	 194	 17.00
186	 187	 210	 21.00
186	 218	 229	 17.00
187	 188	 202	 21.00
187	 219	 174	 16.00
188	 189	 228	 22.00
188	 220	 238	 22.00
189	 190	 230	 20.00
189	 221	 170	 19.00
190	 191	 235	 18.00
190	 222	 210	 22.00
191	 223	 221	 20.00
192	 193	 210	 23.00
192	 224	 177	 16.00
193	 194	 173	 18.00
193	 225	 202	 24.00
194	 195	 165	 18.00
194	 226	 236	 16.00
195	 196	 219	 18.00
195	 227	 218	 24.00
196	 197	 181	 19.00
196	 228	 216	 17.00
197	 198	 173	 16.00
197	 229	 169	 16.00
198	 199	 174	 17.00
198	 230	 200	 19.00
199	 200	 186	 16.00
199	 231	 183	 23.00
200	 201	 221	 20.00
200	 232	 215	 19.00
201	 202	 232	 16.00
201	 233	 173	 23.00
202	 203	 194	 18.00
202	 234	 223	 16.00
203	 204	 214	 18.00
203	 235	 181	 19.00
204	 205	 199	 21.00
204	 236	 234	 17.00
205	 206	 166	 16.00
205	 237	 180	 24.00
206	 207	 228	 24.00
206	 238	 203	 17.00
207	 208	 181	 18.00
207	 239	 193	 19.00
208	 209	 201	 20.00
208	 240	 207	 18.00
209	 210	 227	 20.00
209	 241	 197	 16.00
210	 211	 219	 23.00
210	 242	 162	 24.00
211	 212	 230	 23.00
211	 243	 236	 18.00
212	 213	 230	 22.00
212	 244	 184	 23.00
213	 214	 161	 24.00
213	 245	 172	 22.00
214	 215	 208	 19.00
214	 246	 174	 16.00
215	 216	 237	 24.00
215	 247	 183	 24.00
216	 217	 228	 16.00
216	 248	 211	 20.00
217	 218	 177	 23.00
217	 249	 233	 19.00
218	 219	 174	 19.00
218	 250	 167	 24.00
219	 220	 206	 20.00
219	 251	 222	 17.00
220	 221	 225	 16.00
220	 252	 236	 24.00
221	 222	 224	 21.00
221	 253	 196	 24.00
222	 223	 172	 21.00
222	 254	 170	 17.00
223	 255	 198	 24.00
224	 225	 213	 24.00
224	 256	 196	 18.00
225	 226	 240	 16.00
225	 257	 189	 17.00
226	 227	 166	 22.00
226	 258	 201	 20.00
227	 228	 186	 18.00
227	 259	 167	 18.00
228	 229	 224	 24.00
228	 260	 225	 17.00
229	 230	 198	 19.00
229	 261	 215	 21.00
230	 231	 224	 24.00
230	 262	 231	 21.00
231	 232	 218	 21.00
231	 263	 179	 24.00
232	 233	 238	 24.00
232	 264	 184	 22.00
233	 234	 214	 22.00
233	 265	 174	 22.00
234	 235	 178	 18.00
234	 266	 229	 19.00
235	 236	 222	 17.00
235	 267	 169	 16.00
236	 237	 181	 24.00
236	 268	 179	 23.00
237	 238	 187	 23.00
237	 269	 164	 24.00
238	 239	 161	 18.00
238	 270	 209	 18.00
239	 240	 236	 21.00
239	 271	 187	 17.00
240	 241	 223	 17.00
240	 272	 169	 19.00
241	 242	 162	 16.00
241	 273	 196	 17.00
242	 243	 185	 17.00
242	 274	 165	 24.00
243	 244	 209	 19.00
243	 275	 201	 16.00
244	 245	 201	 16.00
244	 276	 183	 21.00
245	 246	 189	 23.00
245	 277	 224	 22.00
246	 247	 206	 17.00
246	 278	 188	 18.00
247	 248	 238	 24.00
247	 279	 185	 23.00
248	 249	 176	 24.00
248	 280	 236	 20.00
249	 250	 233	 21.00
249	 281	 165	 16.00
250	 251	 191	 19.00
250	 282	 226	 17.00
251	 252	 220	 18.00
251	 283	 205	 19.00
252	 253	 170	 20.00
252	 284	 224	 22.00
253	 254	 184	 16.00
253	 285	 177	 23.00
254	 255	 207	 22.00
254	 286	 185	 17.00
255	 287	 200	 23.00
256	 257	 181	 19.00
256	 288	 217	 18.00
257	 258	 202	 19.00
257	 289	 192	 16.00
258	 259	 191	 17.00
258	 290	 202	 21.00
259	 260	 196	 20.00
259	 291	 239	 17.00
260	 261	 205	 23.00
260	 292	 175	 23.00
261	 262	 191	 16.00
261	 293	 181	 23.00
262	 263	 221	 16.00
262	 294	 224	 23.00
263	 264	 203	 19.00
263	 295	 203	 22.00
264	 265	 174	 17.00
264	 296	 171	 20.00
265	 266	 190	 18.00
265	 297	 174	 20.00
266	 267	 229	 20.00
266	 298	 173	 16.00
267	 268	 216	 22.00
267	 299	 171	 17.00
268	 269	 233	 22.00
268	 300	 202	 23.00
269	 270	 205	 18.00
269	 301	 225	 21.00
270	 271	 227	 21.00
270	 302	 172	 23.00
271	 272	 228	 23.00
271	 303	 160	 19.00
272	 273	 219	 16.00
272	 304	 218	 18.00
273	 274	 187	 17.00
273	 305	 211	 19.00
274	 275	 228	 16.00
274	 306	 177	 22.00
275	 276	 236	 24.00
275	 307	 223	 21.00
276	 277	 234	 23.00
276	 308	 166	 19.00
277	 278	 193	 19.00
277	 309	 224	 19.00
278	 279	 225	 19.00
278	 310	 171	 19.00
279	 280	 184	 21.00
279	 311	 219	 20.00
280	 281	 240	 21.00
280	 312	 214	 20.00
281	 282	 236	 20.00
281	 313	 172	 24.00
282	 283	 181	 17.00
282	 314	 220	 24.00
283	 284	 229	 19.00
283	 315	 232	 19.00
284	 285	 238	 18.00
284	 316	 239	 24.00
285	 286	 240	 19.00
285	 317	 202	 21.00
286	 287	 212	 17.00
286	 318	 196	 20.00
287	 319	 175	 23.00
288	 289	 196	 20.00
288	 320	 212	 18.00
289	 290	 228	 16.00
289	 321	 163	 19.00
290	 291	 201	 18.00
290	 322	 170	 18.00
291	 292	 170	 22.00
291	 323	 239	 23.00
292	 293	 195	 21.00
292	 324	 194	 16.00
293	 294	 228	 22.00
293	 325	 193	 20.00
294	 295	 215	 17.00
294	 326	 227	 24.00
295	 296	 192	 20.00
295	 327	 172	 22.00
296	 297	 219	 23.00
296	 328	 180	 23.00
297	 298	 228	 21.00
297	 329	 181	 23.00
298	 299	 183	 17.00
298	 330	 227	 23.00
299	 300	 167	 21.00
299	 331	 160	 22.00
300	 301	 171	 24.00
300	 332	 221	 18.00
301	 302	 207	 21.00
301	 333	 176	 18.00
302	 303	 193	 24.00
302	 334	 185	 23.00
303	 304	 236	 18.00
303	 335	 162	 21.00
304	 305	 164	 22.00
304	 336	 164	 23.00
305	 306	 225	 21.00
305	 337	 236	 16.00
306	 307	 240	 23.00
306	 338	 190	 22.00
307	 308	 183	 24.00
307	 339	 229	 24.00
308	 309	 185	 20.00
308	 340	 223	 20.00
309	 310	 178	 19.00
309	 341	 167	 20.00
310	 311	 169	 16.00
310	 342	 164	 16.00
311	 312	 172	 18.00
311	 343	 197	 18.00
312	 313	 189	 19.00
312	 344	 215	 20.00
313	 314	 166	 24.00
313	 345	 216	 19.00
314	 315	 209	 24.00
314	 346	 181	 21.00
315	 316	 226	 24.00
315	 347	 193	 16.00
316	 317	 232	 20.00
316	 348	 240	 16.00
317	 318	 187	 22.00
317	 349	 211	 19.00
318	 319	 214	 16.00
318	 350	 161	 17.00
319	 351	 225	 16.00
320	 321	 227	 20.00
320	 352	 187	 16.00
321	 322	 186	 22.00
321	 353	 210	 19.00
322	 323	 193	 23.00
322	 354	 233	 18.00
323	 324	 238	 23.00
323	 355	 204	 20.00
324	 325	 209	 21.00
324	 356	 235	 23.00
325	 326	 184	 24.00
325	 357	 220	 18.00
326	 327	 206	 17.00
326	 358	 188	 22.00
327	 328	 225	 24.00
327	 359	 181	 20.00
328	 329	 224	 17.00
328	 360	 219	 23.00
329	 330	 173	 17.00
329	 361	 202	 21.00
330	 331	 184	 19.00
330	 362	 207	 19.00
331	 332	 204	 19.00
331	 363	 190	 16.00
332	 333	 181	 21.00
332	 364	 219	 22.00
333	 334	 177	 23.00
333	 365	 192	 19.00
334	 335	 197	 21.00
334	 366	 219	 21.00
335	 336	 192	 23.00
335	 367	 163	 19.00
336	 337	 178	 18.00
336	 368	 201	 19.00
337	 338	 199	 22.00
337	 369	 200	 23.00
338	 339	 179	 20.00
338	 370	 175	 23.00
339	 340	 162	 22.00
339	 371	 189	 18.00
340	 341	 235	 21.00
340	 372	 204	 23.00
341	 342	 176	 23.00
341	 373	 223	 22.00
342	 343	 167	 18.00
342	 374	 235	 18.00
343	 344	 230	 16.00
343	 375	 186	 20.00
344	 345	 194	 17.00
344	 376	 213	 22.00
345	 346	 236	 20.00
345	 377	 239	 18.00
346	 347	 194	 24.00
346	 378	 224	 17.00
347	 348	 236	 18.00
347	 379	 226	 24.00
348	 349	 195	 24.00
348	 380	 208	 19.00
349	 350	 179	 24.00
349	 381	 177	 18.00
350	 351	 167	 16.00
350	 382	 188	 16.00
351	 383	 221	 21.00
352	 353	 191	 16.00
352	 384	 180	 16.00
353	 354	 161	 21.00
353	 385	 190	 23.00
354	 355	 238	 20.00
354	 386	 186	 23.00
355	 356	 176	 21.00
355	 387	 231	 22.00
356	 357	 164	 24.00
356	 388	 191	 21.00
357	 358	 186	 20.00
357	 389	 188	 22.00
358	 359	 234	 20.00
358	 390	 216	 24.00
359	 360	 184	 18.00
359	 391	 169	 21.00
360	 361	 214	 23.00
360	 392	 236	 23.00
361	 362	 186	 22.00
361	 393	 204	 17.00
362	 363	 169	 24.00
362	 394	 216	 21.00
363	 364	 216	 21.00
363	 395	 196	 23.00
364	 365	 170	 16.00
364	 396	 207	 17.00
365	 366	 173	 18.00
365	 397	 166	 21.00
366	 367	 193	 19.00
366	 398	 170	 17.00
367	 368	 236	 16.00
367	 399	 166	 20.00
368	 369	 219	 24.00
368	 400	 160	 22.00
369	 370	 211	 20.00
369	 401	 213	 24.00
370	 371	 180	 16.00
370	 402	 239	 23.00
371	 372	 189	 16.00
371	 403	 173	 23.00
372	 373	 211	 20.00
372	 404	 213	 24.00
373	 374	 196	 24.00
373	 405	 232	 17.00
374	 375	 191	 17.00
374	 406	 218	 24.00
375	 376	 234	 21.00
375	 407	 217	 16.00
376	 377	 230	 23.00
376	 408	 215	 16.00
377	 378	 161	 21.00
377	 409	 207	 23.00
378	 379	 184	 24.00
378	 410	 239	 16.00
379	 380	 229	 17.00
379	 411	 222	 20.00
380	 381	 234	 24.00
380	 412	 201	 24.00
381	 382	 189	 18.00
381	 413	 196	 17.00
382	 383	 240	 20.00
382	 414	 164	 24.00
383	 415	 218	 16.00
384	 385	 177	 22.00
384	 416	 190	 19.00
385	 386	 200	 21.00
385	 417	 228	 17.00
386	 387	 166	 24.00
386	 418	 188	 23.00
387	 388	 172	 17.00
387	 419	 160	 23.00
388	 389	 221	 19.00
388	 420	 230	 22.00
389	 390	 186	 22.00
389	 421	 239	 24.00
390	 391	 178	 21.00
390	 422	 220	 21.00
391	 392	 169	 21.00
391	 423	 172	 16.00
392	 393	 171	 21.00
392	 424	 226	 17.00
393	 394	 217	 20.00
393	 425	 191	 22.00
394	 395	 162	 24.00
394	 426	 212	 20.00
395	 396	 227	 24.00
395	 427	 176	 18.00
396	 397	 232	 24.00
396	 428	 211	 18.00
397	 398	 236	 19.00
397	 429	 185	 23.00
398	 399	 232	 22.00
398	 430	 213	 24.00
399	 400	 200	 22.00
399	 431	 166	 22.00
400	 401	 217	 21.00
400	 432	 221	 21.00
401	 402	 192	 17.00
401	 433	 226	 18.00
402	 403	 183	 20.00
402	 434	 161	 20.00
403	 404	 163	 21.00
403	 435	 169	 22.00
404	 405	 178	 21.00
404	 436	 229	 20.00
405	 406	 166	 16.00
405	 437	 181	 22.00
406	 407	 162	 20.00
406	 438	 230	 18.00
407	 408	 176	 18.00
407	 439	 210	 21.00
408	 409	 161	 23.00
408	 440	 203	 16.00
409	 410	 189	 16.00
409	 441	 179	 24.00
410	 411	 214	 21.00
410	 442	 200	 17.00
411	 412	 207	 19.00
411	 443	 229	 19.00
412	 413	 166	 17.00
412	 444	 231	 21.00
413	 414	 215	 24.00
413	 445	 200	 24.00
414	 415	 178	 22.00
414	 446	 222	 16.00
415	 447	 190	 19.00
416	 417	 226	 20.00
416	 448	 229	 22.00
417	 418	 166	 24.00
417	 449	 210	 22.00
418	 419	 171	 23.00
418	 450	 163	 24.00
419	 420	 180	 19.00
419	 451	 171	 24.00
420	 421	 234	 20.00
420	 452	 202	 21.00
421	 422	 181	 21.00
421	 453	 199	 23.00
422	 423	 184	 16.00
422	 454	 211	 22.00
423	 424	 224	 16.00
423	 455	 162	 18.00
424	 425	 165	 23.00
424	 456	 185	 22.00
425	 426	 232	 18.00
425	 457	 209	 17.00
426	 427	 179	 21.00
426	 458	 230	 24.00
427	 428	 205	 24.00
427	 459	 193	 21.00
428	 429	 218	 23.00
428	 460	 223	 24.00
429	 430	 167	 20.00
429	 461	 233	 16.00
430	 431	 208	 18.00
430	 462	 234	 18.00
431	 432	 163	 17.00
431	 463	 231	 20.00
432	 433	 222	 17.00
432	 464	 175	 20.00
433	 434	 222	 18.00
433	 465	 233	 17.00
434	 435	 193	 18.00
434	 466	 160	 21.00
435	 436	 187	 19.00
435	 467	 211	 16.00
436	 437	 200	 22.00
436	 468	 213	 21.00
437	 438	 213	 23.00
437	 469	 178	 19.00
438	 439	 231	 17.00
438	 470	 216	 19.00
439	 440	 225	 18.00
439	 471	 191	 19.00
440	 441	 211	 22.00
440	 472	 173	 23.00
441	 442	 200	 24.00
441	 473	 230	 23.00
442	 443	 221	 22.00
442	 474	 228	 24.00
443	 444	 209	 18.00
443	 475	 167	 19.00
444	 445	 192	 19.00
444	 476	 186	 22.00
445	 446	 194	 22.00
445	 477	 238	 24.00
446	 447	 196	 22.00
446	 478	 177	 24.00
447	 479	 235	 16.00
448	 449	 189	 23.00
448	 480	 181	 24.00
449	 450	 205	 23.00
449	 481	 170	 17.00
450	 451	 174	 20.00
450	 482	 178	 18.00
451	 452	 234	 24.00
451	 483	 213	 23.00
452	 453	 162	 22.00
452	 484	 204	 16.00
453	 454	 164	 24.00
453	 485	 231	 19.00
454	 455	 231	 23.00
454	 486	 203	 24.00
455	 456	 175	 17.00
455	 487	 238	 24.00
456	 457	 185	 21.00
456	 488	 210	 16.00
457	 458	 203	 20.00
457	 489	 176	 23.00
458	 459	 176	 21.00
458	 490	 186	 20.00
459	 460	 171	 24.00
459	 491	 188	 19.00
460	 461	 225	 24.00
460	 492	 186	 16.00
461	 462	 167	 24.00
461	 493	 179	 21.00
462	 463	 163	 16.00
462	 494	 181	 22.00
463	 464	 179	 19.00
463	 495	 208	 21.00
464	 465	 199	 24.00
464	 496	 172	 23.00
465	 466	 238	 16.00
465	 497	 165	 22.00
466	 467	 167	 22.00
466	 498	 183	 16.00
467	 468	 239	 20.00
467	 499	 207	 17.00
468	 469	 165	 22.00
468	 500	 171	 18.00
469	 470	 183	 22.00
469	 501	 231	 21.00
470	 471	 215	 17.00
470	 502	 172	 19.00
471	 472	 173	 19.00
471	 503	 169	 18.00
472	 473	 163	 22.00
472	 504	 168	 20.00
473	 474	 169	 16.00
473	 505	 164	 18.00
474	 475	 230	 20.00
474	 506	 187	 17.00
475	 476	 190	 16.00
475	 507	 167	 19.00
476	 477	 226	 19.00
476	 508	 210	 22.00
477	 478	 194	 24.00
477	 509	 222	 16.00
478	 479	 193	 23.00
478	 510	 239	 18.00
479	 511	 215	 21.00
480	 481	 199	 21.00
480	 512	 180	 21.00
481	 482	 213	 16.00
481	 513	 180	 24.00
482	 483	 183	 17.00
482	 514	 214	 22.00
483	 484	 204	 23.00
483	 515	 192	 19.00
484	 485	 208	 16.00
484	 516	 215	 22.00
485	 486	 201	 16.00
485	 517	 182	 16.00
486	 487	 199	 23.00
486	 518	 168	 20.00
487	 488	 211	 19.00
487	 519	 204	 24.00
488	 489	 183	 20.00
488	 520	 173	 23.00
489	 490	 232	 16.00
489	 521	 179	 20.00
490	 491	 235	 22.00
490	 522	 197	 23.00
491	 492	 194	 21.00
491	 523	 163	 19.00
492	 493	 197	 23.00
492	 524	 218	 20.00
493	 494	 215	 19.00
493	 525	 220	 19.00
494	 495	 226	 18.00
494	 526	 186	 19.00
495	 496	 182	 17.00
495	 527	 205	 19.00
496	 497	 222	 18.00
496	 528	 175	 18.00
497	 498	 219	 18.00
497	 529	 236	 23.00
498	 499	 226	 21.00
498	 530	 161	 21.00
499	 500	 223	 18.00
499	 531	 228	 17.00
500	 501	 231	 16.00
500	 532	 212	 24.00
501	 502	 211	 16.00
501	 533	 210	 19.00
502	 503	 174	 19.00
502	 534	 236	 17.00
503	 504	 231	 17.00
503	 535	 163	 16.00
504	 505	 225	 23.00
504	 536	 198	 22.00
505	 506	 167	 20.00
505	 537	 216	 22.00
506	 507	 193	 22.00
506	 538	 185	 22.00
507	 508	 231	 23.00
507	 539	 230	 24.00
508	 509	 193	 24.00
508	 540	 194	 21.00
509	 510	 209	 22.00
509	 541	 224	 20.00
510	 511	 211	 18.00
510	 542	 208	 18.00
511	 543	 240	 24.00
512	 513	 216	 18.00
512	 544	 233	 18.00
513	 514	 186	 16.00
513	 545	 209	 16.00
514	 515	 188	 20.00
514	 546	 227	 19.00
515	 516	 171	 20.00
515	 547	 194	 20.00
516	 517	 171	 16.00
516	 548	 196	 19.00
517	 518	 231	 20.00
517	 549	 228	 24.00
518	 519	 173	 22.00
518	 550	 225	 21.00
519	 520	 213	 24.00
519	 551	 193	 21.00
520	 521	 237	 19.00
520	 552	 179	 18.00
521	 522	 197	 19.00
521	 553	 199	 20.00
522	 523	 188	 20.00
522	 554	 226	 22.00
523	 524	 199	 21.00
523	 555	 230	 20.00
524	 525	 182	 17.00
524	 556	 197	 24.00
525	 526	 203	 21.00
525	 557	 187	 17.00
526	 527	 167	 24.00
526	 558	 206	 18.00
527	 528	 186	 23.00
527	 559	 231	 20.00
528	 529	 166	 17.00
528	 560	 164	 22.00
529	 530	 183	 17.00
529	 561	 215	 16.00
530	 531	 205	 19.00
530	 562	 223	 22.00
531	 532	 173	 24.00
531	 563	 215	 24.00
532	 533	 229	 23.00
532	 564	 163	 17.00
533	 534	 171	 24.00
533	 565	 169	 20.00
534	 535	 199	 18.00
534	 566	 228	 23.00
535	 536	 162	 18.00
535	 567	 162	 23.00
536	 537	 238	 19.00
536	 568	 188	 16.00
537	 538	 196	 22.00
537	 569	 175	 16.00
538	 539	 232	 22.00
538	 570	 220	 16.00
539	 540	 223	 20.00
539	 571	 179	 18.00
540	 541	 238	 24.00
540	 572	 163	 16.00
541	 542	 185	 22.00
541	 573	 237	 17.00
542	 543	 226	 23.00
542	 574	 223	 18.00
543	 575	 198	 20.00
544	 545	 187	 20.00
544	 576	 196	 23.00
545	 546	 213	 17.00
545	 577	 196	 21.00
546	 547	 218	 22.00
546	 578	 186	 18.00
547	 548	 192	 23.00
547	 579	 211	 19.00
548	 549	 211	 16.00
548	 580	 184	 19.00
549	 550	 178	 19.00
549	 581	 189	 18.00
550	 551	 217	 19.00
550	 582	 202	 18.00
551	 552	 206	 20.00
551	 583	 168	 16.00
552	 553	 219	 21.00
552	 584	 200	 21.00
553	 554	 181	 17.00
553	 585	 236	 21.00
554	 555	 161	 24.00
554	 586	 221	 17.00
555	 556	 165	 19.00
555	 587	 224	 24.00
556	 557	 166	 22.00
556	 588	 235	 20.00
557	 558	 220	 22.00
557	 589	 234	 22.00
558	 559	 193	 16.00
558	 590	 162	 16.00
559	 560	 172	 19.00
559	 591	 209	 19.00
560	 561	 200	 23.00
560	 592	 193	 16.00
561	 562	 195	 23.00
561	 593	 197	 23.00
562	 563	 170	 22.00
562	 594	 174	 20.00
563	 564	 172	 23.00
563	 595	 213	 20.00
564	 565	 237	 18.00
564	 596	 205	 21.00
565	 566	 175	 23.00
565	 597	 229	 17.00
566	 567	 170	 16.00
566	 598	 230	 24.00
567	 568	 164	 24.00
567	 599	 204	 20.00
568	 569	 229	 18.00
568	 600	 169	 20.00
569	 570	 176	 17.00
569	 601	 182	 24.00
570	 571	 162	 24.00
570	 602	 210	 21.00
571	 572	 226	 17.00
571	 603	 185	 23.00
572	 573	 177	 18.00
572	 604	 192	 24.00
573	 574	 196	 17.00
573	 605	 217	 24.00
574	 575	 181	 19.00
574	 606	 197	 23.00
575	 607	 191	 21.00
576	 577	 210	 17.00
576	 608	 227	 17.00
577	 578	 211	 20.00
577	 609	 221	 19.00
578	 579	 184	 22.00
578	 610	 208	 20.00
579	 580	 238	 23.00
579	 611	 221	 17.00
580	 581	 217	 20.00
580	 612	 210	 23.00
581	 582	 163	 19.00
581	 613	 236	 24.00
582	 583	 240	 22.00
582	 614	 173	 21.00
583	 584	 189	 21.00
583	 615	 160	 19.00
584	 585	 193	 21.00
584	 616	 191	 19.00
585	 586	 187	 23.00
585	 617	 228	 22.00
586	 587	 236	 24.00
586	 618	 165	 23.00
587	 588	 189	 24.00
587	 619	 193	 23.00
588	 589	 192	 21.00
588	 620	 228	 23.00
589	 590	 181	 21.00
589	 621	 221	 22.00
590	 591	 183	 17.00
590	 622	 240	 20.00
591	 592	 167	 22.00
591	 623	 228	 19.00
592	 593	 216	 23.00
592	 624	 197	 18.00
593	 594	 175	 16.00
593	 625	 230	 17.00
594	 595	 167	 21.00
594	 626	 209	 22.00
595	 596	 179	 22.00
595	 627	 177	 23.00
596	 597	 196	 17.00
596	 628	 191	 18.00
597	 598	 177	 20.00
597	 629	 179	 18.00
598	 599	 204	 17.00
598	 630	 188	 20.00
599	 600	 170	 18.00
599	 631	 161	 18.00
600	 601	 239	 21.00
600	 632	 177	 19.00
601	 602	 176	 21.00
601	 633	 192	 19.00
602	 603	 218	 17.00
602	 634	 176	 21.00
603	 604	 177	 24.00
603	 635	 188	 22.00
604	 605	 236	 19.00
604	 636	 179	 24.00
605	 606	 178	 18.00
605	 637	 212	 19.00
606	 607	 197	 21.00
606	 638	 215	 16.00
607	 639	 167	 24.00
608	 609	 177	 19.00
608	 640	 211	 16.00
609	 610	 186	 22.00
609	 641	 189	 19.00
610	 611	 214	 21.00
610	 642	 183	 22.00
611	 612	 228	 23.00
611	 643	 227	 23.00
612	 613	 173	 17.00
612	 644	 230	 21.00
613	 614	 216	 21.00
613	 645	 161	 18.00
614	 615	 202	 20.00
614	 646	 160	 16.00
615	 616	 189	 19.00
615	 647	 206	 18.00
616	 617	 227	 24.00
616	 648	 178	 20.00
617	 618	 186	 23.00
617	 649	 214	 24.00
618	 619	 196	 17.00
618	 650	 213	 23.00
619	 620	 180	 22.00
619	 651	 208	 21.00
620	 621	 207	 21.00
620	 652	 233	 21.00
621	 622	 163	 24.00
621	 653	 225	 21.00
622	 623	 166	 23.00
622	 654	 228	 18.00
623	 624	 176	 16.00
623	 655	 204	 18.00
624	 625	 191	 16.00
624	 656	 209	 17.00
625	 626	 168	 21.00
625	 657	 214	 19.00
626	 627	 187	 23.00
626	 658	 238	 17.00
627	 628	 180	 21.00
627	 659	 175	 22.00
628	 629	 210	 18.00
628	 660	 168	 22.00
629	 630	 186	 21.00
629	 661	 196	 24.00
630	 631	 168	 24.00
630	 662	 204	 18.00
631	 632	 183	 24.00
631	 663	 180	 22.00
632	 633	 198	 23.00
632	 664	 233	 20.00
633	 634	 240	 18.00
633	 665	 230	 23.00
634	 635	 229	 16.00
634	 666	 167	 21.00
635	 636	 229	 19.00
635	 667	 214	 21.00
636	 637	 167	 21.00
636	 668	 217	 17.00
637	 638	 166	 16.00
637	 669	 218	 17.00
638	 639	 205	 16.00
638	 670	 187	 18.00
639	 671	 219	 19.00
640	 641	 173	 23.00
640	 672	 239	 16.00
641	 642	 239	 19.00
641	 673	 218	 20.00
642	 643	 230	 23.00
642	 674	 186	 22.00
643	 644	 209	 24.00
643	 675	 202	 17.00
644	 645	 217	 16.00
644	 676	 228	 20.00
645	 646	 173	 23.00
645	 677	 177	 20.00
646	 647	 234	 16.00
646	 678	 240	 18.00
647	 648	 215	 20.00
647	 679	 190	 17.00
648	 649	 163	 16.00
648	 680	 224	 24.00
649	 650	 202	 21.00
649	 681	 226	 17.00
650	 651	 176	 17.00
650	 682	 168	 20.00
651	 652	 238	 20.00
651	 683	 219	 16.00
652	 653	 191	 24.00
652	 684	 225	 20.00
653	 654	 186	 22.00
653	 685	 204	 19.00
654	 655	 191	 21.00
654	 686	 172	 21.00
655	 656	 234	 20.00
655	 687	 169	 17.00
656	 657	 235	 20.00
656	 688	 195	 16.00
657	 658	 190	 17.00
657	 689	 184	 16.00
658	 659	 236	 18.00
658	 690	 224	 17.00
659	 660	 228	 20.00
659	 691	 171	 22.00
660	 661	 191	 16.00
660	 692	 176	 16.00
661	 662	 215	 18.00
661	 693	 173	 23.00
662	 663	 195	 24.00
662	 694	 189	 16.00
663	 664	 209	 22.00
663	 695	 169	 19.00
664	 665	 164	 16.00
664	 696	 217	 17.00
665	 666	 226	 24.00
665	 697	 202	 24.00
666	 667	 181	 18.00
666	 698	 163	 21.00
667	 668	 172	 20.00
667	 699	 201	 24.00
668	 669	 232	 24.00
668	 700	 180	 19.00
669	 670	 168	 17.00
669	 701	 173	 23.00
670	 671	 239	 20.00
670	 702	 176	 19.00
671	 703	 205	 18.00
672	 673	 161	 18.00
672	 704	 205	 19.00
673	 674	 233	 21.00
673	 705	 217	 23.00
674	 675	 223	 17.00
674	 706	 218	 21.00
675	 676	 219	 16.00
675	 707	 207	 23.00
676	 677	 223	 19.00
676	 708	 209	 24.00
677	 678	 195	 17.00
677	 709	 172	 22.00
678	 679	 163	 21.00
678	 710	 192	 24.00
679	 680	 224	 21.00
679	 711	 188	 21.00
680	 681	 186	 20.00
680	 712	 216	 18.00
681	 682	 166	 18.00
681	 713	 185	 23.00
682	 683	 219	 18.00
682	 714	 160	 23.00
683	 684	 180	 18.00
683	 715	 172	 20.00
684	 685	 160	 20.00
684	 716	 173	 18.00
685	 686	 225	 17.00
685	 717	 174	 24.00
686	 687	 171	 23.00
686	 718	 203	 21.00
687	 688	 190	 16.00
687	 719	 225	 18.00
688	 689	 188	 21.00
688	 720	 208	 16.00
689	 690	 226	 17.00
689	 721	 208	 22.00
690	 691	 191	 21.00
690	 722	 218	 21.00
691	 692	 222	 19.00
691	 723	 162	 19.00
692	 693	 192	 23.00
692	 724	 226	 21.00
693	 694	 165	 24.00
693	 725	 221	 21.00
694	 695	 173	 19.00
694	 726	 225	 20.00
695	 696	 198	 22.00
695	 727	 207	 17.00
696	 697	 238	 24.00
696	 728	 203	 22.00
697	 698	 191	 16.00
697	 729	 221	 17.00
698	 699	 216	 20.00
698	 730	 162	 16.00
699	 700	 200	 16.00
699	 731	 177	 19.00
700	 701	 184	 23.00
700	 732	 224	 24.00
701	 702	 204	 16.00
701	 733	 180	 16.00
702	 703	 184	 18.00
702	 734	 216	 21.00
703	 735	 207	 22.00
704	 705	 202	 24.00
704	 736	 178	 16.00
705	 706	 220	 24.00
705	 737	 180	 22.00
706	 707	 192	 19.00
706	 738	 237	 16.00
707	 708	 172	 17.00
707	 739	 189	 16.00
708	 709	 202	 23.00
708	 740	 178	 20.00
709	 710	 230	 17.00
709	 741	 221	 22.00
710	 711	 231	 19.00
710	 742	 200	 22.00
711	 712	 209	 16.00
711	 743	 193	 22.00
712	 713	 223	 23.00
712	 744	 183	 23.00
713	 714	 238	 24.00
713	 745	 196	 20.00
714	 715	 175	 16.00
714	 746	 236	 18.00
715	 716	 182	 23.00
715	 747	 190	 22.00
716	 717	 197	 18.00
716	 748	 178	 19.00
717	 718	 183	 19.00
717	 749	 186	 21.00
718	 719	 198	 16.00
718	 750	 181	 19.00
719	 720	 238	 24.00
719	 751	 229	 22.00
720	 721	 181	 24.00
720	 752	 162	 21.00
721	 722	 196	 20.00
721	 753	 212	 19.00
722	 723	 221	 23.00
722	 754	 179	 17.00
723	 724	 211	 22.00
723	 755	 214	 24.00
724	 725	 182	 23.00
724	 756	 213	 18.00
725	 726	 184	 23.00
725	 757	 200	 21.00
726	 727	 182	 22.00
726	 758	 183	 23.00
727	 728	 183	 24.00
727	 759	 188	 18.00
728	 729	 216	 23.00
728	 760	 225	 19.00
729	 730	 206	 21.00
729	 761	 222	 19.00
730	 731	 228	 23.00
730	 762	 226	 23.00
731	 732	 231	 19.00
731	 763	 211	 23.00
732	 733	 207	 22.00
732	 764	 185	 19.00
733	 734	 180	 24.00
733	 765	 219	 17.00
734	 735	 212	 24.00
734	 766	 187	 19.00
735	 767	 164	 21.00
736	 737	 166	 18.00
736	 768	 196	 21.00
737	 738	 231	 16.00
737	 769	 201	 17.00
738	 739	 215	 17.00
738	 770	 204	 23.00
739	 740	 204	 23.00
739	 771	 188	 19.00
740	 741	 215	 22.00
740	 772	 175	 18.00
741	 742	 234	 19.00
741	 773	 237	 20.00
742	 743	 162	 16.00
742	 774	 229	 21.00
743	 744	 199	 16.00
743	 775	 176	 20.00
744	 745	 185	 23.00
744	 776	 181	 20.00
745	 746	 230	 21.00
745	 777	 176	 19.00
746	 747	 211	 21.00
746	 778	 176	 18.00
747	 748	 222	 24.00
747	 779	 218	 21.00
748	 749	 192	 16.00
748	 780	 174	 24.00
749	 750	 198	 19.00
749	 781	 212	 24.00
750	 751	 168	 20.00
750	 782	 226	 17.00
751	 752	 216	 17.00
751	 783	 229	 23.00
752	 753	 237	 22.00
752	 784	 210	 24.00
753	 754	 216	 22.00
753	 785	 234	 21.00
754	 755	 220	 18.00
754	 786	 231	 19.00
755	 756	 212	 23.00
755	 787	 229	 23.00
756	 757	 162	 23.00
756	 788	 234	 20.00
757	 758	 238	 22.00
757	 789	 226	 18.00
758	 759	 223	 24.00
758	 790	 226	 17.00
759	 760	 186	 23.00
759	 791	 199	 19.00
760	 761	 162	 16.00
760	 792	 180	 16.00
761	 762	 232	 16.00
761	 793	 203	 17.00
762	 763	 202	 23.00
762	 794	 162	 23.00
763	 764	 179	 16.00
763	 795	 196	 19.00
764	 765	 240	 24.00
764	 796	 162	 21.00
765	 766	 178	 18.00
765	 797	 218	 22.00
766	 767	 161	 21.00
766	 798	 186	 20.00
767	 799	 210	 24.00
768	 769	 172	 20.00
768	 800	 181	 18.00
769	 770	 168	 23.00
769	 801	 170	 17.00
770	 771	 192	 23.00
770	 802	 200	 20.00
771	 772	 175	 16.00
771	 803	 234	 23.00
772	 773	 193	 22.00
772	 804	 217	 21.00
773	 774	 233	 20.00
773	 805	 197	 20.00
774	 775	 220	 18.00
774	 806	 194	 23.00
775	 776	 211	 19.00
775	 807	 185	 20.00
776	 777	 194	 21.00
776	 808	 238	 18.00
777	 778	 206	 24.00
777	 809	 214	 20.00
778	 779	 193	 20.00
778	 810	 226	 17.00
779	 780	 226	 18.00
779	 811	 169	 21.00
780	 781	 237	 23.00
780	 812	 232	 20.00
781	 782	 174	 16.00
781	 813	 230	 23.00
782	 783	 224	 20.00
782	 814	 187	 20.00
783	 784	 179	 23.00
783	 815	 185	 16.00
784	 785	 190	 17.00
784	 816	 173	 19.00
785	 786	 166	 20.00
785	 817	 161	 20.00
786	 787	 235	 23.00
786	 818	 185	 20.00
787	 788	 206	 17.00
787	 819	 206	 21.00
788	 789	 161	 23.00
788	 820	 187	 20.00
789	 790	 180	 23.00
789	 821	 234	 21.00
790	 791	 219	 23.00
790	 822	 162	 22.00
791	 792	 237	 18.00
791	 823	 172	 20.00
792	 793	 207	 23.00
792	 824	 238	 18.00
793	 794	 160	 19.00
793	 825	 175	 21.00
794	 795	 237	 16.00
794	 826	 235	 17.00
795	 796	 232	 16.00
795	 827	 227	 16.00
796	 797	 234	 18.00
796	 828	 200	 24.00
797	 798	 229	 23.00
797	 829	 205	 16.00
798	 799	 205	 23.00
798	 830	 169	 17.00
799	 831	 186	 23.00
800	 801	 207	 19.00
800	 832	 215	 21.00
801	 802	 164	 16.00
801	 833	 232	 16.00
802	 803	 162	 21.00
802	 834	 223	 20.00
803	 804	 230	 24.00
803	 835	 234	 17.00
804	 805	 234	 24.00
804	 836	 162	 24.00
805	 806	 189	 24.00
805	 837	 193	 16.00
806	 807	 160	 18.00
806	 838	 173	 20.00
807	 808	 180	 24.00
807	 839	 218	 22.00
808	 809	 187	 17.00
808	 840	 225	 18.00
809	 810	 235	 18.00
809	 841	 162	 22.00
810	 811	 184	 16.00
810	 842	 198	 22.00
811	 812	 222	 16.00
811	 843	 175	 16.00
812	 813	 184	 17.00
812	 844	 174	 17.00
813	 814	 184	 19.00
813	 845	 169	 16.00
814	 815	 162	 19.00
814	 846	 240	 23.00
815	 816	 177	 19.00
815	 847	 177	 18.00
816	 817	 240	 18.00
816	 848	 208	 17.00
817	 818	 205	 23.00
817	 849	 164	 17.00
818	 819	 166	 20.00
818	 850	 234	 24.00
819	 820	 204	 17.00
819	 851	 229	 16.00
820	 821	 181	 20.00
820	 852	 190	 16.00
821	 822	 200	 16.00
821	 853	 199	 24.00
822	 823	 215	 18.00
822	 854	 162	 24.00
823	 824	 203	 20.00
823	 855	 213	 21.00
824	 825	 205	 24.00
824	 856	 221	 21.00
825	 826	 210	 17.00
825	 857	 227	 16.00
826	 827	 234	 19.00
826	 858	 168	 16.00
827	 828	 219	 17.00
827	 859	 235	 20.00
828	 829	 236	 16.00
828	 860	 195	 24.00
829	 830	 210	 16.00
829	 861	 183	 20.00
830	 831	 234	 16.00
830	 862	 222	 24.00
831	 863	 179	 20.00
832	 833	 178	 22.00
832	 864	 196	 19.00
833	 834	 227	 24.00
833	 865	 197	 23.00
834	 835	 198	 19.00
834	 866	 219	 16.00
835	 836	 166	 16.00
835	 867	 161	 23.00
836	 837	 220	 22.00
836	 868	 233	 17.00
837	 838	 229	 21.00
837	 869	 176	 22.00
838	 839	 199	 17.00
838	 870	 209	 17.00
839	 840	 211	 22.00
839	 871	 171	 24.00
840	 841	 179	 17.00
840	 872	 194	 24.00
841	 842	 211	 23.00
841	 873	 164	 17.00
842	 843	 190	 24.00
842	 874	 227	 21.00
843	 844	 222	 22.00
843	 875	 214	 24.00
844	 845	 179	 19.00
844	 876	 176	 21.00
845	 846	 204	 20.00
845	 877	 161	 24.00
846	 847	 193	 18.00
846	 878	 161	 20.00
847	 848	 222	 20.00
847	 879	 163	 16.00
848	 849	 188	 16.00
848	 880	 165	 20.00
849	 850	 225	 17.00
849	 881	 240	 21.00
850	 851	 221	 19.00
850	 882	 234	 19.00
851	 852	 179	 20.00
851	 883	 174	 21.00
852	 853	 177	 17.00
852	 884	 208	 21.00
853	 854	 198	 20.00
853	 885	 167	 24.00
854	 855	 163	 20.00
854	 886	 184	 21.00
855	 856	 165	 18.00
855	 887	 161	 18.00
856	 857	 163	 17.00
856	 888	 201	 24.00
857	 858	 211	 22.00
857	 889	 199	 16.00
858	 859	 236	 21.00
858	 890	 166	 24.00
859	 860	 201	 21.00
859	 891	 171	 22.00
860	 861	 181	 24.00
860	 892	 194	 23.00
861	 862	 212	 23.00
861	 893	 189	 19.00
862	 863	 218	 16.00
862	 894	 196	 24.00
863	 895	 215	 24.00
864	 865	 215	 19.00
864	 896	 239	 16.00
865	 866	 213	 17.00
865	 897	 223	 21.00
866	 867	 237	 24.00
866	 898	 217	 19.00
867	 868	 184	 24.00
867	 899	 213	 22.00
868	 869	 176	 18.00
868	 900	 174	 24.00
869	 870	 219	 20.00
869	 901	 163	 20.00
870	 871	 209	 20.00
870	 902	 239	 19.00
871	 872	 231	 24.00
871	 903	 210	 20.00
872	 873	 229	 24.00
872	 904	 172	 23.00
873	 874	 232	 24.00
873	 905	 201	 18.00
874	 875	 193	 16.00
874	 906	 198	 18.00
875	 876	 235	 22.00
875	 907	 182	 18.00
876	 877	 225	 22.00
876	 908	 161	 17.00
877	 878	 208	 22.00
877	 909	 216	 24.00
878	 879	 172	 20.00
878	 910	 181	 17.00
879	 880	 240	 23.00
879	 911	 235	 17.00
880	 881	 160	 18.00
880	 912	 213	 19.00
881	 882	 230	 24.00
881	 913	 210	 24.00
882	 883	 162	 21.00
882	 914	 236	 19.00
883	 884	 179	 18.00
883	 915	 187	 17.00
884	 885	 238	 24.00
884	 916	 180	 17.00
885	 886	 196	 23.00
885	 917	 206	 19.00
886	 887	 199	 18.00
886	 918	 207	 21.00
887	 888	 192	 23.00
887	 919	 183	 21.00
888	 889	 215	 22.00
888	 920	 171	 24.00
889	 890	 180	 22.00
889	 921	 191	 18.00
890	 891	 205	 16.00
890	 922	 175	 18.00
891	 892	 188	 16.00
891	 923	 203	 20.00
892	 893	 186	 20.00
892	 924	 227	 18.00
893	 894	 166	 21.00
893	 925	 181	 23.00
894	 895	 177	 20.00
894	 926	 227	 16.00
895	 927	 176	 17.00
896	 897	 221	 16.00
896	 928	 210	 22.00
897	 898	 217	 22.00
897	 929	 202	 22.00
898	 899	 171	 24.00
898	 930	 160	 21.00
899	 900	 189	 20.00
899	 931	 231	 24.00
900	 901	 202	 19.00
900	 932	 212	 22.00
901	 902	 224	 20.00
901	 933	 177	 16.00
902	 903	 186	 24.00
902	 934	 208	 19.00
903	 904	 214	 24.00
903	 935	 194	 23.00
904	 905	 234	 20.00
904	 936	 214	 18.00
905	 906	 198	 21.00
905	 937	 168	 18.00
906	 907	 211	 23.00
906	 938	 236	 20.00
907	 908	 205	 16.00
907	 939	 214	 24.00
908	 909	 224	 24.00
908	 940	 189	 16.00
909	 910	 213	 18.00
909	 941	 235	 24.00
910	 911	 186	 20.00
910	 942	 209	 18.00
911	 912	 160	 24.00
911	 943	 196	 21.00
912	 913	 199	 20.00
912	 944	 228	 21.00
913	 914	 176	 24.00
913	 945	 181	 22.00
914	 915	 177	 16.00
914	 946	 206	 19.00
915	 916	 199	 21.00
915	 947	 206	 16.00
916	 917	 213	 22.00
916	 948	 168	 23.00
917	 918	 196	 24.00
917	 949	 216	 17.00
918	 919	 184	 24.00
918	 950	 215	 20.00
919	 920	 238	 24.00
919	 951	 205	 21.00
920	 921	 208	 19.00
920	 952	 182	 21.00
921	 922	 232	 22.00
921	 953	 177	 18.00
922	 923	 219	 21.00
922	 954	 184	 22.00
923	 924	 224	 21.00
923	 955	 186	 23.00
924	 925	 211	 19.00
924	 956	 163	 16.00
925	 926	 179	 19.00
925	 957	 230	 17.00
926	 927	 234	 19.00
926	 958	 211	 18.00
927	 959	 198	 21.00
928	 929	 188	 18.00
928	 960	 188	 17.00
929	 930	 181	 17.00
929	 961	 196	 22.00
930	 931	 235	 24.00
930	 962	 167	 24.00
931	 932	 166	 16.00
931	 963	 220	 16.00
932	 933	 239	 18.00
932	 964	 197	 21.00
933	 934	 165	 17.00
933	 965	 167	 18.00
934	 935	 220	 22.00
934	 966	 185	 16.00
935	 936	 174	 21.00
935	 967	 184	 19.00
936	 937	 191	 20.00
936	 968	 203	 18.00
937	 938	 178	 24.00
937	 969	 187	 19.00
938	 939	 197	 23.00
938	 970	 209	 21.00
939	 940	 169	 19.00
939	 971	 234	 20.00
940	 941	 169	 23.00
940	 972	 231	 19.00
941	 942	 168	 22.00
941	 973	 211	 21.00
942	 943	 239	 17.00
942	 974	 204	 22.00
943	 944	 186	 20.00
943	 975	 190	 17.00
944	 945	 211	 22.00
944	 976	 186	 16.00
945	 946	 221	 16.00
945	 977	 240	 22.00
946	 947	 209	 22.00
946	 978	 177	 18.00
947	 948	 213	 17.00
947	 979	 170	 20.00
948	 949	 163	 24.00
948	 980	 161	 22.00
949	 950	 230	 24.00
949	 981	 190	 20.00
950	 951	 207	 22.00
950	 982	 227	 17.00
951	 952	 218	 23.00
951	 983	 236	 22.00
952	 953	 230	 19.00
952	 984	 232	 18.00
953	 954	 203	 22.00
953	 985	 240	 19.00
954	 955	 173	 20.00
954	 986	 184	 21.00
955	 956	 213	 17.00
955	 987	 209	 23.00
956	 957	 204	 18.00
956	 988	 215	 23.00
957	 958	 206	 20.00
957	 989	 164	 19.00
958	 959	 164	 23.00
958	 990	 224	 18.00
959	 991	 167	 17.00
960	 961	 237	 18.00
960	 992	 192	 23.00
961	 962	 160	 24.00
961	 993	 233	 20.00
962	 963	 172	 22.00
962	 994	 178	 24.00
963	 964	 181	 23.00
963	 995	 175	 21.00
964	 965	 210	 19.00
964	 996	 185	 22.00
965	 966	 162	 16.00
965	 997	 215	 18.00
966	 967	 212	 18.00
966	 998	 171	 21.00
967	 968	 213	 24.00
967	 999	 182	 21.00
968	 969	 219	 24.00
968	 1000	 184	 20.00
969	 970	 232	 20.00
969	 1001	 227	 23.00
970	 971	 180	 24.00
970	 1002	 183	 21.00
971	 972	 211	 23.00
971	 1003	 236	 18.00
972	 973	 187	 18.00
972	 1004	 230	 23.00
973	 974	 231	 17.00
973	 1005	 177	 20.00
974	 975	 160	 18.00
974	 1006	 210	 17.00
975	 976	 209	 20.00
975	 1007	 229	 19.00
976	 977	 180	 17.00
976	 1008	 203	 19.00
977	 978	 225	 20.00
977	 1009	 162	 18.00
978	 979	 167	 20.00
978	 1010	 222	 24.00
979	 980	 224	 24.00
979	 1011	 182	 16.00
980	 981	 176	 19.00
980	 1012	 219	 22.00
981	 982	 236	 21.00
981	 1013	 234	 17.00
982	 983	 167	 22.00
982	 1014	 166	 19.00
983	 984	 224	 18.00
983	 1015	 163	 18.00
984	 985	 228	 19.00
984	 1016	 240	 22.00
985	 986	 166	 18.00
985	 1017	 213	 22.00
986	 987	 227	 23.00
986	 1018	 203	 20.00
987	 988	 218	 22.00
987	 1019	 174	 21.00
988	 989	 229	 20.00
988	 1020	 172	 19.00
989	 990	 164	 19.00
989	 1021	 206	 19.00
990	 991	 178	 23.00
990	 1022	 162	 19.00
991	 1023	 163	 23.00
992	 993	 163	 20.00
993	 994	 163	 20.00
994	 995	 163	 18.00
995	 996	 201	 23.00
996	 997	 174	 20.00
997	 998	 199	 23.00
998	 999	 218	 22.00
999	 1000	 235	 21.00
1000	 1001	 181	 20.00
1001	 1002	 221	 16.00
1002	 1003	 191	 22.00
1003	 1004	 205	 20.00
1004	 1005	 177	 22.00
1005	 1006	 201	 19.00
1006	 1007	 224	 22.00
1007	 1008	 164	 22.00
1008	 1009	 233	 20.00
1009	 1010	 212	 16.00
1010	 1011	 183	 18.00
1011	 1012	 227	 16.00
1012	 1013	 213	 20.00
1013	 1014	 215	 18.00
1014	 1015	 192	 21.00
1015	 1016	 193	 20.00
1016	 1017	 188	 19.00
1017	 1018	 212	 20.00
1018	 1019	 211	 21.00
1019	 1020	 215	 16.00
1020	 1021	 238	 17.00
1021	 1022	 179	 23.00
1022	 1023	 218	 17.00
