1024	1984	20	0.30

-11	 22	 0
120	 4	 0
203	 -33	 0
303	 -2	 0
445	 -16	 0
515	 -26	 0
578	 -7	 0
705	 0	 0
773	 -6	 7
940	 -4	 7
1011	 0	 7
1061	 18	 7
1209	 11	 7
1294	 5	 7
1398	 9	 7
1532	 11	 5
1595	 -21	 5
1714	 -40	 5
1806	 28	 5
1893	 -33	 5
1976	 -13	 5
2143	 -19	 5
2166	 13	 5
2325	 -32	 5
2391	 8	 5
2538	 27	 3
2598	 -17	 3
2671	 -35	 3
2793	 -4	 3
2939	 -6	 3
3045	 17	 3
3087	 -26	 3
17	 98	 0
80	 104	 0
211	 100	 0
335	 125	 0
408	 98	 0
503	 99	 0
562	 121	 0
693	 115	 0
793	 85	 7
880	 129	 7
999	 70	 7
1083	 101	 7
1204	 55	 7
1256	 134	 7
1415	 120	 7
1470	 70	 7
1627	 86	 5
1690	 91	 5
1777	 93	 5
1895	 71	 5
2013	 107	 5
2108	 119	 5
2207	 65	 5
2322	 129	 5
2366	 54	 5
2535	 94	 3
2578	 133	 3
2698	 95	 3
2801	 65	 3
2868	 107	 3
3028	 105	 3
3131	 84	 3
23	 217	 0
103	 213	 0
196	 183	 0
305	 218	 0
360	 191	 0
505	 209	 0
596	 207	 0
654	 202	 0
805	 179	 0
886	 184	 7
954	 237	 7
1101	 227	 7
1176	 202	 7
1305	 215	 7
1360	 232	 7
1529	 193	 5
1599	 183	 5
1697	 176	 5
1770	 233	 5
1873	 177	 5
2044	 211	 5
2082	 182	 5
2200	 223	 5
2306	 217	 5
2410	 201	 3
2520	 197	 3
2583	 178	 3
2685	 169	 3
2790	 201	 3
2868	 170	 3
3001	 188	 3
3091	 203	 3
9	 350	 0
120	 285	 0
202	 322	 0
295	 282	 0
400	 313	 0
506	 294	 0
589	 309	 0
675	 318	 0
803	 319	 0
920	 299	 7
985	 277	 7
1089	 267	 7
1201	 293	 7
1331	 303	 7
1388	 283	 7
1503	 308	 7
1577	 300	 5
1714	 268	 5
1796	 318	 5
1934	 336	 5
1994	 317	 5
2098	 276	 5
2218	 343	 3
2266	 285	 3
2428	 309	 3
2491	 314	 3
2609	 309	 3
2730	 252	 3
2809	 297	 3
2929	 307	 3
3031	 337	 3
3094	 337	 3
0	 385	 0
62	 421	 0
202	 392	 0
295	 414	 0
393	 415	 0
503	 385	 0
615	 440	 0
707	 360	 0
793	 399	 0
885	 409	 7
972	 437	 7
1100	 378	 7
1212	 389	 7
1289	 366	 7
1369	 410	 7
1471	 378	 5
1603	 381	 5
1682	 367	 5
1779	 369	 5
1918	 401	 5
1973	 421	 5
2127	 436	 5
2186	 421	 5
2302	 406	 3
2407	 376	 3
2495	 365	 3
2576	 409	 3
2703	 386	 3
2779	 435	 3
2908	 396	 3
3001	 394	 3
3111	 445	 3
30	 481	 0
86	 487	 0
192	 461	 0
324	 481	 0
386	 489	 0
489	 493	 0
596	 524	 0
666	 498	 0
791	 504	 7
889	 515	 7
1018	 503	 7
1103	 512	 7
1175	 476	 7
1262	 507	 7
1419	 457	 5
1496	 484	 5
1573	 530	 7
1701	 497	 5
1836	 533	 5
1910	 516	 5
1989	 500	 5
2076	 506	 5
2195	 479	 5
2299	 518	 3
2392	 526	 3
2507	 516	 3
2572	 500	 3
2707	 500	 3
2761	 513	 3
2919	 481	 3
3016	 524	 3
3107	 515	 3
-41	 587	 11
91	 602	 0
196	 617	 0
273	 605	 0
395	 608	 0
504	 578	 0
624	 605	 0
734	 619	 7
786	 573	 7
865	 594	 7
1022	 596	 7
1102	 568	 7
1178	 575	 7
1301	 618	 7
1396	 585	 7
1520	 621	 7
1579	 582	 7
1695	 626	 18
1795	 588	 5
1905	 598	 5
1981	 627	 5
2060	 586	 5
2227	 573	 5
2278	 596	 5
2427	 589	 3
2467	 580	 3
2621	 641	 3
2686	 632	 3
2814	 592	 3
2916	 620	 3
2976	 600	 3
3125	 627	 3
18	 708	 11
126	 706	 0
185	 720	 0
306	 686	 0
406	 707	 0
510	 724	 0
603	 666	 0
716	 698	 7
816	 696	 7
914	 699	 7
967	 655	 7
1120	 681	 7
1175	 730	 7
1302	 730	 7
1421	 745	 7
1487	 676	 15
1592	 726	 15
1693	 692	 5
1842	 702	 5
1933	 653	 5
2005	 722	 5
2057	 714	 5
2197	 710	 5
2306	 704	 5
2402	 684	 3
2515	 684	 3
2607	 693	 3
2676	 697	 19
2792	 693	 3
2876	 694	 3
3013	 702	 3
3093	 711	 3
26	 783	 11
146	 753	 0
183	 836	 0
343	 794	 0
443	 781	 0
500	 827	 11
598	 781	 11
708	 771	 11
794	 791	 11
888	 824	 7
999	 799	 7
1139	 804	 7
1217	 815	 7
1337	 801	 7
1393	 804	 7
1483	 795	 15
1576	 800	 15
1712	 813	 15
1783	 774	 15
1913	 780	 5
1950	 823	 5
2117	 817	 5
2210	 799	 15
2309	 827	 15
2378	 756	 15
2496	 784	 6
2610	 803	 6
2682	 788	 3
2799	 827	 3
2862	 795	 3
2995	 831	 6
3090	 790	 3
31	 883	 11
103	 910	 11
187	 887	 11
302	 896	 0
417	 909	 11
518	 890	 11
619	 881	 11
683	 895	 11
810	 905	 11
938	 894	 11
1011	 929	 11
1103	 895	 12
1228	 887	 7
1257	 871	 7
1399	 884	 15
1452	 924	 15
1607	 927	 15
1656	 909	 15
1780	 924	 15
1858	 921	 15
1968	 904	 5
2150	 877	 15
2167	 927	 15
2324	 890	 15
2375	 898	 6
2525	 889	 6
2611	 927	 6
2687	 927	 6
2786	 861	 3
2888	 899	 6
2989	 866	 6
3111	 896	 6
-31	 1014	 11
92	 1012	 11
194	 1008	 11
280	 985	 11
392	 1017	 11
530	 1004	 11
642	 995	 11
684	 964	 11
770	 978	 11
885	 1007	 11
1014	 1004	 11
1103	 1003	 12
1212	 989	 12
1282	 980	 12
1431	 988	 12
1486	 1031	 15
1600	 997	 15
1698	 993	 15
1790	 1045	 15
1900	 986	 15
1994	 1028	 15
2132	 1043	 15
2214	 982	 6
2282	 1013	 6
2443	 997	 6
2493	 1012	 6
2602	 1015	 6
2742	 991	 6
2763	 1013	 6
2852	 993	 6
2983	 953	 6
3082	 1020	 6
-10	 1103	 11
148	 1088	 11
228	 1142	 11
331	 1094	 11
364	 1134	 11
488	 1087	 11
580	 1088	 11
703	 1087	 11
791	 1057	 11
905	 1120	 11
1008	 1121	 12
1083	 1109	 12
1165	 1057	 12
1322	 1108	 12
1400	 1101	 12
1474	 1078	 12
1600	 1108	 12
1709	 1067	 15
1798	 1104	 15
1877	 1080	 15
1996	 1093	 15
2127	 1090	 15
2180	 1135	 6
2319	 1126	 6
2374	 1104	 6
2499	 1126	 6
2565	 1102	 6
2691	 1094	 6
2799	 1120	 6
2932	 1096	 6
3004	 1080	 6
3111	 1094	 6
24	 1221	 11
118	 1190	 11
219	 1175	 11
311	 1205	 11
413	 1230	 11
499	 1214	 11
575	 1190	 11
669	 1190	 11
794	 1187	 11
912	 1216	 11
1000	 1194	 11
1053	 1195	 12
1195	 1217	 12
1300	 1195	 12
1386	 1200	 12
1463	 1245	 12
1613	 1204	 12
1730	 1165	 15
1799	 1163	 15
1878	 1185	 15
1997	 1213	 15
2078	 1168	 15
2198	 1192	 6
2322	 1160	 6
2378	 1182	 6
2506	 1235	 6
2591	 1204	 6
2717	 1198	 6
2832	 1182	 6
2883	 1188	 6
3000	 1231	 6
3074	 1241	 6
-4	 1292	 11
56	 1279	 11
164	 1277	 11
328	 1295	 11
386	 1292	 11
481	 1304	 11
615	 1251	 11
700	 1324	 11
802	 1294	 11
881	 1298	 12
1006	 1302	 12
1059	 1330	 12
1242	 1310	 12
1280	 1345	 12
1401	 1309	 12
1461	 1284	 12
1597	 1286	 12
1670	 1298	 12
1769	 1285	 13
1865	 1264	 15
2004	 1328	 15
2099	 1319	 15
2170	 1304	 15
2329	 1259	 6
2421	 1327	 6
2480	 1310	 6
2600	 1290	 6
2704	 1338	 6
2822	 1286	 6
2885	 1309	 6
2960	 1320	 6
3072	 1315	 6
38	 1399	 10
103	 1400	 11
216	 1371	 11
314	 1387	 10
423	 1389	 11
475	 1385	 11
606	 1381	 11
669	 1363	 11
791	 1356	 11
903	 1380	 12
1002	 1375	 12
1137	 1399	 12
1197	 1382	 12
1256	 1386	 12
1430	 1406	 12
1518	 1413	 12
1592	 1425	 12
1695	 1426	 12
1778	 1401	 13
1916	 1383	 15
1983	 1439	 15
2082	 1379	 15
2192	 1386	 15
2278	 1436	 6
2397	 1387	 6
2468	 1367	 6
2612	 1380	 6
2693	 1402	 6
2837	 1417	 6
2880	 1391	 6
2994	 1416	 6
3111	 1399	 6
-1	 1523	 10
88	 1490	 10
206	 1496	 10
318	 1502	 10
401	 1507	 10
500	 1529	 10
604	 1486	 11
664	 1503	 11
843	 1518	 12
915	 1502	 12
993	 1494	 12
1106	 1495	 12
1208	 1519	 12
1333	 1484	 12
1428	 1474	 12
1474	 1507	 12
1580	 1522	 12
1735	 1461	 13
1831	 1500	 13
1897	 1467	 15
1987	 1490	 15
2065	 1522	 15
2200	 1515	 15
2343	 1547	 6
2385	 1466	 6
2523	 1472	 6
2570	 1506	 6
2688	 1483	 6
2783	 1530	 4
2872	 1511	 4
2998	 1482	 4
3062	 1501	 6
6	 1601	 10
113	 1600	 10
233	 1567	 10
297	 1634	 10
402	 1626	 10
523	 1608	 10
612	 1619	 10
678	 1618	 11
824	 1597	 12
916	 1570	 12
1002	 1588	 12
1093	 1607	 12
1196	 1610	 12
1309	 1597	 12
1407	 1639	 12
1505	 1570	 12
1571	 1634	 12
1666	 1586	 12
1795	 1625	 13
1873	 1614	 13
1982	 1594	 13
2118	 1597	 15
2197	 1615	 15
2316	 1630	 15
2379	 1632	 15
2496	 1569	 6
2601	 1610	 6
2676	 1590	 4
2833	 1594	 4
2931	 1606	 4
3030	 1602	 4
3084	 1600	 4
-17	 1693	 10
84	 1671	 10
233	 1671	 10
257	 1721	 10
370	 1694	 10
524	 1714	 10
584	 1677	 10
748	 1716	 10
798	 1723	 14
880	 1667	 12
1027	 1684	 12
1112	 1668	 12
1212	 1695	 12
1314	 1710	 12
1427	 1720	 12
1506	 1703	 12
1586	 1667	 13
1690	 1700	 12
1787	 1710	 13
1894	 1735	 13
1963	 1686	 13
2085	 1705	 15
2199	 1703	 15
2297	 1722	 15
2432	 1707	 4
2487	 1674	 4
2598	 1738	 4
2677	 1693	 4
2792	 1730	 4
2910	 1701	 4
3013	 1709	 4
3066	 1655	 4
-5	 1805	 10
110	 1781	 10
200	 1809	 10
289	 1836	 10
428	 1798	 10
469	 1774	 10
571	 1802	 10
724	 1803	 10
826	 1837	 14
934	 1845	 12
998	 1791	 13
1112	 1802	 12
1222	 1794	 12
1270	 1799	 12
1402	 1813	 13
1459	 1782	 13
1553	 1786	 13
1718	 1775	 13
1813	 1785	 13
1885	 1806	 13
2000	 1786	 13
2079	 1794	 13
2192	 1807	 15
2309	 1767	 15
2399	 1792	 4
2519	 1794	 4
2600	 1828	 4
2710	 1820	 4
2804	 1806	 4
2900	 1790	 4
2963	 1839	 4
3101	 1824	 4
20	 1904	 10
80	 1915	 10
180	 1895	 10
290	 1912	 10
378	 1927	 10
471	 1894	 10
572	 1885	 10
704	 1864	 10
784	 1921	 10
886	 1915	 10
1006	 1909	 13
1105	 1909	 13
1178	 1900	 13
1267	 1923	 13
1373	 1872	 13
1521	 1894	 13
1639	 1892	 13
1684	 1902	 13
1788	 1942	 13
1891	 1885	 13
2013	 1907	 13
2087	 1887	 15
2211	 1903	 15
2303	 1931	 4
2423	 1875	 4
2472	 1904	 4
2614	 1877	 4
2701	 1923	 4
2794	 1923	 4
2890	 1904	 4
2986	 1890	 4
3079	 1885	 4
-17	 1964	 10
93	 2022	 10
236	 2002	 10
327	 2016	 10
415	 2008	 10
524	 2027	 10
636	 2026	 10
668	 1980	 10
784	 2008	 10
892	 2019	 13
1012	 1994	 13
1097	 1987	 13
1174	 2024	 13
1312	 2025	 13
1421	 2008	 13
1469	 1999	 13
1585	 2002	 13
1714	 2023	 13
1838	 1989	 13
1876	 2003	 13
1989	 2011	 13
2095	 2027	 15
2230	 2007	 15
2255	 2023	 15
2404	 1967	 4
2515	 1986	 4
2563	 1963	 4
2693	 2011	 4
2769	 2027	 4
2923	 1970	 4
2992	 1981	 4
3107	 2005	 4
13	 2081	 10
134	 2060	 10
210	 2086	 10
301	 2137	 10
444	 2129	 10
510	 2106	 10
583	 2117	 10
706	 2138	 9
791	 2114	 9
934	 2130	 9
980	 2069	 13
1106	 2112	 13
1198	 2073	 9
1269	 2084	 13
1402	 2065	 13
1542	 2068	 13
1615	 2100	 13
1710	 2113	 13
1776	 2115	 13
1888	 2128	 13
1989	 2090	 13
2109	 2076	 15
2183	 2105	 15
2305	 2113	 4
2410	 2089	 4
2486	 2094	 4
2615	 2138	 4
2681	 2123	 4
2779	 2123	 4
2931	 2134	 4
2991	 2097	 4
3140	 2094	 4
-20	 2173	 10
87	 2189	 10
237	 2214	 10
320	 2184	 10
384	 2219	 10
494	 2225	 10
607	 2219	 9
737	 2229	 9
772	 2159	 9
883	 2174	 9
1030	 2197	 9
1067	 2201	 9
1172	 2210	 9
1305	 2236	 9
1423	 2193	 13
1486	 2199	 13
1579	 2164	 13
1684	 2182	 13
1834	 2191	 13
1873	 2164	 13
2034	 2207	 13
2088	 2164	 15
2201	 2191	 4
2285	 2205	 4
2415	 2199	 4
2501	 2205	 4
2621	 2202	 4
2692	 2198	 4
2768	 2195	 4
2864	 2165	 4
3003	 2190	 4
3099	 2170	 4
11	 2267	 10
111	 2277	 10
179	 2293	 10
302	 2286	 1
368	 2329	 1
494	 2319	 1
618	 2309	 9
720	 2284	 9
838	 2261	 9
923	 2331	 9
1000	 2316	 9
1129	 2314	 9
1213	 2267	 9
1317	 2326	 9
1407	 2290	 13
1518	 2300	 9
1622	 2309	 13
1693	 2283	 13
1784	 2326	 8
1934	 2306	 13
1998	 2274	 13
2094	 2286	 16
2168	 2284	 16
2312	 2303	 16
2402	 2280	 4
2512	 2327	 4
2612	 2324	 2
2747	 2322	 2
2756	 2321	 2
2897	 2311	 4
3010	 2305	 4
3093	 2339	 4
11	 2372	 10
136	 2409	 1
181	 2382	 1
310	 2432	 1
369	 2412	 1
506	 2394	 1
586	 2413	 1
694	 2420	 9
778	 2408	 9
902	 2394	 9
1019	 2392	 9
1072	 2399	 9
1158	 2393	 9
1341	 2388	 9
1407	 2378	 9
1495	 2371	 9
1572	 2410	 8
1705	 2402	 8
1812	 2386	 8
1883	 2415	 8
1973	 2368	 8
2099	 2435	 8
2159	 2385	 16
2327	 2412	 16
2392	 2412	 16
2476	 2413	 16
2603	 2413	 2
2671	 2429	 2
2815	 2369	 2
2895	 2380	 2
2958	 2396	 2
3111	 2436	 4
-38	 2513	 10
109	 2490	 1
158	 2525	 1
325	 2491	 1
368	 2532	 1
522	 2506	 1
570	 2501	 1
695	 2467	 9
817	 2481	 9
917	 2496	 9
1011	 2462	 9
1052	 2489	 9
1217	 2508	 9
1286	 2519	 9
1389	 2510	 9
1523	 2529	 9
1598	 2493	 8
1738	 2523	 8
1804	 2502	 8
1913	 2498	 8
2024	 2507	 8
2138	 2495	 16
2210	 2501	 16
2289	 2521	 16
2377	 2500	 2
2497	 2492	 2
2633	 2532	 2
2676	 2498	 2
2784	 2529	 2
2898	 2481	 2
2960	 2518	 2
3134	 2498	 4
-11	 2586	 1
122	 2583	 1
230	 2591	 1
289	 2609	 1
423	 2572	 1
469	 2619	 1
590	 2624	 1
674	 2614	 1
819	 2619	 9
908	 2607	 9
1000	 2590	 9
1090	 2591	 9
1237	 2597	 9
1307	 2611	 8
1393	 2576	 8
1532	 2567	 8
1606	 2574	 8
1730	 2596	 8
1787	 2560	 8
1887	 2596	 8
1992	 2617	 8
2080	 2599	 8
2199	 2603	 8
2331	 2572	 16
2406	 2639	 2
2514	 2607	 2
2636	 2592	 2
2695	 2630	 2
2812	 2591	 2
2944	 2628	 2
3018	 2591	 2
3099	 2615	 2
5	 2694	 1
70	 2713	 1
169	 2685	 1
272	 2700	 1
415	 2678	 1
523	 2705	 1
617	 2704	 1
680	 2688	 1
813	 2709	 1
886	 2697	 9
1009	 2669	 9
1129	 2742	 9
1204	 2722	 9
1307	 2681	 9
1377	 2673	 8
1504	 2722	 17
1626	 2725	 8
1722	 2692	 8
1836	 2703	 8
1855	 2712	 8
1981	 2706	 8
2086	 2689	 8
2204	 2666	 8
2305	 2698	 16
2410	 2728	 2
2529	 2678	 2
2602	 2699	 2
2701	 2725	 2
2793	 2693	 2
2926	 2666	 2
3010	 2711	 2
3092	 2705	 2
-41	 2765	 1
66	 2817	 1
177	 2787	 1
344	 2783	 1
413	 2834	 1
518	 2825	 1
621	 2808	 1
700	 2771	 1
769	 2797	 1
854	 2825	 1
992	 2799	 9
1080	 2811	 9
1225	 2831	 9
1298	 2790	 8
1425	 2785	 8
1502	 2799	 8
1572	 2785	 8
1670	 2806	 8
1800	 2807	 8
1877	 2846	 8
2024	 2835	 8
2113	 2837	 8
2182	 2811	 2
2307	 2814	 16
2412	 2826	 2
2453	 2836	 2
2570	 2832	 2
2680	 2760	 2
2822	 2802	 2
2938	 2819	 2
3008	 2804	 2
3097	 2801	 2
-20	 2881	 1
101	 2907	 1
219	 2914	 1
308	 2929	 1
413	 2893	 1
508	 2922	 1
591	 2915	 1
708	 2923	 1
825	 2902	 1
918	 2909	 9
997	 2909	 9
1082	 2901	 9
1236	 2915	 8
1319	 2905	 8
1398	 2886	 8
1526	 2911	 8
1618	 2896	 8
1718	 2917	 8
1796	 2900	 8
1898	 2942	 8
2016	 2909	 8
2091	 2911	 8
2202	 2921	 2
2286	 2936	 2
2420	 2919	 2
2493	 2880	 2
2615	 2912	 2
2690	 2880	 2
2817	 2940	 2
2913	 2914	 2
3007	 2887	 2
3126	 2904	 2
24	 3001	 1
76	 2964	 1
181	 3020	 1
281	 2978	 1
392	 3015	 1
492	 3031	 1
635	 3011	 1
713	 3003	 1
786	 2980	 1
881	 2971	 9
987	 2972	 9
1098	 3020	 9
1196	 3037	 9
1332	 2997	 8
1378	 2988	 8
1498	 3014	 8
1610	 3015	 8
1691	 3006	 8
1809	 2984	 8
1889	 2987	 8
2027	 2992	 8
2119	 3003	 8
2167	 2994	 8
2337	 2973	 2
2399	 2992	 2
2521	 2992	 2
2635	 2967	 2
2663	 3020	 2
2783	 3002	 2
2911	 3025	 2
3018	 3006	 2
3068	 3006	 2
33	 3104	 1
74	 3119	 1
192	 3125	 1
306	 3081	 1
432	 3089	 1
526	 3105	 1
567	 3098	 1
722	 3121	 9
792	 3119	 9
898	 3138	 9
985	 3116	 9
1106	 3093	 9
1184	 3125	 9
1282	 3083	 9
1411	 3096	 8
1517	 3059	 8
1642	 3117	 8
1704	 3100	 8
1795	 3084	 8
1896	 3063	 8
1971	 3095	 8
2082	 3124	 8
2202	 3113	 2
2277	 3078	 2
2377	 3107	 2
2492	 3074	 2
2589	 3117	 2
2706	 3125	 2
2817	 3098	 2
2922	 3127	 2
2975	 3123	 2
3112	 3121	 2

0	 1	 192	 19.00
0	 32	 174	 21.00
1	 2	 229	 23.00
1	 33	 213	 20.00
2	 3	 187	 21.00
2	 34	 214	 24.00
3	 4	 218	 22.00
3	 35	 215	 17.00
4	 5	 195	 18.00
4	 36	 228	 21.00
5	 6	 184	 22.00
5	 37	 207	 18.00
6	 7	 235	 21.00
6	 38	 188	 18.00
7	 8	 167	 19.00
7	 39	 175	 21.00
8	 9	 225	 23.00
8	 40	 173	 16.00
9	 10	 205	 20.00
9	 41	 200	 21.00
10	 11	 191	 20.00
10	 42	 240	 17.00
11	 12	 235	 17.00
11	 43	 235	 24.00
12	 13	 220	 21.00
12	 44	 194	 21.00
13	 14	 236	 21.00
13	 45	 200	 20.00
14	 15	 166	 21.00
14	 46	 185	 17.00
15	 16	 165	 18.00
15	 47	 205	 18.00
16	 17	 217	 21.00
16	 48	 183	 19.00
17	 18	 212	 16.00
17	 49	 181	 17.00
18	 19	 208	 17.00
18	 50	 204	 17.00
19	 20	 224	 18.00
19	 51	 200	 16.00
20	 21	 196	 24.00
20	 52	 212	 24.00
21	 22	 178	 17.00
21	 53	 180	 21.00
22	 23	 177	 19.00
22	 54	 183	 22.00
23	 24	 207	 23.00
23	 55	 223	 18.00
24	 25	 211	 21.00
24	 56	 186	 22.00
25	 26	 216	 24.00
25	 57	 183	 20.00
26	 27	 163	 17.00
26	 58	 215	 17.00
27	 28	 228	 16.00
27	 59	 219	 24.00
28	 29	 181	 18.00
28	 60	 202	 21.00
29	 30	 166	 22.00
29	 61	 212	 17.00
30	 31	 198	 18.00
30	 62	 207	 19.00
31	 63	 224	 22.00
32	 33	 235	 23.00
32	 64	 200	 19.00
33	 34	 164	 22.00
33	 65	 206	 24.00
34	 35	 235	 23.00
34	 66	 225	 19.00
35	 36	 231	 23.00
35	 67	 181	 19.00
36	 37	 230	 20.00
36	 68	 237	 16.00
37	 38	 215	 21.00
37	 69	 224	 21.00
38	 39	 194	 17.00
38	 70	 227	 19.00
39	 40	 174	 18.00
39	 71	 203	 24.00
40	 41	 195	 24.00
40	 72	 235	 17.00
41	 42	 200	 24.00
41	 73	 183	 16.00
42	 43	 191	 20.00
42	 74	 196	 21.00
43	 44	 206	 18.00
43	 75	 165	 21.00
44	 45	 203	 18.00
44	 76	 227	 16.00
45	 46	 201	 22.00
45	 77	 220	 19.00
46	 47	 184	 24.00
46	 78	 239	 18.00
47	 48	 183	 20.00
47	 79	 192	 20.00
48	 49	 204	 22.00
48	 80	 195	 22.00
49	 50	 221	 24.00
49	 81	 184	 23.00
50	 51	 221	 21.00
50	 82	 207	 16.00
51	 52	 209	 17.00
51	 83	 196	 24.00
52	 53	 174	 20.00
52	 84	 214	 22.00
53	 54	 234	 22.00
53	 85	 223	 21.00
54	 55	 221	 21.00
54	 86	 162	 21.00
55	 56	 174	 24.00
55	 87	 221	 19.00
56	 57	 203	 16.00
56	 88	 166	 16.00
57	 58	 171	 18.00
57	 89	 218	 21.00
58	 59	 163	 17.00
58	 90	 231	 21.00
59	 60	 227	 19.00
59	 91	 195	 16.00
60	 61	 178	 22.00
60	 92	 185	 17.00
61	 62	 199	 17.00
61	 93	 192	 17.00
62	 63	 180	 16.00
62	 94	 205	 19.00
63	 95	 226	 20.00
64	 65	 187	 18.00
64	 96	 198	 23.00
65	 66	 191	 22.00
65	 97	 204	 16.00
66	 67	 196	 16.00
66	 98	 166	 16.00
67	 68	 194	 16.00
67	 99	 217	 24.00
68	 69	 231	 20.00
68	 100	 200	 19.00
69	 70	 205	 18.00
69	 101	 193	 21.00
70	 71	 190	 23.00
70	 102	 211	 24.00
71	 72	 180	 24.00
71	 103	 219	 24.00
72	 73	 195	 19.00
72	 104	 227	 21.00
73	 74	 239	 16.00
73	 105	 237	 24.00
74	 75	 210	 16.00
74	 106	 212	 17.00
75	 76	 232	 19.00
75	 107	 234	 24.00
76	 77	 180	 17.00
76	 108	 168	 19.00
77	 78	 225	 17.00
77	 109	 168	 20.00
78	 79	 182	 24.00
78	 110	 206	 21.00
79	 80	 223	 16.00
79	 111	 212	 16.00
80	 81	 228	 21.00
80	 112	 238	 18.00
81	 82	 162	 20.00
81	 113	 211	 20.00
82	 83	 223	 18.00
82	 114	 234	 16.00
83	 84	 198	 24.00
83	 115	 178	 19.00
84	 85	 230	 24.00
84	 116	 215	 24.00
85	 86	 187	 19.00
85	 117	 164	 19.00
86	 87	 190	 21.00
86	 118	 174	 17.00
87	 88	 184	 21.00
87	 119	 233	 17.00
88	 89	 196	 20.00
88	 120	 174	 17.00
89	 90	 203	 16.00
89	 121	 191	 18.00
90	 91	 240	 17.00
90	 122	 238	 22.00
91	 92	 186	 16.00
91	 123	 206	 24.00
92	 93	 186	 16.00
92	 124	 172	 24.00
93	 94	 166	 19.00
93	 125	 235	 18.00
94	 95	 185	 19.00
94	 126	 236	 21.00
95	 127	 201	 17.00
96	 97	 164	 16.00
96	 128	 238	 18.00
97	 98	 206	 24.00
97	 129	 215	 22.00
98	 99	 171	 16.00
98	 130	 226	 22.00
99	 100	 174	 20.00
99	 131	 173	 16.00
100	 101	 160	 19.00
100	 132	 200	 23.00
101	 102	 189	 20.00
101	 133	 237	 22.00
102	 103	 239	 22.00
102	 134	 234	 23.00
103	 104	 184	 17.00
103	 135	 167	 17.00
104	 105	 214	 16.00
104	 136	 233	 23.00
105	 106	 180	 21.00
105	 137	 214	 24.00
106	 107	 166	 24.00
106	 138	 236	 20.00
107	 108	 193	 23.00
107	 139	 217	 21.00
108	 109	 178	 24.00
108	 140	 238	 22.00
109	 110	 164	 18.00
109	 141	 184	 17.00
110	 111	 172	 18.00
110	 142	 223	 21.00
111	 112	 196	 20.00
111	 143	 184	 20.00
112	 113	 205	 19.00
112	 144	 197	 20.00
113	 114	 165	 23.00
113	 145	 207	 22.00
114	 115	 228	 17.00
114	 146	 229	 24.00
115	 116	 190	 17.00
115	 147	 211	 21.00
116	 117	 169	 22.00
116	 148	 167	 17.00
117	 118	 189	 16.00
117	 149	 164	 24.00
118	 119	 202	 18.00
118	 150	 183	 21.00
119	 120	 169	 23.00
119	 151	 192	 24.00
120	 121	 212	 18.00
120	 152	 217	 24.00
121	 122	 239	 20.00
121	 153	 175	 17.00
122	 123	 196	 17.00
122	 154	 190	 16.00
123	 124	 177	 22.00
123	 155	 225	 16.00
124	 125	 167	 22.00
124	 156	 205	 18.00
125	 126	 186	 20.00
125	 157	 217	 16.00
126	 127	 223	 20.00
126	 158	 168	 16.00
127	 159	 224	 19.00
128	 129	 169	 22.00
128	 160	 238	 16.00
129	 130	 227	 20.00
129	 161	 204	 24.00
130	 131	 170	 19.00
130	 162	 228	 24.00
131	 132	 194	 18.00
131	 163	 188	 22.00
132	 133	 191	 16.00
132	 164	 193	 20.00
133	 134	 181	 20.00
133	 165	 187	 16.00
134	 135	 215	 21.00
134	 166	 227	 24.00
135	 136	 174	 23.00
135	 167	 160	 18.00
136	 137	 179	 20.00
136	 168	 219	 18.00
137	 138	 197	 23.00
137	 169	 162	 24.00
138	 139	 167	 22.00
138	 170	 179	 19.00
139	 140	 235	 17.00
139	 171	 222	 18.00
140	 141	 217	 22.00
140	 172	 216	 16.00
141	 142	 226	 18.00
141	 173	 175	 17.00
142	 143	 199	 19.00
142	 174	 169	 17.00
143	 144	 205	 22.00
143	 175	 161	 20.00
144	 145	 166	 19.00
144	 176	 223	 19.00
145	 146	 226	 18.00
145	 177	 226	 20.00
146	 147	 189	 23.00
146	 178	 191	 20.00
147	 148	 190	 18.00
147	 179	 174	 18.00
148	 149	 162	 22.00
148	 180	 236	 24.00
149	 150	 180	 21.00
149	 181	 168	 17.00
150	 151	 204	 22.00
150	 182	 224	 22.00
151	 152	 228	 24.00
151	 183	 167	 17.00
152	 153	 186	 17.00
152	 184	 210	 24.00
153	 154	 204	 19.00
153	 185	 187	 19.00
154	 155	 175	 17.00
154	 186	 187	 16.00
155	 156	 165	 21.00
155	 187	 184	 21.00
156	 157	 217	 19.00
156	 188	 179	 21.00
157	 158	 216	 17.00
157	 189	 171	 20.00
158	 159	 192	 19.00
158	 190	 208	 17.00
159	 191	 167	 18.00
160	 161	 191	 16.00
160	 192	 235	 17.00
161	 162	 183	 23.00
161	 193	 236	 23.00
162	 163	 228	 17.00
162	 194	 224	 24.00
163	 164	 171	 23.00
163	 195	 171	 17.00
164	 165	 177	 17.00
164	 196	 202	 22.00
165	 166	 214	 19.00
165	 197	 212	 17.00
166	 167	 221	 16.00
166	 198	 204	 19.00
167	 168	 240	 16.00
167	 199	 233	 20.00
168	 169	 226	 23.00
168	 200	 173	 22.00
169	 170	 213	 20.00
169	 201	 170	 21.00
170	 171	 163	 21.00
170	 202	 237	 21.00
171	 172	 198	 20.00
171	 203	 194	 24.00
172	 173	 184	 23.00
172	 204	 187	 19.00
173	 174	 210	 16.00
173	 205	 190	 21.00
174	 175	 189	 16.00
174	 206	 204	 22.00
175	 176	 240	 19.00
175	 207	 234	 23.00
176	 177	 230	 17.00
176	 208	 233	 17.00
177	 178	 164	 23.00
177	 209	 193	 20.00
178	 179	 196	 18.00
178	 210	 240	 22.00
179	 180	 221	 20.00
179	 211	 205	 21.00
180	 181	 198	 23.00
180	 212	 162	 21.00
181	 182	 204	 20.00
181	 213	 226	 16.00
182	 183	 177	 18.00
182	 214	 233	 21.00
183	 184	 223	 23.00
183	 215	 218	 16.00
184	 185	 186	 22.00
184	 216	 237	 17.00
185	 186	 204	 24.00
185	 217	 161	 16.00
186	 187	 165	 19.00
186	 218	 219	 21.00
187	 188	 202	 18.00
187	 219	 235	 18.00
188	 189	 234	 24.00
188	 220	 233	 21.00
189	 190	 168	 16.00
189	 221	 179	 23.00
190	 191	 193	 23.00
190	 222	 177	 20.00
191	 223	 184	 18.00
192	 193	 164	 22.00
192	 224	 224	 24.00
193	 194	 184	 21.00
193	 225	 184	 19.00
194	 195	 226	 18.00
194	 226	 179	 20.00
195	 196	 191	 18.00
195	 227	 235	 18.00
196	 197	 173	 23.00
196	 228	 184	 21.00
197	 198	 237	 22.00
197	 229	 202	 23.00
198	 199	 180	 23.00
198	 230	 163	 19.00
199	 200	 167	 23.00
199	 231	 192	 23.00
200	 201	 195	 17.00
200	 232	 196	 17.00
201	 202	 177	 18.00
201	 233	 175	 20.00
202	 203	 235	 23.00
202	 234	 210	 21.00
203	 204	 195	 23.00
203	 235	 222	 21.00
204	 205	 177	 22.00
204	 236	 211	 24.00
205	 206	 163	 19.00
205	 237	 174	 22.00
206	 207	 207	 21.00
206	 238	 197	 21.00
207	 208	 167	 19.00
207	 239	 219	 18.00
208	 209	 173	 17.00
208	 240	 171	 22.00
209	 210	 179	 20.00
209	 241	 206	 18.00
210	 211	 226	 18.00
210	 242	 191	 16.00
211	 212	 213	 23.00
211	 243	 193	 21.00
212	 213	 181	 18.00
212	 244	 186	 20.00
213	 214	 203	 18.00
213	 245	 168	 20.00
214	 215	 184	 19.00
214	 246	 163	 18.00
215	 216	 229	 24.00
215	 247	 209	 24.00
216	 217	 185	 17.00
216	 248	 226	 23.00
217	 218	 177	 19.00
217	 249	 175	 24.00
218	 219	 216	 21.00
218	 250	 168	 23.00
219	 220	 194	 17.00
219	 251	 161	 17.00
220	 221	 219	 19.00
220	 252	 170	 18.00
221	 222	 237	 19.00
221	 253	 240	 17.00
222	 223	 223	 17.00
222	 254	 160	 21.00
223	 255	 195	 20.00
224	 225	 190	 17.00
224	 256	 219	 20.00
225	 226	 173	 21.00
225	 257	 169	 19.00
226	 227	 175	 21.00
226	 258	 198	 21.00
227	 228	 165	 24.00
227	 259	 168	 24.00
228	 229	 223	 19.00
228	 260	 190	 20.00
229	 230	 182	 18.00
229	 261	 213	 21.00
230	 231	 173	 19.00
230	 262	 204	 19.00
231	 232	 195	 17.00
231	 263	 205	 19.00
232	 233	 163	 23.00
232	 264	 201	 16.00
233	 234	 191	 16.00
233	 265	 190	 16.00
234	 235	 239	 23.00
234	 266	 235	 20.00
235	 236	 212	 16.00
235	 267	 173	 19.00
236	 237	 166	 24.00
236	 268	 208	 21.00
237	 238	 188	 19.00
237	 269	 174	 17.00
238	 239	 206	 21.00
238	 270	 162	 17.00
239	 240	 226	 18.00
239	 271	 191	 21.00
240	 241	 230	 18.00
240	 272	 202	 17.00
241	 242	 234	 16.00
241	 273	 202	 17.00
242	 243	 211	 23.00
242	 274	 203	 20.00
243	 244	 201	 16.00
243	 275	 238	 16.00
244	 245	 189	 24.00
244	 276	 180	 22.00
245	 246	 186	 22.00
245	 277	 160	 17.00
246	 247	 226	 20.00
246	 278	 182	 21.00
247	 248	 161	 17.00
247	 279	 160	 23.00
248	 249	 168	 19.00
248	 280	 191	 24.00
249	 250	 180	 19.00
249	 281	 239	 21.00
250	 251	 218	 23.00
250	 282	 166	 17.00
251	 252	 218	 21.00
251	 283	 197	 18.00
252	 253	 183	 23.00
252	 284	 180	 19.00
253	 254	 203	 24.00
253	 285	 168	 19.00
254	 255	 211	 20.00
254	 286	 180	 16.00
255	 287	 223	 23.00
256	 257	 215	 22.00
256	 288	 181	 16.00
257	 258	 160	 18.00
257	 289	 168	 22.00
258	 259	 184	 19.00
258	 290	 174	 16.00
259	 260	 163	 22.00
259	 291	 219	 19.00
260	 261	 168	 23.00
260	 292	 210	 19.00
261	 262	 238	 21.00
261	 293	 221	 21.00
262	 263	 240	 17.00
262	 294	 230	 23.00
263	 264	 208	 22.00
263	 295	 188	 20.00
264	 265	 209	 23.00
264	 296	 193	 17.00
265	 266	 160	 22.00
265	 297	 181	 24.00
266	 267	 160	 21.00
266	 298	 229	 20.00
267	 268	 216	 20.00
267	 299	 196	 23.00
268	 269	 185	 21.00
268	 300	 228	 23.00
269	 270	 187	 16.00
269	 301	 166	 21.00
270	 271	 219	 19.00
270	 302	 167	 23.00
271	 272	 219	 18.00
271	 303	 222	 23.00
272	 273	 239	 19.00
272	 304	 225	 20.00
273	 274	 228	 17.00
273	 305	 224	 19.00
274	 275	 169	 22.00
274	 306	 230	 23.00
275	 276	 171	 24.00
275	 307	 166	 18.00
276	 277	 212	 21.00
276	 308	 239	 24.00
277	 278	 183	 20.00
277	 309	 168	 16.00
278	 279	 229	 16.00
278	 310	 196	 19.00
279	 280	 186	 20.00
279	 311	 233	 16.00
280	 281	 166	 18.00
280	 312	 226	 18.00
281	 282	 217	 21.00
281	 313	 171	 20.00
282	 283	 173	 19.00
282	 314	 196	 19.00
283	 284	 176	 19.00
283	 315	 222	 24.00
284	 285	 203	 24.00
284	 316	 181	 21.00
285	 286	 185	 22.00
285	 317	 220	 21.00
286	 287	 189	 17.00
286	 318	 177	 24.00
287	 319	 186	 19.00
288	 289	 212	 20.00
288	 320	 169	 24.00
289	 290	 240	 21.00
289	 321	 165	 19.00
290	 291	 177	 22.00
290	 322	 183	 24.00
291	 292	 240	 20.00
291	 323	 236	 22.00
292	 293	 164	 17.00
292	 324	 160	 17.00
293	 294	 198	 21.00
293	 325	 182	 21.00
294	 295	 181	 20.00
294	 326	 235	 24.00
295	 296	 229	 16.00
295	 327	 238	 21.00
296	 297	 215	 17.00
296	 328	 229	 21.00
297	 298	 200	 18.00
297	 329	 170	 19.00
298	 299	 220	 18.00
298	 330	 204	 19.00
299	 300	 198	 17.00
299	 331	 217	 22.00
300	 301	 189	 16.00
300	 332	 208	 19.00
301	 302	 212	 20.00
301	 333	 182	 21.00
302	 303	 192	 24.00
302	 334	 165	 24.00
303	 304	 235	 23.00
303	 335	 221	 23.00
304	 305	 212	 19.00
304	 336	 170	 24.00
305	 306	 167	 17.00
305	 337	 231	 22.00
306	 307	 189	 19.00
306	 338	 197	 23.00
307	 308	 162	 20.00
307	 339	 214	 21.00
308	 309	 199	 20.00
308	 340	 186	 21.00
309	 310	 191	 22.00
309	 341	 215	 22.00
310	 311	 224	 16.00
310	 342	 234	 20.00
311	 312	 173	 24.00
311	 343	 192	 16.00
312	 313	 165	 23.00
312	 344	 174	 21.00
313	 314	 178	 16.00
313	 345	 207	 20.00
314	 315	 174	 24.00
314	 346	 222	 18.00
315	 316	 204	 19.00
315	 347	 213	 18.00
316	 317	 172	 20.00
316	 348	 221	 20.00
317	 318	 237	 24.00
317	 349	 172	 21.00
318	 319	 226	 23.00
318	 350	 172	 20.00
319	 351	 237	 16.00
320	 321	 237	 24.00
320	 352	 227	 22.00
321	 322	 191	 21.00
321	 353	 162	 20.00
322	 323	 223	 23.00
322	 354	 206	 16.00
323	 324	 201	 24.00
323	 355	 189	 24.00
324	 325	 226	 18.00
324	 356	 195	 16.00
325	 326	 197	 24.00
325	 357	 179	 18.00
326	 327	 207	 23.00
326	 358	 237	 17.00
327	 328	 185	 21.00
327	 359	 185	 23.00
328	 329	 215	 17.00
328	 360	 177	 19.00
329	 330	 161	 23.00
329	 361	 179	 17.00
330	 331	 174	 21.00
330	 362	 190	 21.00
331	 332	 189	 19.00
331	 363	 206	 21.00
332	 333	 206	 16.00
332	 364	 225	 21.00
333	 334	 168	 16.00
333	 365	 228	 17.00
334	 335	 169	 18.00
334	 366	 236	 16.00
335	 336	 210	 17.00
335	 367	 227	 21.00
336	 337	 170	 20.00
336	 368	 230	 16.00
337	 338	 234	 20.00
337	 369	 211	 20.00
338	 339	 194	 16.00
338	 370	 180	 19.00
339	 340	 160	 17.00
339	 371	 192	 19.00
340	 341	 210	 18.00
340	 372	 210	 24.00
341	 342	 211	 19.00
341	 373	 237	 21.00
342	 343	 220	 22.00
342	 374	 234	 17.00
343	 344	 218	 16.00
343	 375	 181	 23.00
344	 345	 210	 16.00
344	 376	 232	 22.00
345	 346	 203	 23.00
345	 377	 224	 23.00
346	 347	 223	 17.00
346	 378	 231	 16.00
347	 348	 207	 16.00
347	 379	 178	 21.00
348	 349	 234	 22.00
348	 380	 174	 21.00
349	 350	 226	 23.00
349	 381	 227	 23.00
350	 351	 166	 21.00
350	 382	 196	 16.00
351	 383	 185	 23.00
352	 353	 213	 24.00
352	 384	 219	 23.00
353	 354	 220	 19.00
353	 385	 212	 22.00
354	 355	 228	 19.00
354	 386	 191	 21.00
355	 356	 221	 17.00
355	 387	 188	 24.00
356	 357	 201	 24.00
356	 388	 212	 19.00
357	 358	 170	 17.00
357	 389	 218	 20.00
358	 359	 199	 22.00
358	 390	 214	 22.00
359	 360	 237	 18.00
359	 391	 169	 23.00
360	 361	 239	 22.00
360	 392	 181	 16.00
361	 362	 226	 16.00
361	 393	 218	 19.00
362	 363	 169	 20.00
362	 394	 162	 22.00
363	 364	 219	 19.00
363	 395	 195	 24.00
364	 365	 232	 21.00
364	 396	 222	 18.00
365	 366	 162	 21.00
365	 397	 160	 22.00
366	 367	 161	 17.00
366	 398	 179	 23.00
367	 368	 221	 20.00
367	 399	 184	 23.00
368	 369	 240	 23.00
368	 400	 194	 20.00
369	 370	 178	 20.00
369	 401	 209	 24.00
370	 371	 198	 24.00
370	 402	 185	 21.00
371	 372	 164	 16.00
371	 403	 169	 18.00
372	 373	 174	 17.00
372	 404	 206	 24.00
373	 374	 182	 21.00
373	 405	 228	 22.00
374	 375	 216	 23.00
374	 406	 216	 18.00
375	 376	 210	 23.00
375	 407	 211	 21.00
376	 377	 200	 23.00
376	 408	 199	 19.00
377	 378	 219	 19.00
377	 409	 180	 18.00
378	 379	 240	 24.00
378	 410	 173	 23.00
379	 380	 236	 20.00
379	 411	 209	 19.00
380	 381	 179	 21.00
380	 412	 162	 20.00
381	 382	 220	 16.00
381	 413	 234	 19.00
382	 383	 189	 21.00
382	 414	 192	 16.00
383	 415	 172	 22.00
384	 385	 188	 24.00
384	 416	 197	 24.00
385	 386	 170	 22.00
385	 417	 183	 20.00
386	 387	 167	 19.00
386	 418	 196	 20.00
387	 388	 217	 21.00
387	 419	 235	 23.00
388	 389	 178	 21.00
388	 420	 173	 18.00
389	 390	 195	 24.00
389	 421	 166	 18.00
390	 391	 230	 23.00
390	 422	 209	 16.00
391	 392	 229	 22.00
391	 423	 224	 18.00
392	 393	 179	 17.00
392	 424	 208	 23.00
393	 394	 181	 19.00
393	 425	 227	 18.00
394	 395	 170	 22.00
394	 426	 169	 16.00
395	 396	 187	 16.00
395	 427	 195	 18.00
396	 397	 214	 22.00
396	 428	 173	 24.00
397	 398	 186	 20.00
397	 429	 196	 17.00
398	 399	 161	 21.00
398	 430	 165	 22.00
399	 400	 229	 20.00
399	 431	 202	 21.00
400	 401	 160	 21.00
400	 432	 172	 18.00
401	 402	 207	 20.00
401	 433	 172	 16.00
402	 403	 220	 22.00
402	 434	 202	 21.00
403	 404	 222	 22.00
403	 435	 189	 24.00
404	 405	 221	 23.00
404	 436	 206	 23.00
405	 406	 161	 20.00
405	 437	 187	 20.00
406	 407	 161	 24.00
406	 438	 166	 22.00
407	 408	 235	 21.00
407	 439	 163	 22.00
408	 409	 203	 19.00
408	 440	 237	 22.00
409	 410	 162	 16.00
409	 441	 235	 18.00
410	 411	 201	 23.00
410	 442	 227	 22.00
411	 412	 235	 24.00
411	 443	 231	 22.00
412	 413	 221	 22.00
412	 444	 184	 19.00
413	 414	 206	 22.00
413	 445	 210	 17.00
414	 415	 169	 24.00
414	 446	 161	 22.00
415	 447	 195	 18.00
416	 417	 203	 20.00
416	 448	 168	 20.00
417	 418	 174	 17.00
417	 449	 219	 23.00
418	 419	 178	 18.00
418	 450	 193	 23.00
419	 420	 178	 23.00
419	 451	 239	 20.00
420	 421	 172	 18.00
420	 452	 202	 20.00
421	 422	 165	 22.00
421	 453	 186	 22.00
422	 423	 168	 23.00
422	 454	 209	 17.00
423	 424	 208	 22.00
423	 455	 194	 16.00
424	 425	 211	 22.00
424	 456	 162	 18.00
425	 426	 233	 21.00
425	 457	 220	 23.00
426	 427	 170	 16.00
426	 458	 195	 23.00
427	 428	 219	 20.00
427	 459	 239	 17.00
428	 429	 212	 21.00
428	 460	 193	 21.00
429	 430	 209	 18.00
429	 461	 228	 20.00
430	 431	 236	 16.00
430	 462	 222	 21.00
431	 432	 199	 16.00
431	 463	 184	 22.00
432	 433	 179	 16.00
432	 464	 174	 16.00
433	 434	 201	 22.00
433	 465	 221	 19.00
434	 435	 230	 22.00
434	 466	 170	 22.00
435	 436	 186	 24.00
435	 467	 168	 24.00
436	 437	 181	 19.00
436	 468	 221	 21.00
437	 438	 184	 23.00
437	 469	 166	 22.00
438	 439	 213	 21.00
438	 470	 187	 19.00
439	 440	 205	 20.00
439	 471	 170	 23.00
440	 441	 218	 18.00
440	 472	 231	 20.00
441	 442	 161	 20.00
441	 473	 183	 24.00
442	 443	 224	 17.00
442	 474	 160	 22.00
443	 444	 179	 19.00
443	 475	 192	 24.00
444	 445	 228	 16.00
444	 476	 233	 23.00
445	 446	 174	 21.00
445	 477	 207	 17.00
446	 447	 179	 20.00
446	 478	 215	 23.00
447	 479	 188	 18.00
448	 449	 191	 22.00
448	 480	 220	 22.00
449	 450	 203	 16.00
449	 481	 196	 18.00
450	 451	 208	 21.00
450	 482	 160	 20.00
451	 452	 218	 18.00
451	 483	 183	 24.00
452	 453	 165	 21.00
452	 484	 162	 18.00
453	 454	 221	 19.00
453	 485	 236	 17.00
454	 455	 182	 22.00
454	 486	 165	 20.00
455	 456	 208	 21.00
455	 487	 198	 24.00
456	 457	 210	 18.00
456	 488	 164	 16.00
457	 458	 200	 16.00
457	 489	 167	 16.00
458	 459	 218	 20.00
458	 490	 163	 18.00
459	 460	 181	 24.00
459	 491	 193	 23.00
460	 461	 217	 17.00
460	 492	 192	 17.00
461	 462	 214	 16.00
461	 493	 193	 20.00
462	 463	 188	 16.00
462	 494	 184	 20.00
463	 464	 195	 24.00
463	 495	 181	 20.00
464	 465	 186	 23.00
464	 496	 206	 19.00
465	 466	 218	 23.00
465	 497	 232	 24.00
466	 467	 194	 16.00
466	 498	 188	 18.00
467	 468	 184	 18.00
467	 499	 183	 24.00
468	 469	 210	 21.00
468	 500	 195	 17.00
469	 470	 168	 24.00
469	 501	 169	 18.00
470	 471	 216	 21.00
470	 502	 207	 23.00
471	 472	 202	 24.00
471	 503	 174	 19.00
472	 473	 215	 23.00
472	 504	 180	 24.00
473	 474	 206	 18.00
473	 505	 225	 20.00
474	 475	 228	 22.00
474	 506	 177	 16.00
475	 476	 190	 18.00
475	 507	 215	 17.00
476	 477	 187	 18.00
476	 508	 195	 19.00
477	 478	 239	 19.00
477	 509	 163	 16.00
478	 479	 205	 21.00
478	 510	 236	 20.00
479	 511	 181	 18.00
480	 481	 220	 19.00
480	 512	 206	 23.00
481	 482	 191	 16.00
481	 513	 162	 18.00
482	 483	 163	 16.00
482	 514	 219	 17.00
483	 484	 192	 18.00
483	 515	 174	 23.00
484	 485	 196	 16.00
484	 516	 217	 18.00
485	 486	 174	 17.00
485	 517	 219	 23.00
486	 487	 161	 18.00
486	 518	 228	 21.00
487	 488	 184	 20.00
487	 519	 240	 17.00
488	 489	 173	 24.00
488	 520	 182	 21.00
489	 490	 214	 23.00
489	 521	 203	 22.00
490	 491	 234	 22.00
490	 522	 217	 16.00
491	 492	 195	 16.00
491	 523	 186	 16.00
492	 493	 211	 21.00
492	 524	 189	 22.00
493	 494	 186	 17.00
493	 525	 224	 22.00
494	 495	 192	 20.00
494	 526	 186	 17.00
495	 496	 192	 20.00
495	 527	 174	 24.00
496	 497	 232	 19.00
496	 528	 223	 18.00
497	 498	 172	 24.00
497	 529	 203	 22.00
498	 499	 193	 21.00
498	 530	 173	 21.00
499	 500	 191	 24.00
499	 531	 239	 19.00
500	 501	 237	 16.00
500	 532	 167	 24.00
501	 502	 228	 20.00
501	 533	 216	 23.00
502	 503	 177	 22.00
502	 534	 198	 16.00
503	 504	 196	 19.00
503	 535	 213	 22.00
504	 505	 228	 22.00
504	 536	 182	 21.00
505	 506	 186	 19.00
505	 537	 202	 21.00
506	 507	 207	 23.00
506	 538	 212	 21.00
507	 508	 203	 16.00
507	 539	 225	 19.00
508	 509	 217	 18.00
508	 540	 208	 16.00
509	 510	 218	 16.00
509	 541	 192	 16.00
510	 511	 213	 20.00
510	 542	 167	 17.00
511	 543	 163	 23.00
512	 513	 197	 18.00
512	 544	 214	 22.00
513	 514	 184	 24.00
513	 545	 202	 17.00
514	 515	 160	 23.00
514	 546	 214	 16.00
515	 516	 212	 19.00
515	 547	 182	 21.00
516	 517	 199	 19.00
516	 548	 226	 19.00
517	 518	 178	 24.00
517	 549	 218	 20.00
518	 519	 190	 19.00
518	 550	 198	 22.00
519	 520	 211	 21.00
519	 551	 170	 20.00
520	 521	 237	 18.00
520	 552	 216	 23.00
521	 522	 174	 21.00
521	 553	 205	 21.00
522	 523	 200	 17.00
522	 554	 169	 20.00
523	 524	 181	 20.00
523	 555	 214	 20.00
524	 525	 180	 19.00
524	 556	 194	 22.00
525	 526	 212	 16.00
525	 557	 160	 18.00
526	 527	 178	 17.00
526	 558	 215	 21.00
527	 528	 190	 22.00
527	 559	 169	 23.00
528	 529	 212	 20.00
528	 560	 226	 23.00
529	 530	 231	 19.00
529	 561	 161	 19.00
530	 531	 202	 17.00
530	 562	 188	 21.00
531	 532	 235	 21.00
531	 563	 185	 22.00
532	 533	 187	 19.00
532	 564	 223	 21.00
533	 534	 225	 20.00
533	 565	 176	 18.00
534	 535	 195	 22.00
534	 566	 187	 24.00
535	 536	 239	 24.00
535	 567	 171	 18.00
536	 537	 198	 24.00
536	 568	 206	 23.00
537	 538	 221	 21.00
537	 569	 197	 16.00
538	 539	 172	 24.00
538	 570	 205	 16.00
539	 540	 189	 18.00
539	 571	 172	 17.00
540	 541	 233	 18.00
540	 572	 218	 17.00
541	 542	 192	 16.00
541	 573	 228	 20.00
542	 543	 203	 19.00
542	 574	 176	 22.00
543	 575	 175	 20.00
544	 545	 195	 23.00
544	 576	 198	 24.00
545	 546	 216	 17.00
545	 577	 232	 19.00
546	 547	 221	 17.00
546	 578	 191	 19.00
547	 548	 168	 19.00
547	 579	 197	 19.00
548	 549	 240	 20.00
548	 580	 184	 19.00
549	 550	 186	 16.00
549	 581	 229	 16.00
550	 551	 175	 22.00
550	 582	 213	 24.00
551	 552	 207	 19.00
551	 583	 206	 20.00
552	 553	 240	 16.00
552	 584	 171	 23.00
553	 554	 201	 18.00
553	 585	 209	 21.00
554	 555	 184	 22.00
554	 586	 189	 24.00
555	 556	 187	 17.00
555	 587	 196	 23.00
556	 557	 165	 20.00
556	 588	 221	 16.00
557	 558	 178	 22.00
557	 589	 235	 22.00
558	 559	 165	 16.00
558	 590	 230	 17.00
559	 560	 167	 24.00
559	 591	 202	 21.00
560	 561	 179	 23.00
560	 592	 160	 24.00
561	 562	 203	 16.00
561	 593	 200	 21.00
562	 563	 224	 17.00
562	 594	 214	 23.00
563	 564	 234	 21.00
563	 595	 190	 18.00
564	 565	 204	 21.00
564	 596	 160	 16.00
565	 566	 218	 22.00
565	 597	 168	 22.00
566	 567	 168	 20.00
566	 598	 178	 17.00
567	 568	 223	 23.00
567	 599	 173	 24.00
568	 569	 238	 19.00
568	 600	 169	 24.00
569	 570	 226	 23.00
569	 601	 195	 19.00
570	 571	 180	 20.00
570	 602	 190	 23.00
571	 572	 162	 24.00
571	 603	 236	 21.00
572	 573	 187	 19.00
572	 604	 192	 16.00
573	 574	 181	 23.00
573	 605	 208	 19.00
574	 575	 230	 19.00
574	 606	 191	 16.00
575	 607	 239	 19.00
576	 577	 189	 21.00
576	 608	 195	 18.00
577	 578	 240	 21.00
577	 609	 218	 17.00
578	 579	 167	 22.00
578	 610	 217	 23.00
579	 580	 208	 19.00
579	 611	 201	 21.00
580	 581	 171	 21.00
580	 612	 193	 16.00
581	 582	 222	 22.00
581	 613	 195	 21.00
582	 583	 238	 23.00
582	 614	 219	 21.00
583	 584	 198	 23.00
583	 615	 169	 16.00
584	 585	 181	 17.00
584	 616	 214	 23.00
585	 586	 180	 17.00
585	 617	 167	 18.00
586	 587	 189	 16.00
586	 618	 164	 24.00
587	 588	 201	 22.00
587	 619	 193	 19.00
588	 589	 182	 22.00
588	 620	 163	 17.00
589	 590	 234	 19.00
589	 621	 240	 23.00
590	 591	 197	 24.00
590	 622	 167	 23.00
591	 592	 210	 19.00
591	 623	 182	 18.00
592	 593	 224	 22.00
592	 624	 175	 19.00
593	 594	 238	 18.00
593	 625	 199	 21.00
594	 595	 228	 18.00
594	 626	 165	 23.00
595	 596	 224	 20.00
595	 627	 190	 19.00
596	 597	 198	 17.00
596	 628	 231	 21.00
597	 598	 216	 24.00
597	 629	 178	 22.00
598	 599	 175	 23.00
598	 630	 209	 17.00
599	 600	 201	 16.00
599	 631	 211	 24.00
600	 601	 209	 19.00
600	 632	 226	 22.00
601	 602	 178	 21.00
601	 633	 210	 16.00
602	 603	 166	 18.00
602	 634	 230	 17.00
603	 604	 204	 17.00
603	 635	 210	 21.00
604	 605	 194	 21.00
604	 636	 199	 21.00
605	 606	 235	 23.00
605	 637	 181	 23.00
606	 607	 193	 21.00
606	 638	 192	 17.00
607	 639	 227	 21.00
608	 609	 210	 20.00
608	 640	 175	 20.00
609	 610	 192	 19.00
609	 641	 214	 18.00
610	 611	 222	 24.00
610	 642	 214	 17.00
611	 612	 200	 20.00
611	 643	 205	 23.00
612	 613	 213	 20.00
612	 644	 179	 18.00
613	 614	 229	 17.00
613	 645	 167	 22.00
614	 615	 210	 16.00
614	 646	 180	 24.00
615	 616	 237	 19.00
615	 647	 220	 16.00
616	 617	 217	 20.00
616	 648	 218	 19.00
617	 618	 162	 24.00
617	 649	 233	 16.00
618	 619	 233	 16.00
618	 650	 174	 17.00
619	 620	 195	 21.00
619	 651	 234	 17.00
620	 621	 240	 16.00
620	 652	 188	 18.00
621	 622	 228	 18.00
621	 653	 198	 17.00
622	 623	 217	 17.00
622	 654	 203	 16.00
623	 624	 172	 18.00
623	 655	 235	 18.00
624	 625	 239	 17.00
624	 656	 217	 24.00
625	 626	 221	 19.00
625	 657	 173	 23.00
626	 627	 217	 20.00
626	 658	 222	 23.00
627	 628	 197	 24.00
627	 659	 231	 22.00
628	 629	 191	 23.00
628	 660	 180	 20.00
629	 630	 175	 21.00
629	 661	 201	 24.00
630	 631	 228	 23.00
630	 662	 234	 18.00
631	 632	 185	 20.00
631	 663	 176	 23.00
632	 633	 219	 18.00
632	 664	 188	 22.00
633	 634	 162	 19.00
633	 665	 239	 16.00
634	 635	 188	 22.00
634	 666	 196	 20.00
635	 636	 189	 21.00
635	 667	 177	 18.00
636	 637	 211	 19.00
636	 668	 191	 16.00
637	 638	 236	 24.00
637	 669	 175	 24.00
638	 639	 175	 17.00
638	 670	 216	 24.00
639	 671	 163	 17.00
640	 641	 180	 22.00
640	 672	 195	 20.00
641	 642	 217	 23.00
641	 673	 174	 16.00
642	 643	 213	 17.00
642	 674	 222	 23.00
643	 644	 199	 17.00
643	 675	 213	 16.00
644	 645	 209	 16.00
644	 676	 219	 23.00
645	 646	 188	 16.00
645	 677	 178	 24.00
646	 647	 230	 20.00
646	 678	 232	 24.00
647	 648	 206	 20.00
647	 679	 197	 22.00
648	 649	 226	 23.00
648	 680	 168	 19.00
649	 650	 203	 18.00
649	 681	 194	 17.00
650	 651	 228	 17.00
650	 682	 239	 16.00
651	 652	 235	 20.00
651	 683	 236	 19.00
652	 653	 192	 23.00
652	 684	 188	 24.00
653	 654	 209	 17.00
653	 685	 195	 16.00
654	 655	 163	 23.00
654	 686	 229	 17.00
655	 656	 196	 22.00
655	 687	 237	 16.00
656	 657	 216	 22.00
656	 688	 236	 20.00
657	 658	 227	 17.00
657	 689	 226	 16.00
658	 659	 178	 20.00
658	 690	 212	 16.00
659	 660	 162	 21.00
659	 691	 206	 23.00
660	 661	 183	 16.00
660	 692	 179	 21.00
661	 662	 183	 24.00
661	 693	 225	 23.00
662	 663	 215	 17.00
662	 694	 202	 18.00
663	 664	 201	 20.00
663	 695	 228	 17.00
664	 665	 174	 17.00
664	 696	 182	 20.00
665	 666	 238	 17.00
665	 697	 235	 20.00
666	 667	 204	 21.00
666	 698	 205	 17.00
667	 668	 229	 22.00
667	 699	 187	 19.00
668	 669	 173	 18.00
668	 700	 182	 17.00
669	 670	 186	 24.00
669	 701	 208	 20.00
670	 671	 182	 19.00
670	 702	 164	 18.00
671	 703	 214	 23.00
672	 673	 235	 18.00
672	 704	 165	 17.00
673	 674	 171	 18.00
673	 705	 237	 22.00
674	 675	 170	 17.00
674	 706	 209	 18.00
675	 676	 219	 24.00
675	 707	 222	 17.00
676	 677	 231	 21.00
676	 708	 221	 23.00
677	 678	 160	 19.00
677	 709	 239	 17.00
678	 679	 227	 20.00
678	 710	 184	 17.00
679	 680	 219	 18.00
679	 711	 177	 24.00
680	 681	 186	 17.00
680	 712	 214	 16.00
681	 682	 206	 20.00
681	 713	 214	 19.00
682	 683	 174	 24.00
682	 714	 171	 18.00
683	 684	 177	 19.00
683	 715	 226	 18.00
684	 685	 182	 22.00
684	 716	 235	 20.00
685	 686	 173	 22.00
685	 717	 210	 21.00
686	 687	 165	 21.00
686	 718	 224	 19.00
687	 688	 234	 24.00
687	 719	 240	 17.00
688	 689	 196	 18.00
688	 720	 189	 17.00
689	 690	 233	 17.00
689	 721	 175	 19.00
690	 691	 180	 18.00
690	 722	 230	 21.00
691	 692	 180	 22.00
691	 723	 193	 17.00
692	 693	 240	 18.00
692	 724	 160	 19.00
693	 694	 207	 20.00
693	 725	 166	 19.00
694	 695	 210	 18.00
694	 726	 185	 16.00
695	 696	 218	 20.00
695	 727	 189	 23.00
696	 697	 187	 22.00
696	 728	 232	 23.00
697	 698	 198	 17.00
697	 729	 237	 19.00
698	 699	 193	 23.00
698	 730	 169	 19.00
699	 700	 218	 22.00
699	 731	 209	 17.00
700	 701	 192	 23.00
700	 732	 229	 19.00
701	 702	 218	 22.00
701	 733	 226	 17.00
702	 703	 177	 17.00
702	 734	 190	 19.00
703	 735	 186	 19.00
704	 705	 176	 23.00
704	 736	 172	 22.00
705	 706	 219	 21.00
705	 737	 193	 23.00
706	 707	 239	 24.00
706	 738	 168	 16.00
707	 708	 177	 23.00
707	 739	 170	 22.00
708	 709	 225	 20.00
708	 740	 215	 23.00
709	 710	 187	 22.00
709	 741	 216	 16.00
710	 711	 208	 16.00
710	 742	 206	 20.00
711	 712	 204	 24.00
711	 743	 163	 19.00
712	 713	 193	 23.00
712	 744	 214	 16.00
713	 714	 178	 20.00
713	 745	 224	 21.00
714	 715	 178	 23.00
714	 746	 217	 16.00
715	 716	 238	 21.00
715	 747	 211	 19.00
716	 717	 218	 16.00
716	 748	 200	 16.00
717	 718	 232	 22.00
717	 749	 180	 16.00
718	 719	 240	 16.00
718	 750	 172	 23.00
719	 720	 196	 24.00
719	 751	 231	 24.00
720	 721	 196	 23.00
720	 752	 232	 23.00
721	 722	 219	 19.00
721	 753	 165	 22.00
722	 723	 191	 18.00
722	 754	 191	 17.00
723	 724	 218	 17.00
723	 755	 165	 20.00
724	 725	 177	 21.00
724	 756	 232	 20.00
725	 726	 191	 16.00
725	 757	 180	 18.00
726	 727	 175	 23.00
726	 758	 236	 23.00
727	 728	 169	 19.00
727	 759	 195	 22.00
728	 729	 172	 22.00
728	 760	 184	 19.00
729	 730	 180	 17.00
729	 761	 207	 20.00
730	 731	 225	 18.00
730	 762	 186	 21.00
731	 732	 227	 18.00
731	 763	 183	 20.00
732	 733	 198	 16.00
732	 764	 215	 21.00
733	 734	 175	 18.00
733	 765	 181	 24.00
734	 735	 233	 20.00
734	 766	 178	 17.00
735	 767	 174	 24.00
736	 737	 198	 22.00
736	 768	 206	 17.00
737	 738	 184	 17.00
737	 769	 173	 20.00
738	 739	 201	 21.00
738	 770	 224	 17.00
739	 740	 160	 19.00
739	 771	 169	 16.00
740	 741	 194	 19.00
740	 772	 234	 20.00
741	 742	 221	 19.00
741	 773	 189	 19.00
742	 743	 239	 19.00
742	 774	 187	 24.00
743	 744	 178	 18.00
743	 775	 185	 22.00
744	 745	 191	 22.00
744	 776	 199	 18.00
745	 746	 206	 24.00
745	 777	 189	 20.00
746	 747	 163	 21.00
746	 778	 218	 21.00
747	 748	 224	 20.00
747	 779	 162	 18.00
748	 749	 218	 18.00
748	 780	 227	 18.00
749	 750	 178	 16.00
749	 781	 218	 17.00
750	 751	 218	 24.00
750	 782	 212	 23.00
751	 752	 205	 21.00
751	 783	 166	 23.00
752	 753	 216	 18.00
752	 784	 209	 24.00
753	 754	 223	 24.00
753	 785	 189	 23.00
754	 755	 210	 24.00
754	 786	 189	 23.00
755	 756	 168	 21.00
755	 787	 237	 19.00
756	 757	 197	 22.00
756	 788	 175	 21.00
757	 758	 178	 18.00
757	 789	 187	 23.00
758	 759	 232	 21.00
758	 790	 215	 17.00
759	 760	 213	 21.00
759	 791	 218	 20.00
760	 761	 210	 16.00
760	 792	 218	 20.00
761	 762	 196	 16.00
761	 793	 172	 17.00
762	 763	 182	 23.00
762	 794	 175	 16.00
763	 764	 198	 22.00
763	 795	 224	 22.00
764	 765	 177	 24.00
764	 796	 177	 18.00
765	 766	 219	 18.00
765	 797	 210	 24.00
766	 767	 169	 20.00
766	 798	 166	 24.00
767	 799	 239	 17.00
768	 769	 186	 19.00
768	 800	 238	 21.00
769	 770	 198	 18.00
769	 801	 239	 24.00
770	 771	 216	 20.00
770	 802	 212	 21.00
771	 772	 196	 22.00
771	 803	 208	 20.00
772	 773	 200	 23.00
772	 804	 211	 16.00
773	 774	 193	 22.00
773	 805	 166	 21.00
774	 775	 210	 20.00
774	 806	 173	 18.00
775	 776	 216	 21.00
775	 807	 176	 22.00
776	 777	 217	 24.00
776	 808	 216	 17.00
777	 778	 181	 24.00
777	 809	 174	 20.00
778	 779	 160	 23.00
778	 810	 163	 17.00
779	 780	 173	 19.00
779	 811	 231	 17.00
780	 781	 239	 20.00
780	 812	 234	 19.00
781	 782	 206	 17.00
781	 813	 163	 24.00
782	 783	 229	 19.00
782	 814	 229	 16.00
783	 784	 219	 19.00
783	 815	 205	 17.00
784	 785	 194	 24.00
784	 816	 232	 19.00
785	 786	 222	 24.00
785	 817	 220	 19.00
786	 787	 208	 19.00
786	 818	 192	 23.00
787	 788	 215	 16.00
787	 819	 175	 22.00
788	 789	 220	 20.00
788	 820	 161	 22.00
789	 790	 177	 19.00
789	 821	 180	 16.00
790	 791	 184	 21.00
790	 822	 180	 19.00
791	 792	 207	 17.00
791	 823	 168	 19.00
792	 793	 184	 20.00
792	 824	 226	 23.00
793	 794	 229	 21.00
793	 825	 183	 24.00
794	 795	 200	 18.00
794	 826	 227	 17.00
795	 796	 201	 17.00
795	 827	 219	 18.00
796	 797	 181	 23.00
796	 828	 163	 16.00
797	 798	 215	 22.00
797	 829	 178	 18.00
798	 799	 206	 20.00
798	 830	 240	 16.00
799	 831	 234	 18.00
800	 801	 179	 20.00
800	 832	 204	 21.00
801	 802	 226	 19.00
801	 833	 184	 21.00
802	 803	 180	 23.00
802	 834	 186	 19.00
803	 804	 206	 20.00
803	 835	 239	 17.00
804	 805	 223	 16.00
804	 836	 201	 22.00
805	 806	 171	 18.00
805	 837	 201	 19.00
806	 807	 231	 24.00
806	 838	 214	 22.00
807	 808	 195	 19.00
807	 839	 181	 16.00
808	 809	 229	 24.00
808	 840	 231	 20.00
809	 810	 195	 19.00
809	 841	 240	 16.00
810	 811	 204	 18.00
810	 842	 207	 17.00
811	 812	 198	 16.00
811	 843	 172	 17.00
812	 813	 176	 20.00
812	 844	 202	 19.00
813	 814	 217	 24.00
813	 845	 208	 17.00
814	 815	 205	 21.00
814	 846	 213	 17.00
815	 816	 192	 16.00
815	 847	 218	 16.00
816	 817	 168	 19.00
816	 848	 168	 21.00
817	 818	 230	 17.00
817	 849	 215	 20.00
818	 819	 233	 21.00
818	 850	 187	 20.00
819	 820	 164	 23.00
819	 851	 193	 21.00
820	 821	 202	 20.00
820	 852	 181	 20.00
821	 822	 174	 22.00
821	 853	 200	 18.00
822	 823	 197	 18.00
822	 854	 218	 20.00
823	 824	 165	 18.00
823	 855	 191	 24.00
824	 825	 172	 21.00
824	 856	 162	 20.00
825	 826	 192	 19.00
825	 857	 229	 19.00
826	 827	 237	 23.00
826	 858	 182	 18.00
827	 828	 196	 17.00
827	 859	 232	 22.00
828	 829	 240	 17.00
828	 860	 230	 21.00
829	 830	 216	 17.00
829	 861	 168	 24.00
830	 831	 215	 16.00
830	 862	 230	 16.00
831	 863	 212	 20.00
832	 833	 197	 20.00
832	 864	 195	 24.00
833	 834	 233	 24.00
833	 865	 236	 16.00
834	 835	 182	 18.00
834	 866	 181	 17.00
835	 836	 194	 22.00
835	 867	 197	 24.00
836	 837	 194	 22.00
836	 868	 230	 20.00
837	 838	 225	 19.00
837	 869	 163	 16.00
838	 839	 203	 16.00
838	 870	 215	 17.00
839	 840	 184	 22.00
839	 871	 239	 22.00
840	 841	 238	 24.00
840	 872	 237	 22.00
841	 842	 206	 21.00
841	 873	 210	 19.00
842	 843	 237	 17.00
842	 874	 184	 20.00
843	 844	 196	 17.00
843	 875	 165	 16.00
844	 845	 175	 23.00
844	 876	 218	 17.00
845	 846	 219	 16.00
845	 877	 205	 17.00
846	 847	 179	 21.00
846	 878	 192	 18.00
847	 848	 168	 16.00
847	 879	 203	 24.00
848	 849	 177	 19.00
848	 880	 239	 20.00
849	 850	 227	 23.00
849	 881	 212	 19.00
850	 851	 215	 22.00
850	 882	 187	 24.00
851	 852	 162	 23.00
851	 883	 223	 24.00
852	 853	 169	 20.00
852	 884	 239	 24.00
853	 854	 171	 21.00
853	 885	 232	 16.00
854	 855	 188	 24.00
854	 886	 162	 20.00
855	 856	 193	 20.00
855	 887	 166	 18.00
856	 857	 177	 16.00
856	 888	 208	 16.00
857	 858	 166	 21.00
857	 889	 192	 16.00
858	 859	 199	 18.00
858	 890	 166	 24.00
859	 860	 185	 21.00
859	 891	 231	 22.00
860	 861	 226	 22.00
860	 892	 205	 20.00
861	 862	 180	 17.00
861	 893	 174	 23.00
862	 863	 186	 20.00
862	 894	 180	 18.00
863	 895	 201	 16.00
864	 865	 220	 21.00
864	 896	 220	 20.00
865	 866	 197	 22.00
865	 897	 170	 20.00
866	 867	 190	 17.00
866	 898	 217	 16.00
867	 868	 173	 19.00
867	 899	 193	 17.00
868	 869	 210	 23.00
868	 900	 226	 24.00
869	 870	 221	 20.00
869	 901	 166	 19.00
870	 871	 218	 21.00
870	 902	 185	 23.00
871	 872	 211	 20.00
871	 903	 239	 16.00
872	 873	 205	 22.00
872	 904	 199	 19.00
873	 874	 199	 19.00
873	 905	 228	 21.00
874	 875	 219	 21.00
874	 906	 198	 20.00
875	 876	 205	 24.00
875	 907	 209	 18.00
876	 877	 168	 23.00
876	 908	 227	 18.00
877	 878	 214	 17.00
877	 909	 225	 22.00
878	 879	 200	 18.00
878	 910	 186	 24.00
879	 880	 208	 22.00
879	 911	 162	 24.00
880	 881	 206	 19.00
880	 912	 215	 20.00
881	 882	 202	 17.00
881	 913	 216	 23.00
882	 883	 177	 23.00
882	 914	 202	 16.00
883	 884	 213	 16.00
883	 915	 206	 18.00
884	 885	 193	 23.00
884	 916	 182	 22.00
885	 886	 232	 16.00
885	 917	 167	 23.00
886	 887	 172	 23.00
886	 918	 165	 19.00
887	 888	 240	 18.00
887	 919	 233	 18.00
888	 889	 236	 23.00
888	 920	 160	 21.00
889	 890	 185	 21.00
889	 921	 166	 17.00
890	 891	 225	 24.00
890	 922	 164	 23.00
891	 892	 217	 16.00
891	 923	 206	 16.00
892	 893	 184	 21.00
892	 924	 232	 23.00
893	 894	 186	 18.00
893	 925	 168	 22.00
894	 895	 195	 24.00
894	 926	 206	 22.00
895	 927	 203	 20.00
896	 897	 190	 17.00
896	 928	 167	 18.00
897	 898	 225	 17.00
897	 929	 203	 21.00
898	 899	 229	 17.00
898	 930	 206	 22.00
899	 900	 196	 17.00
899	 931	 235	 18.00
900	 901	 221	 19.00
900	 932	 178	 23.00
901	 902	 221	 22.00
901	 933	 184	 17.00
902	 903	 239	 20.00
902	 934	 175	 20.00
903	 904	 166	 20.00
903	 935	 224	 22.00
904	 905	 207	 19.00
904	 936	 195	 19.00
905	 906	 179	 16.00
905	 937	 215	 23.00
906	 907	 239	 19.00
906	 938	 214	 17.00
907	 908	 223	 20.00
907	 939	 229	 16.00
908	 909	 237	 20.00
908	 940	 222	 17.00
909	 910	 208	 19.00
909	 941	 163	 21.00
910	 911	 196	 18.00
910	 942	 238	 22.00
911	 912	 168	 21.00
911	 943	 185	 17.00
912	 913	 193	 24.00
912	 944	 172	 24.00
913	 914	 175	 16.00
913	 945	 172	 21.00
914	 915	 237	 23.00
914	 946	 202	 17.00
915	 916	 163	 16.00
915	 947	 196	 19.00
916	 917	 193	 17.00
916	 948	 164	 18.00
917	 918	 237	 16.00
917	 949	 171	 23.00
918	 919	 220	 20.00
918	 950	 240	 21.00
919	 920	 195	 20.00
919	 951	 239	 24.00
920	 921	 205	 19.00
920	 952	 237	 24.00
921	 922	 189	 21.00
921	 953	 218	 21.00
922	 923	 176	 16.00
922	 954	 206	 18.00
923	 924	 230	 16.00
923	 955	 239	 20.00
924	 925	 194	 18.00
924	 956	 160	 18.00
925	 926	 208	 16.00
925	 957	 166	 21.00
926	 927	 165	 21.00
926	 958	 198	 17.00
927	 959	 216	 22.00
928	 929	 207	 24.00
928	 960	 227	 24.00
929	 930	 225	 23.00
929	 961	 215	 18.00
930	 931	 212	 24.00
930	 962	 179	 20.00
931	 932	 197	 18.00
931	 963	 174	 24.00
932	 933	 180	 18.00
932	 964	 224	 23.00
933	 934	 163	 23.00
933	 965	 217	 18.00
934	 935	 185	 21.00
934	 966	 213	 18.00
935	 936	 197	 23.00
935	 967	 171	 17.00
936	 937	 222	 18.00
936	 968	 207	 17.00
937	 938	 183	 18.00
937	 969	 186	 16.00
938	 939	 237	 16.00
938	 970	 164	 18.00
939	 940	 160	 19.00
939	 971	 217	 21.00
940	 941	 231	 18.00
940	 972	 227	 16.00
941	 942	 183	 16.00
941	 973	 200	 23.00
942	 943	 165	 21.00
942	 974	 182	 18.00
943	 944	 196	 22.00
943	 975	 229	 16.00
944	 945	 173	 19.00
944	 976	 172	 17.00
945	 946	 161	 21.00
945	 977	 183	 18.00
946	 947	 213	 24.00
946	 978	 215	 23.00
947	 948	 205	 19.00
947	 979	 199	 22.00
948	 949	 187	 21.00
948	 980	 233	 17.00
949	 950	 203	 16.00
949	 981	 174	 18.00
950	 951	 201	 19.00
950	 982	 182	 22.00
951	 952	 222	 19.00
951	 983	 221	 17.00
952	 953	 170	 18.00
952	 984	 182	 18.00
953	 954	 227	 18.00
953	 985	 185	 21.00
954	 955	 166	 23.00
954	 986	 210	 20.00
955	 956	 216	 19.00
955	 987	 172	 20.00
956	 957	 202	 23.00
956	 988	 185	 22.00
957	 958	 212	 23.00
957	 989	 201	 18.00
958	 959	 180	 18.00
958	 990	 185	 21.00
959	 991	 221	 18.00
960	 961	 197	 17.00
960	 992	 206	 19.00
961	 962	 193	 16.00
961	 993	 219	 20.00
962	 963	 231	 23.00
962	 994	 161	 20.00
963	 964	 197	 20.00
963	 995	 208	 23.00
964	 965	 220	 23.00
964	 996	 219	 21.00
965	 966	 239	 19.00
965	 997	 216	 21.00
966	 967	 218	 16.00
966	 998	 212	 22.00
967	 968	 185	 19.00
967	 999	 234	 23.00
968	 969	 182	 18.00
968	 1000	 217	 20.00
969	 970	 192	 20.00
969	 1001	 228	 20.00
970	 971	 224	 18.00
970	 1002	 169	 24.00
971	 972	 222	 17.00
971	 1003	 213	 21.00
972	 973	 206	 17.00
972	 1004	 172	 18.00
973	 974	 180	 24.00
973	 1005	 191	 24.00
974	 975	 171	 24.00
974	 1006	 173	 16.00
975	 976	 162	 20.00
975	 1007	 193	 20.00
976	 977	 234	 20.00
976	 1008	 175	 22.00
977	 978	 208	 24.00
977	 1009	 233	 16.00
978	 979	 163	 22.00
978	 1010	 234	 24.00
979	 980	 166	 16.00
979	 1011	 181	 24.00
980	 981	 171	 23.00
980	 1012	 233	 18.00
981	 982	 199	 16.00
981	 1013	 201	 24.00
982	 983	 238	 21.00
982	 1014	 194	 21.00
983	 984	 185	 20.00
983	 1015	 165	 20.00
984	 985	 187	 17.00
984	 1016	 199	 21.00
985	 986	 200	 16.00
985	 1017	 223	 21.00
986	 987	 232	 22.00
986	 1018	 223	 17.00
987	 988	 164	 23.00
987	 1019	 211	 21.00
988	 989	 220	 22.00
988	 1020	 191	 22.00
989	 990	 215	 18.00
989	 1021	 201	 23.00
990	 991	 214	 19.00
990	 1022	 209	 19.00
991	 1023	 161	 16.00
992	 993	 221	 16.00
993	 994	 211	 20.00
994	 995	 204	 18.00
995	 996	 236	 18.00
996	 997	 163	 22.00
997	 998	 200	 22.00
998	 999	 210	 18.00
999	 1000	 180	 17.00
1000	 1001	 196	 23.00
1001	 1002	 197	 17.00
1002	 1003	 195	 16.00
1003	 1004	 178	 20.00
1004	 1005	 163	 23.00
1005	 1006	 190	 19.00
1006	 1007	 176	 21.00
1007	 1008	 204	 19.00
1008	 1009	 169	 23.00
1009	 1010	 185	 18.00
1010	 1011	 214	 16.00
1011	 1012	 230	 21.00
1012	 1013	 190	 19.00
1013	 1014	 171	 19.00
1014	 1015	 206	 22.00
1015	 1016	 223	 19.00
1016	 1017	 168	 24.00
1017	 1018	 209	 21.00
1018	 1019	 189	 19.00
1019	 1020	 161	 20.00
1020	 1021	 187	 23.00
1021	 1022	 203	 19.00
1022	 1023	 169	 16.00
