1024 	 1023 	 20 	 0.30 
 
4	15	0
72	11	0
189	19	0
286	2	0
437	-32	0
486	-31	0
592	20	0
724	27	0
811	22	8
902	-38	8
972	-7	8
1122	8	8
1212	19	8
1273	-45	8
1393	-12	8
1494	-17	8
1598	-15	6
1707	13	6
1822	9	6
1901	16	6
1989	-1	6
2108	25	6
2201	16	6
2280	40	6
2402	27	3
2531	-20	3
2590	-37	3
2697	-47	3
2794	20	3
2875	-11	3
3015	-41	3
3077	-16	3
-8	102	0
98	110	0
224	140	0
292	72	0
381	89	0
470	80	0
618	95	0
698	107	0
770	88	8
871	128	8
1027	85	8
1079	129	8
1186	86	8
1286	97	8
1405	98	6
1486	79	6
1584	102	6
1686	68	6
1778	99	6
1909	118	6
1986	107	6
2052	83	6
2169	67	6
2292	113	3
2386	97	3
2467	100	3
2587	90	3
2671	76	3
2784	103	3
2916	79	3
2952	85	3
3089	68	3
28	194	0
95	214	0
206	208	0
276	213	0
412	215	0
500	216	0
610	205	0
680	173	0
781	202	0
900	201	8
1026	179	8
1101	189	8
1226	227	8
1294	232	8
1400	239	6
1472	200	6
1607	192	6
1695	215	6
1794	202	6
1862	168	6
2004	178	6
2102	212	6
2190	191	6
2307	185	3
2383	224	3
2496	192	3
2635	181	3
2719	205	3
2823	207	3
2883	172	3
2991	216	3
3113	207	3
37	303	0
92	341	0
200	302	0
303	271	0
358	291	0
507	266	0
624	300	0
695	300	0
799	262	0
909	281	8
978	317	8
1092	298	8
1211	324	8
1313	281	8
1399	283	6
1463	308	6
1625	291	6
1733	323	6
1778	287	6
1909	296	6
1958	273	6
2106	314	6
2209	282	6
2263	315	3
2403	303	3
2476	279	3
2575	270	3
2693	284	3
2762	313	3
2894	258	3
2995	303	3
3081	315	3
-3	367	0
96	409	0
178	369	0
294	380	0
388	395	0
523	418	0
585	359	0
705	389	0
818	401	8
882	378	8
1003	362	8
1104	421	8
1213	371	8
1327	359	8
1394	374	8
1475	380	6
1610	390	6
1700	399	6
1826	386	6
1875	423	6
1998	393	6
2107	437	6
2214	406	3
2329	432	3
2405	360	3
2472	413	3
2571	385	3
2702	370	3
2789	425	3
2926	421	3
3013	423	3
3084	357	3
-16	476	0
90	510	0
201	540	0
302	507	0
416	541	0
530	513	0
554	540	0
728	490	0
783	491	0
910	521	8
960	512	8
1115	512	8
1202	502	8
1324	513	8
1406	491	8
1461	515	8
1591	516	6
1686	521	6
1806	527	6
1912	491	6
2003	538	6
2118	473	6
2235	515	6
2296	496	3
2365	510	3
2474	536	3
2620	510	3
2686	509	3
2789	526	3
2875	487	3
3024	526	3
3138	494	3
-6	588	0
104	593	0
196	606	0
312	622	0
394	638	0
453	582	0
605	598	0
656	559	0
758	602	8
889	573	8
977	606	8
1073	604	8
1229	624	8
1293	611	8
1393	599	8
1517	632	6
1618	618	6
1693	568	6
1805	566	6
1868	614	6
2032	615	6
2123	617	6
2215	617	6
2325	588	17
2381	626	3
2501	589	3
2590	609	3
2676	600	3
2809	595	3
2876	569	3
3042	607	3
3119	565	3
-20	684	11
110	654	0
200	708	0
284	690	0
423	698	0
491	693	0
600	660	0
684	718	8
782	721	8
902	736	8
1037	674	8
1110	684	8
1185	701	8
1296	672	8
1411	664	8
1491	679	8
1601	688	6
1732	667	15
1798	748	6
1898	697	6
1975	663	6
2104	728	6
2171	681	6
2257	708	17
2400	705	17
2495	685	3
2606	726	3
2717	671	3
2778	693	3
2875	744	3
3020	737	3
3125	719	5
1	794	11
69	793	11
185	769	0
317	762	0
407	791	0
519	803	11
595	759	11
698	822	11
802	837	11
916	800	8
972	816	8
1104	823	8
1237	798	8
1287	815	8
1399	787	8
1511	797	8
1605	798	15
1707	788	15
1801	790	6
1893	841	6
2008	817	15
2082	774	6
2186	793	15
2300	826	5
2370	794	5
2518	818	5
2613	835	5
2706	842	3
2824	788	3
2886	789	3
3026	812	5
3111	817	5
-8	862	11
105	899	11
198	853	11
291	895	11
408	873	0
509	897	11
596	863	11
697	881	11
777	876	11
858	910	8
979	928	8
1116	908	8
1165	875	8
1318	906	8
1397	944	15
1518	882	15
1635	891	15
1660	904	15
1828	937	15
1920	917	15
1979	860	15
2091	917	15
2206	900	15
2324	881	5
2375	920	5
2479	918	5
2591	890	5
2682	895	5
2807	908	5
2910	912	5
2983	900	5
3104	908	5
-29	1026	11
118	1001	11
219	1000	11
298	991	11
401	985	11
493	1018	11
572	1008	11
706	997	11
835	1007	11
862	967	11
974	1002	12
1111	1019	12
1212	999	12
1320	989	12
1398	996	15
1485	1019	15
1573	995	15
1691	983	15
1840	1042	15
1915	999	15
2008	991	15
2129	1017	5
2193	971	5
2342	963	5
2405	1027	5
2504	997	5
2591	1035	5
2675	994	5
2805	995	5
2884	1040	5
3044	984	5
3083	969	5
-5	1097	11
124	1094	11
196	1066	11
301	1094	11
414	1057	11
486	1106	11
601	1069	11
736	1110	11
819	1089	11
910	1112	12
1019	1120	12
1105	1118	12
1214	1131	12
1280	1095	12
1410	1097	12
1490	1119	15
1562	1070	15
1738	1093	15
1835	1116	15
1882	1107	15
2012	1087	15
2081	1056	15
2207	1099	5
2332	1114	5
2414	1102	5
2499	1117	5
2638	1105	5
2733	1120	5
2802	1094	5
2893	1106	5
2995	1117	5
3109	1101	5
13	1191	11
95	1241	11
217	1199	11
311	1213	11
421	1199	11
482	1195	11
573	1190	11
718	1183	11
792	1214	11
883	1202	11
1015	1182	12
1083	1193	12
1183	1159	12
1302	1185	12
1408	1195	12
1515	1186	12
1593	1205	15
1708	1207	15
1819	1210	15
1899	1210	15
2024	1180	15
2073	1214	15
2213	1192	5
2341	1196	5
2389	1158	5
2499	1176	5
2555	1220	5
2696	1195	5
2793	1180	5
2880	1202	5
3000	1181	5
3064	1207	5
-4	1294	11
111	1310	11
197	1286	11
264	1302	11
423	1316	11
485	1318	11
595	1319	11
707	1290	11
839	1291	12
929	1278	12
988	1293	12
1112	1260	12
1216	1317	12
1289	1265	12
1382	1326	12
1505	1295	12
1625	1308	15
1668	1313	14
1795	1274	14
1864	1306	15
1980	1264	15
2105	1309	15
2187	1290	15
2316	1299	5
2402	1271	5
2478	1331	5
2566	1265	5
2691	1296	5
2784	1288	5
2912	1279	5
3035	1277	5
3100	1302	5
-5	1430	11
138	1376	11
214	1386	11
286	1400	11
403	1403	11
472	1420	11
611	1394	11
664	1386	11
807	1413	12
853	1374	12
987	1433	12
1097	1419	12
1187	1412	12
1289	1381	12
1382	1371	12
1513	1393	12
1593	1430	12
1676	1402	14
1822	1418	14
1880	1429	14
1985	1383	15
2135	1392	15
2228	1391	15
2293	1417	15
2362	1379	15
2481	1381	5
2615	1437	5
2698	1435	4
2770	1393	5
2885	1386	5
3002	1404	5
3066	1405	5
-31	1478	11
106	1532	11
182	1461	11
306	1479	11
376	1517	11
485	1545	11
562	1478	11
700	1476	12
792	1506	12
908	1478	12
975	1489	12
1121	1483	12
1204	1503	12
1301	1509	12
1373	1514	12
1466	1517	12
1579	1520	12
1711	1496	12
1775	1477	14
1890	1526	14
2008	1504	14
2121	1479	15
2180	1484	15
2317	1517	15
2425	1499	5
2482	1494	5
2634	1500	5
2722	1512	4
2801	1507	5
2907	1507	4
2970	1505	4
3089	1478	5
-16	1587	10
103	1602	11
176	1599	10
295	1593	10
392	1632	10
506	1582	13
611	1625	13
704	1624	12
839	1561	12
903	1625	12
959	1591	12
1080	1570	12
1201	1620	12
1312	1587	12
1390	1607	12
1514	1618	12
1634	1592	12
1691	1638	14
1839	1595	14
1886	1557	14
2014	1611	14
2076	1607	15
2202	1574	15
2328	1602	15
2400	1607	15
2466	1638	4
2617	1602	4
2712	1630	4
2812	1623	4
2919	1557	4
3024	1598	4
3087	1585	4
39	1709	10
141	1690	10
244	1677	10
273	1720	10
432	1712	10
505	1704	10
567	1709	10
704	1680	12
816	1664	12
932	1686	12
963	1655	12
1081	1700	12
1227	1700	12
1284	1680	12
1415	1732	12
1503	1729	12
1563	1701	14
1730	1741	14
1792	1720	14
1898	1734	14
2009	1664	14
2140	1689	15
2158	1707	15
2330	1714	15
2428	1722	15
2489	1680	4
2578	1694	4
2707	1678	4
2769	1687	4
2873	1732	4
3016	1701	4
3146	1713	4
-30	1793	10
108	1794	10
200	1809	10
292	1796	10
393	1774	10
503	1773	10
583	1828	10
720	1809	10
774	1805	12
886	1805	12
991	1801	12
1114	1805	14
1192	1792	14
1279	1775	12
1436	1785	14
1474	1828	14
1599	1823	14
1721	1797	14
1784	1823	14
1904	1812	14
1995	1787	14
2070	1791	14
2231	1804	15
2291	1805	15
2397	1815	15
2494	1824	4
2591	1783	4
2676	1776	4
2757	1832	4
2929	1785	4
3018	1795	4
3128	1843	4
24	1924	10
107	1887	10
218	1854	10
300	1878	10
425	1941	10
491	1867	10
608	1858	10
696	1916	10
782	1907	10
884	1883	14
974	1897	14
1090	1918	14
1188	1901	14
1300	1874	14
1376	1930	14
1465	1921	14
1563	1907	14
1696	1902	14
1805	1914	14
1910	1915	14
1975	1908	14
2120	1902	14
2204	1921	4
2282	1922	4
2403	1867	4
2510	1886	4
2562	1899	4
2657	1862	4
2825	1905	4
2884	1866	4
2983	1919	4
3105	1857	4
-1	1989	10
84	1998	10
208	1992	10
256	2032	10
359	1998	10
504	2010	10
592	1997	10
685	2021	10
767	2032	10
884	2007	10
995	2000	14
1141	1980	14
1166	2022	14
1293	2014	14
1393	1974	14
1498	2041	14
1596	2032	14
1695	1971	14
1802	2007	14
1882	2032	14
2013	2005	14
2077	2040	14
2206	1995	4
2320	2003	4
2412	1957	4
2545	1967	4
2580	2005	4
2673	2014	4
2832	2012	4
2887	1982	4
2993	2002	4
3071	1994	4
13	2064	10
96	2116	10
217	2091	10
321	2108	10
385	2084	10
523	2098	10
560	2096	10
707	2115	10
817	2123	10
861	2099	10
962	2110	14
1073	2106	9
1177	2094	14
1293	2103	14
1398	2097	14
1507	2077	14
1605	2096	14
1671	2068	14
1798	2100	14
1869	2104	14
2007	2054	16
2089	2090	16
2201	2101	4
2278	2089	16
2413	2128	4
2508	2076	4
2605	2120	4
2669	2098	4
2827	2101	4
2875	2074	4
2968	2080	4
3135	2085	4
-26	2172	10
78	2222	10
222	2222	10
318	2164	10
374	2218	10
506	2242	10
621	2203	10
703	2199	10
787	2175	10
922	2164	9
983	2215	9
1093	2197	9
1221	2178	14
1303	2202	9
1389	2185	9
1487	2212	9
1597	2203	14
1693	2198	14
1795	2234	7
1909	2178	14
1981	2189	16
2061	2202	16
2237	2167	16
2281	2180	16
2390	2196	4
2479	2221	4
2628	2164	4
2738	2214	4
2811	2215	4
2938	2229	4
2996	2188	4
3100	2205	4
-11	2333	10
90	2276	10
237	2344	1
334	2307	10
426	2299	1
467	2301	1
587	2303	10
720	2275	10
812	2318	9
890	2269	9
999	2307	9
1109	2286	9
1219	2306	9
1309	2317	9
1410	2313	9
1506	2300	9
1616	2290	14
1672	2295	14
1838	2280	7
1885	2303	7
1994	2292	7
2091	2261	16
2195	2311	16
2303	2265	16
2384	2322	16
2463	2263	4
2603	2294	4
2699	2291	2
2812	2307	2
2908	2300	2
2964	2281	4
3104	2293	4
39	2406	10
93	2369	10
217	2423	1
315	2409	1
382	2382	1
502	2411	1
632	2401	10
708	2386	10
801	2370	9
874	2364	9
967	2383	9
1119	2417	9
1224	2420	9
1312	2416	9
1396	2370	9
1481	2397	9
1616	2439	7
1738	2399	7
1801	2392	7
1924	2397	7
1970	2403	7
2104	2398	7
2204	2433	7
2277	2431	16
2427	2420	16
2492	2384	16
2600	2405	2
2705	2388	2
2818	2385	2
2940	2395	2
2988	2372	2
3097	2397	4
-15	2496	10
94	2511	1
206	2522	1
260	2482	19
400	2492	1
507	2491	18
577	2499	1
655	2451	9
814	2529	9
916	2534	9
1026	2495	9
1122	2488	9
1203	2473	9
1332	2507	9
1358	2495	9
1494	2496	9
1610	2462	7
1718	2522	7
1827	2467	7
1931	2522	7
2006	2474	7
2097	2500	7
2214	2483	16
2284	2474	16
2409	2490	2
2496	2510	2
2564	2478	2
2671	2501	2
2775	2502	2
2883	2500	2
3026	2484	2
3099	2511	2
26	2595	1
81	2609	1
199	2596	1
293	2590	1
365	2609	1
486	2565	1
593	2586	1
680	2596	1
799	2588	1
896	2597	9
996	2594	9
1105	2609	9
1197	2615	9
1289	2573	9
1429	2623	9
1533	2611	9
1583	2567	7
1690	2626	7
1805	2629	7
1905	2586	7
1979	2607	7
2092	2569	7
2212	2636	7
2284	2607	16
2401	2618	2
2495	2561	2
2565	2602	2
2725	2587	2
2810	2601	2
2910	2582	2
2981	2615	2
3106	2604	2
-10	2683	1
109	2713	1
230	2673	1
273	2707	1
401	2721	1
520	2674	1
569	2719	1
669	2685	1
794	2702	1
895	2727	9
1009	2736	9
1077	2688	9
1211	2681	9
1329	2702	9
1408	2659	9
1531	2705	7
1636	2671	7
1685	2706	7
1785	2730	7
1936	2694	7
1964	2715	7
2074	2747	7
2167	2714	7
2328	2686	2
2432	2694	2
2508	2658	2
2581	2710	2
2687	2670	2
2830	2667	2
2859	2686	2
2971	2706	2
3112	2687	2
14	2801	1
127	2830	1
210	2816	1
330	2790	1
401	2812	1
501	2806	1
592	2773	1
679	2807	1
790	2840	1
894	2767	1
1031	2814	9
1088	2800	9
1211	2809	9
1327	2816	9
1380	2798	9
1481	2813	9
1590	2800	7
1722	2756	7
1782	2800	7
1898	2799	7
2007	2770	7
2087	2834	7
2182	2775	7
2290	2787	2
2403	2791	2
2525	2802	2
2598	2816	2
2699	2796	2
2789	2821	2
2892	2810	2
2989	2776	2
3103	2809	2
-27	2887	1
96	2886	1
175	2906	1
329	2910	1
421	2892	1
510	2866	1
609	2872	1
670	2908	1
790	2914	1
872	2867	1
1007	2889	9
1099	2882	9
1197	2910	9
1338	2892	9
1410	2912	7
1488	2926	7
1607	2933	7
1714	2905	7
1821	2909	7
1876	2899	7
2032	2868	7
2076	2925	7
2198	2919	7
2291	2906	2
2410	2901	2
2516	2919	2
2586	2936	2
2720	2897	2
2838	2943	2
2902	2865	2
2993	2917	2
3097	2855	2
0	2998	1
92	3009	1
233	3006	1
278	2979	1
407	3018	1
507	2988	1
605	3012	1
678	2993	1
787	2986	1
870	3027	1
1035	3001	9
1098	2998	9
1190	2996	9
1302	2996	9
1393	3010	9
1502	2990	7
1592	3003	7
1709	3024	7
1784	3018	7
1892	2992	7
1954	2995	7
2094	2974	7
2174	3018	7
2294	3015	7
2409	2987	2
2511	2999	2
2619	3022	2
2725	3008	2
2835	3042	2
2929	3017	2
2989	3021	2
3066	2980	2
-12	3146	1
110	3122	1
199	3098	1
279	3114	1
427	3056	1
496	3068	1
609	3110	1
730	3084	1
806	3094	1
898	3074	9
999	3078	9
1110	3092	9
1190	3107	9
1292	3079	9
1374	3108	9
1478	3104	9
1603	3106	7
1709	3122	7
1792	3135	7
1888	3116	7
2014	3125	7
2098	3108	7
2215	3090	7
2330	3085	7
2387	3061	2
2493	3092	2
2619	3100	2
2711	3110	2
2806	3088	2
2922	3109	2
2993	3064	2
3078	3071	2

0 	 1 	248	16.00
1 	 2 	223	22.00
2 	 3 	238	13.00
2 	 34 	213	19.00
3 	 4 	136	14.00
4 	 5 	140	17.00
4 	 36 	156	12.00
5 	 6 	251	16.00
6 	 7 	133	23.00
7 	 8 	203	15.00
8 	 9 	143	19.00
9 	 10 	236	12.00
9 	 41 	242	27.00
10 	 11 	198	28.00
12 	 13 	260	17.00
12 	 44 	237	12.00
13 	 14 	149	21.00
15 	 16 	246	12.00
15 	 47 	182	13.00
16 	 17 	229	20.00
17 	 18 	167	27.00
18 	 19 	190	26.00
19 	 20 	126	26.00
20 	 21 	273	19.00
21 	 22 	202	12.00
23 	 24 	263	15.00
23 	 55 	277	20.00
24 	 25 	152	13.00
25 	 26 	189	19.00
27 	 28 	150	15.00
27 	 59 	150	26.00
28 	 29 	179	14.00
29 	 30 	188	22.00
29 	 61 	125	27.00
30 	 31 	174	21.00
31 	 63 	145	13.00
32 	 33 	179	20.00
32 	 64 	185	22.00
33 	 34 	147	24.00
35 	 36 	240	18.00
36 	 37 	156	20.00
36 	 68 	135	13.00
38 	 39 	168	15.00
38 	 70 	199	26.00
39 	 40 	268	23.00
40 	 41 	265	24.00
40 	 72 	204	27.00
41 	 42 	221	27.00
42 	 43 	269	24.00
42 	 74 	228	22.00
43 	 44 	267	13.00
44 	 45 	130	16.00
45 	 46 	221	27.00
47 	 48 	206	16.00
48 	 49 	138	20.00
48 	 80 	162	19.00
49 	 50 	239	26.00
50 	 51 	230	28.00
50 	 82 	133	12.00
51 	 52 	150	26.00
52 	 53 	273	24.00
52 	 84 	241	17.00
53 	 54 	174	17.00
54 	 55 	160	12.00
54 	 86 	208	15.00
55 	 56 	134	17.00
56 	 57 	216	18.00
57 	 58 	273	12.00
58 	 59 	236	26.00
60 	 61 	255	27.00
61 	 62 	203	20.00
61 	 93 	205	28.00
64 	 65 	125	16.00
64 	 96 	131	22.00
65 	 66 	244	22.00
65 	 97 	121	27.00
66 	 67 	172	20.00
66 	 98 	232	25.00
69 	 70 	187	26.00
69 	 101 	219	25.00
70 	 71 	208	26.00
72 	 73 	273	28.00
72 	 104 	171	20.00
75 	 76 	255	15.00
76 	 77 	203	20.00
77 	 78 	234	22.00
78 	 79 	212	21.00
79 	 80 	255	18.00
79 	 111 	231	15.00
80 	 81 	219	27.00
82 	 83 	150	15.00
85 	 86 	252	23.00
85 	 117 	246	26.00
86 	 87 	176	22.00
87 	 88 	208	19.00
89 	 90 	199	19.00
89 	 121 	185	15.00
90 	 91 	188	21.00
91 	 92 	258	13.00
93 	 94 	139	19.00
93 	 125 	201	27.00
95 	 127 	233	13.00
98 	 99 	167	12.00
100 	 101 	160	17.00
101 	 102 	125	18.00
101 	 133 	192	20.00
103 	 104 	259	24.00
104 	 105 	153	21.00
104 	 136 	207	21.00
105 	 106 	232	21.00
106 	 107 	247	17.00
106 	 138 	234	20.00
107 	 108 	213	17.00
109 	 110 	209	21.00
110 	 111 	249	14.00
111 	 112 	212	16.00
111 	 143 	216	20.00
113 	 114 	143	17.00
114 	 115 	174	27.00
115 	 116 	210	13.00
116 	 117 	125	17.00
117 	 118 	197	28.00
118 	 119 	150	16.00
118 	 150 	129	12.00
119 	 120 	201	25.00
120 	 121 	209	28.00
120 	 152 	239	23.00
121 	 122 	225	12.00
121 	 153 	222	26.00
122 	 123 	236	16.00
123 	 124 	249	22.00
125 	 126 	213	23.00
126 	 127 	157	16.00
128 	 129 	211	20.00
129 	 130 	196	21.00
129 	 161 	159	26.00
130 	 131 	206	21.00
131 	 132 	128	17.00
131 	 163 	258	17.00
132 	 133 	121	24.00
132 	 164 	143	24.00
133 	 134 	176	13.00
134 	 135 	204	14.00
136 	 137 	210	20.00
138 	 139 	240	24.00
139 	 140 	145	13.00
140 	 141 	265	25.00
140 	 172 	240	19.00
141 	 142 	138	13.00
142 	 143 	232	13.00
143 	 144 	156	15.00
145 	 146 	264	26.00
145 	 177 	244	25.00
146 	 147 	159	26.00
147 	 148 	212	25.00
147 	 179 	221	18.00
149 	 150 	165	24.00
150 	 151 	150	14.00
154 	 155 	129	19.00
154 	 186 	192	21.00
155 	 156 	218	17.00
156 	 157 	207	19.00
156 	 188 	215	21.00
157 	 158 	133	21.00
159 	 191 	149	12.00
160 	 161 	265	22.00
162 	 163 	128	22.00
162 	 194 	142	12.00
165 	 166 	199	27.00
166 	 167 	138	22.00
166 	 198 	278	23.00
167 	 168 	164	19.00
168 	 169 	254	12.00
168 	 200 	222	16.00
169 	 170 	201	28.00
169 	 201 	165	26.00
170 	 171 	272	17.00
171 	 172 	200	13.00
172 	 173 	148	24.00
173 	 174 	152	20.00
173 	 205 	240	24.00
174 	 175 	193	13.00
174 	 206 	241	28.00
176 	 177 	241	24.00
177 	 178 	205	28.00
177 	 209 	262	14.00
179 	 180 	199	17.00
180 	 181 	249	24.00
180 	 212 	220	27.00
181 	 182 	226	26.00
181 	 213 	222	17.00
182 	 183 	208	12.00
182 	 214 	146	25.00
183 	 184 	195	13.00
184 	 185 	189	28.00
184 	 216 	141	24.00
187 	 188 	132	23.00
187 	 219 	180	17.00
189 	 190 	156	27.00
190 	 191 	205	27.00
190 	 222 	267	23.00
192 	 193 	182	12.00
192 	 224 	235	14.00
193 	 194 	214	16.00
193 	 225 	178	20.00
195 	 196 	165	14.00
196 	 197 	124	21.00
197 	 198 	275	18.00
197 	 229 	208	23.00
198 	 199 	124	15.00
201 	 202 	197	20.00
202 	 203 	177	16.00
203 	 204 	186	17.00
203 	 235 	194	15.00
206 	 207 	189	13.00
206 	 238 	260	12.00
207 	 208 	212	25.00
208 	 209 	250	28.00
209 	 210 	179	13.00
211 	 243 	262	20.00
215 	 216 	160	25.00
217 	 218 	171	13.00
218 	 219 	267	21.00
219 	 220 	214	28.00
220 	 221 	149	13.00
220 	 252 	150	23.00
221 	 222 	167	12.00
222 	 223 	225	19.00
223 	 255 	173	25.00
225 	 226 	202	17.00
227 	 228 	169	14.00
228 	 229 	154	19.00
228 	 260 	203	15.00
229 	 230 	257	21.00
229 	 261 	199	19.00
231 	 232 	142	21.00
231 	 263 	264	12.00
233 	 234 	177	13.00
234 	 235 	275	20.00
235 	 236 	257	19.00
235 	 267 	203	14.00
237 	 238 	192	18.00
238 	 239 	202	14.00
239 	 240 	274	18.00
240 	 241 	203	19.00
242 	 243 	137	19.00
243 	 244 	157	25.00
244 	 245 	179	28.00
244 	 276 	170	19.00
245 	 246 	136	18.00
245 	 277 	195	14.00
246 	 247 	163	25.00
247 	 248 	178	19.00
247 	 279 	169	24.00
248 	 249 	181	16.00
249 	 250 	235	18.00
250 	 251 	246	21.00
250 	 282 	224	23.00
251 	 252 	229	26.00
252 	 253 	231	16.00
253 	 254 	194	22.00
256 	 257 	166	28.00
257 	 258 	208	12.00
257 	 289 	218	28.00
259 	 260 	129	13.00
262 	 263 	260	12.00
262 	 294 	199	20.00
264 	 265 	276	25.00
264 	 296 	175	17.00
266 	 267 	162	28.00
267 	 268 	152	15.00
267 	 299 	247	17.00
268 	 269 	132	18.00
270 	 271 	164	24.00
271 	 272 	227	17.00
271 	 303 	257	23.00
273 	 274 	122	16.00
274 	 275 	235	13.00
274 	 306 	219	18.00
275 	 276 	182	16.00
275 	 307 	269	25.00
278 	 279 	189	20.00
279 	 280 	177	19.00
280 	 281 	144	13.00
283 	 284 	147	24.00
283 	 315 	224	17.00
284 	 285 	249	12.00
285 	 286 	252	17.00
286 	 287 	238	18.00
286 	 318 	169	28.00
288 	 289 	268	25.00
288 	 320 	142	23.00
289 	 290 	191	15.00
290 	 291 	276	18.00
292 	 293 	158	19.00
293 	 294 	263	27.00
294 	 295 	142	17.00
295 	 296 	264	18.00
296 	 297 	246	22.00
296 	 328 	249	20.00
297 	 298 	120	27.00
298 	 299 	146	23.00
299 	 300 	247	21.00
300 	 301 	211	26.00
300 	 332 	188	19.00
301 	 302 	153	22.00
302 	 303 	208	22.00
303 	 304 	233	20.00
303 	 335 	228	20.00
305 	 337 	274	15.00
307 	 308 	253	13.00
307 	 339 	211	16.00
308 	 309 	223	25.00
308 	 340 	134	13.00
309 	 310 	230	17.00
310 	 311 	216	20.00
310 	 342 	170	25.00
311 	 312 	120	14.00
312 	 313 	215	22.00
313 	 314 	217	15.00
313 	 345 	127	20.00
314 	 315 	134	21.00
315 	 316 	189	19.00
317 	 318 	159	12.00
318 	 319 	183	17.00
318 	 350 	253	22.00
320 	 321 	267	24.00
321 	 322 	154	18.00
322 	 323 	217	16.00
322 	 354 	190	26.00
323 	 324 	230	18.00
324 	 325 	210	14.00
325 	 326 	268	25.00
326 	 327 	121	22.00
327 	 328 	187	13.00
327 	 359 	218	12.00
328 	 329 	278	26.00
329 	 330 	152	12.00
330 	 331 	266	18.00
330 	 362 	124	26.00
333 	 334 	189	18.00
333 	 365 	222	17.00
335 	 336 	272	12.00
336 	 337 	126	26.00
337 	 338 	209	22.00
337 	 369 	141	21.00
338 	 339 	211	12.00
338 	 370 	224	14.00
341 	 342 	181	13.00
341 	 373 	210	28.00
343 	 344 	240	22.00
344 	 345 	139	22.00
344 	 376 	258	18.00
345 	 346 	222	28.00
347 	 348 	173	21.00
347 	 379 	193	15.00
349 	 350 	258	12.00
350 	 351 	239	28.00
351 	 383 	216	18.00
352 	 353 	179	27.00
352 	 384 	129	22.00
353 	 354 	129	15.00
353 	 385 	174	14.00
354 	 355 	178	19.00
354 	 386 	250	17.00
355 	 356 	275	23.00
355 	 387 	224	19.00
356 	 357 	214	22.00
357 	 358 	126	18.00
360 	 361 	187	22.00
361 	 393 	277	19.00
363 	 364 	184	17.00
363 	 395 	129	22.00
365 	 366 	167	28.00
365 	 397 	181	23.00
366 	 367 	134	14.00
367 	 368 	144	28.00
368 	 369 	276	28.00
368 	 400 	156	19.00
370 	 371 	185	22.00
370 	 402 	206	21.00
371 	 372 	176	25.00
374 	 375 	217	25.00
375 	 376 	208	28.00
375 	 407 	171	17.00
376 	 377 	132	25.00
378 	 379 	174	18.00
379 	 380 	232	26.00
379 	 411 	210	16.00
380 	 381 	145	22.00
381 	 382 	236	16.00
383 	 415 	222	23.00
387 	 388 	159	15.00
387 	 419 	270	23.00
388 	 389 	140	23.00
389 	 390 	168	16.00
389 	 421 	191	21.00
390 	 391 	146	15.00
391 	 392 	180	16.00
392 	 393 	172	12.00
393 	 394 	219	16.00
393 	 425 	252	15.00
395 	 396 	243	17.00
395 	 427 	150	20.00
396 	 397 	242	15.00
396 	 428 	191	13.00
398 	 399 	143	25.00
398 	 430 	140	12.00
399 	 400 	137	15.00
399 	 431 	156	28.00
401 	 402 	230	28.00
402 	 403 	132	12.00
402 	 434 	179	23.00
403 	 404 	219	15.00
403 	 435 	228	24.00
404 	 405 	133	19.00
404 	 436 	241	25.00
405 	 406 	154	18.00
405 	 437 	181	12.00
407 	 408 	161	27.00
408 	 409 	130	14.00
409 	 410 	229	13.00
410 	 411 	179	18.00
410 	 442 	271	19.00
412 	 413 	175	14.00
413 	 414 	215	15.00
413 	 445 	169	15.00
414 	 415 	274	18.00
414 	 446 	143	13.00
415 	 447 	217	19.00
416 	 417 	230	25.00
416 	 448 	125	19.00
417 	 418 	219	13.00
420 	 421 	157	14.00
421 	 422 	190	14.00
422 	 423 	184	28.00
422 	 454 	166	13.00
423 	 424 	227	21.00
425 	 426 	191	15.00
429 	 430 	169	25.00
432 	 433 	279	18.00
433 	 434 	280	21.00
433 	 465 	187	21.00
435 	 467 	276	25.00
438 	 439 	224	14.00
438 	 470 	224	27.00
439 	 440 	172	16.00
440 	 441 	214	25.00
440 	 472 	144	15.00
441 	 442 	231	15.00
441 	 473 	205	17.00
442 	 443 	135	18.00
443 	 444 	239	15.00
443 	 475 	218	12.00
448 	 449 	157	24.00
449 	 450 	181	16.00
449 	 481 	261	25.00
450 	 451 	230	17.00
450 	 482 	207	16.00
451 	 452 	275	16.00
452 	 453 	142	24.00
452 	 484 	158	27.00
453 	 454 	270	21.00
455 	 456 	146	12.00
456 	 457 	241	22.00
456 	 488 	249	24.00
457 	 458 	156	16.00
458 	 459 	164	23.00
458 	 490 	198	25.00
459 	 460 	127	12.00
460 	 461 	136	23.00
460 	 492 	130	17.00
461 	 462 	169	26.00
461 	 493 	201	18.00
462 	 463 	277	14.00
462 	 494 	206	24.00
464 	 465 	223	23.00
464 	 496 	177	28.00
466 	 467 	176	15.00
466 	 498 	170	23.00
468 	 469 	254	24.00
469 	 470 	194	24.00
470 	 471 	253	17.00
470 	 502 	228	21.00
474 	 475 	150	16.00
475 	 476 	126	15.00
475 	 507 	242	22.00
477 	 478 	280	28.00
478 	 479 	231	25.00
478 	 510 	228	14.00
479 	 511 	245	13.00
480 	 481 	187	14.00
481 	 513 	159	13.00
483 	 484 	135	27.00
484 	 485 	243	18.00
486 	 487 	275	25.00
486 	 518 	199	26.00
487 	 488 	278	21.00
488 	 489 	137	14.00
490 	 491 	223	23.00
494 	 495 	176	19.00
494 	 526 	257	17.00
495 	 496 	132	23.00
496 	 497 	185	14.00
499 	 500 	217	19.00
500 	 501 	194	23.00
500 	 532 	188	26.00
502 	 503 	150	28.00
503 	 504 	216	18.00
503 	 535 	268	17.00
504 	 505 	127	25.00
505 	 506 	189	18.00
508 	 509 	122	22.00
509 	 510 	182	16.00
509 	 541 	122	28.00
512 	 513 	198	25.00
512 	 544 	280	16.00
513 	 514 	267	23.00
513 	 545 	255	24.00
514 	 515 	239	14.00
515 	 516 	140	19.00
515 	 547 	169	14.00
516 	 517 	227	21.00
516 	 548 	184	22.00
518 	 519 	247	27.00
518 	 550 	199	24.00
519 	 520 	159	15.00
521 	 522 	167	21.00
522 	 523 	255	17.00
523 	 524 	222	20.00
523 	 555 	270	28.00
524 	 525 	208	22.00
524 	 556 	150	24.00
525 	 526 	140	20.00
526 	 527 	197	14.00
527 	 528 	190	18.00
528 	 529 	187	12.00
530 	 531 	246	16.00
530 	 562 	195	28.00
531 	 532 	224	12.00
531 	 563 	266	13.00
532 	 533 	135	24.00
532 	 564 	169	16.00
533 	 534 	275	12.00
534 	 535 	211	12.00
535 	 536 	273	21.00
537 	 538 	141	23.00
537 	 569 	223	23.00
538 	 539 	123	26.00
538 	 570 	129	24.00
540 	 541 	171	18.00
540 	 572 	128	22.00
541 	 542 	193	24.00
541 	 573 	171	21.00
542 	 543 	274	13.00
542 	 574 	261	16.00
546 	 547 	261	12.00
549 	 550 	216	28.00
550 	 551 	230	19.00
551 	 552 	169	20.00
551 	 583 	152	23.00
552 	 553 	121	23.00
553 	 554 	228	25.00
556 	 557 	182	19.00
556 	 588 	159	15.00
557 	 558 	190	21.00
558 	 559 	152	14.00
558 	 590 	255	12.00
559 	 560 	204	17.00
560 	 561 	198	22.00
565 	 566 	271	19.00
565 	 597 	220	24.00
566 	 567 	156	20.00
567 	 568 	174	23.00
568 	 569 	169	22.00
568 	 600 	142	28.00
571 	 572 	235	14.00
571 	 603 	232	24.00
572 	 604 	204	28.00
575 	 607 	259	15.00
576 	 577 	274	24.00
576 	 608 	121	17.00
578 	 579 	249	26.00
578 	 610 	146	26.00
579 	 580 	192	27.00
580 	 581 	197	15.00
580 	 612 	183	13.00
581 	 582 	145	16.00
582 	 614 	138	18.00
584 	 585 	250	25.00
585 	 586 	130	18.00
586 	 587 	161	12.00
587 	 588 	182	20.00
588 	 589 	190	15.00
588 	 620 	178	17.00
590 	 591 	201	14.00
591 	 592 	198	14.00
593 	 594 	258	24.00
593 	 625 	143	20.00
594 	 595 	226	14.00
594 	 626 	246	13.00
595 	 596 	166	21.00
596 	 597 	254	16.00
598 	 599 	144	14.00
598 	 630 	159	26.00
600 	 601 	246	19.00
601 	 602 	242	19.00
601 	 633 	177	15.00
604 	 605 	162	12.00
604 	 636 	185	21.00
605 	 606 	185	27.00
605 	 637 	123	27.00
606 	 607 	168	25.00
608 	 609 	188	28.00
608 	 640 	121	27.00
611 	 612 	216	20.00
613 	 614 	208	27.00
614 	 615 	217	25.00
614 	 646 	280	12.00
616 	 617 	228	24.00
616 	 648 	207	17.00
618 	 619 	209	28.00
618 	 650 	123	18.00
619 	 620 	146	14.00
620 	 621 	244	18.00
621 	 622 	279	15.00
621 	 653 	232	16.00
622 	 623 	131	18.00
623 	 624 	215	27.00
623 	 655 	280	17.00
626 	 627 	172	22.00
626 	 658 	179	12.00
627 	 628 	138	19.00
628 	 629 	267	23.00
630 	 631 	144	15.00
630 	 662 	159	24.00
631 	 632 	225	21.00
634 	 635 	146	22.00
634 	 666 	184	18.00
635 	 636 	241	14.00
637 	 638 	159	19.00
637 	 669 	246	14.00
638 	 639 	279	20.00
640 	 641 	131	18.00
641 	 642 	265	19.00
642 	 643 	174	12.00
643 	 644 	201	14.00
644 	 645 	140	13.00
644 	 676 	129	21.00
646 	 647 	147	15.00
646 	 678 	200	21.00
647 	 648 	259	28.00
648 	 649 	179	18.00
648 	 680 	248	13.00
649 	 650 	256	25.00
649 	 681 	122	21.00
650 	 651 	171	26.00
650 	 682 	127	15.00
652 	 653 	196	25.00
652 	 684 	158	16.00
654 	 655 	143	25.00
654 	 686 	123	16.00
655 	 656 	268	22.00
657 	 658 	179	20.00
657 	 689 	147	21.00
658 	 659 	188	13.00
658 	 690 	243	16.00
659 	 660 	275	27.00
659 	 691 	190	19.00
660 	 661 	191	16.00
660 	 692 	165	16.00
662 	 663 	121	15.00
662 	 694 	168	22.00
663 	 664 	215	26.00
665 	 666 	122	18.00
666 	 667 	221	24.00
668 	 669 	235	24.00
668 	 700 	154	25.00
669 	 670 	235	28.00
669 	 701 	233	13.00
670 	 671 	279	15.00
672 	 673 	202	27.00
672 	 704 	279	14.00
673 	 674 	272	28.00
674 	 675 	239	26.00
675 	 676 	132	28.00
676 	 677 	194	15.00
677 	 709 	269	18.00
679 	 711 	184	13.00
683 	 715 	231	27.00
685 	 686 	212	19.00
685 	 717 	215	22.00
686 	 687 	258	25.00
687 	 688 	135	16.00
687 	 719 	127	17.00
688 	 689 	182	27.00
688 	 720 	123	25.00
689 	 721 	124	25.00
693 	 694 	173	28.00
694 	 695 	154	20.00
695 	 696 	244	27.00
695 	 727 	274	26.00
696 	 697 	174	23.00
697 	 698 	208	22.00
698 	 699 	219	24.00
701 	 702 	219	18.00
702 	 703 	278	15.00
703 	 735 	202	25.00
704 	 705 	240	24.00
705 	 706 	160	16.00
705 	 737 	187	12.00
707 	 708 	221	17.00
708 	 709 	242	20.00
709 	 710 	277	22.00
710 	 711 	244	17.00
711 	 712 	172	17.00
711 	 743 	138	13.00
712 	 713 	159	26.00
713 	 714 	275	26.00
715 	 716 	210	26.00
716 	 717 	203	27.00
716 	 748 	183	21.00
718 	 719 	269	27.00
720 	 752 	231	13.00
722 	 723 	229	15.00
723 	 724 	162	12.00
724 	 725 	240	20.00
725 	 726 	278	25.00
725 	 757 	245	20.00
727 	 728 	263	17.00
728 	 729 	201	14.00
728 	 760 	184	23.00
729 	 730 	120	23.00
730 	 731 	255	27.00
731 	 732 	146	23.00
731 	 763 	121	17.00
733 	 734 	266	12.00
733 	 765 	204	19.00
735 	 767 	163	15.00
736 	 737 	222	26.00
736 	 768 	137	20.00
737 	 738 	193	12.00
738 	 739 	130	15.00
740 	 741 	259	15.00
741 	 742 	152	28.00
742 	 743 	197	14.00
742 	 774 	123	15.00
743 	 744 	270	25.00
743 	 775 	183	12.00
744 	 745 	269	14.00
746 	 747 	160	20.00
747 	 748 	125	24.00
747 	 779 	270	22.00
749 	 750 	217	21.00
749 	 781 	186	22.00
750 	 751 	248	22.00
751 	 752 	228	13.00
751 	 783 	175	22.00
752 	 753 	235	15.00
752 	 784 	233	28.00
753 	 754 	162	23.00
755 	 756 	133	12.00
755 	 787 	208	18.00
757 	 758 	255	18.00
757 	 789 	215	24.00
758 	 759 	186	12.00
759 	 760 	149	13.00
761 	 762 	280	25.00
761 	 793 	157	19.00
764 	 765 	122	23.00
765 	 766 	125	23.00
766 	 767 	227	24.00
766 	 798 	149	14.00
767 	 799 	271	26.00
768 	 769 	123	22.00
770 	 771 	227	22.00
771 	 772 	149	25.00
771 	 803 	181	14.00
773 	 774 	160	26.00
775 	 776 	215	20.00
775 	 807 	273	23.00
776 	 777 	177	14.00
776 	 808 	266	26.00
777 	 778 	255	12.00
777 	 809 	175	21.00
778 	 779 	256	13.00
778 	 810 	256	12.00
780 	 781 	272	27.00
782 	 783 	232	28.00
782 	 814 	160	12.00
784 	 785 	248	25.00
784 	 816 	167	26.00
785 	 786 	222	23.00
786 	 787 	238	14.00
787 	 788 	248	24.00
788 	 789 	222	28.00
789 	 790 	152	25.00
790 	 791 	205	28.00
791 	 792 	265	26.00
792 	 793 	249	12.00
793 	 794 	125	28.00
794 	 795 	250	16.00
796 	 797 	203	21.00
797 	 798 	121	21.00
797 	 829 	206	17.00
800 	 801 	272	20.00
801 	 802 	147	28.00
802 	 803 	253	13.00
803 	 804 	126	21.00
803 	 835 	151	13.00
804 	 805 	127	14.00
806 	 807 	275	16.00
806 	 838 	144	19.00
811 	 812 	175	17.00
811 	 843 	244	22.00
812 	 813 	229	23.00
812 	 844 	270	14.00
814 	 815 	222	25.00
814 	 846 	158	27.00
816 	 817 	136	20.00
816 	 848 	176	16.00
817 	 818 	218	28.00
818 	 819 	263	28.00
820 	 821 	150	12.00
820 	 852 	183	17.00
821 	 822 	225	26.00
822 	 823 	179	12.00
823 	 824 	179	25.00
823 	 855 	204	26.00
824 	 825 	190	26.00
825 	 826 	207	20.00
827 	 828 	129	20.00
828 	 829 	137	28.00
828 	 860 	197	19.00
829 	 830 	278	24.00
829 	 861 	184	16.00
830 	 831 	145	14.00
830 	 862 	210	23.00
832 	 833 	206	25.00
832 	 864 	255	16.00
833 	 834 	177	15.00
833 	 865 	143	26.00
834 	 835 	246	19.00
835 	 836 	194	19.00
836 	 837 	174	27.00
836 	 868 	201	14.00
837 	 838 	258	28.00
837 	 869 	186	12.00
838 	 839 	147	22.00
839 	 840 	123	16.00
841 	 842 	271	13.00
842 	 843 	251	19.00
842 	 874 	133	19.00
845 	 877 	162	22.00
847 	 848 	226	24.00
848 	 849 	165	17.00
848 	 880 	126	20.00
849 	 850 	177	28.00
850 	 851 	174	23.00
850 	 882 	157	17.00
851 	 852 	179	24.00
852 	 853 	270	13.00
853 	 854 	145	18.00
853 	 885 	139	25.00
855 	 856 	175	27.00
856 	 857 	181	26.00
856 	 888 	195	22.00
857 	 858 	273	25.00
857 	 889 	165	15.00
858 	 859 	181	25.00
862 	 863 	143	18.00
862 	 894 	241	19.00
863 	 895 	253	12.00
866 	 867 	219	21.00
866 	 898 	163	26.00
869 	 870 	186	16.00
869 	 901 	279	25.00
870 	 871 	158	27.00
872 	 873 	172	26.00
872 	 904 	271	24.00
874 	 875 	155	28.00
875 	 876 	178	13.00
876 	 877 	231	19.00
876 	 908 	205	16.00
877 	 878 	227	24.00
878 	 879 	125	21.00
878 	 910 	127	24.00
879 	 880 	164	27.00
879 	 911 	131	22.00
881 	 882 	254	20.00
882 	 883 	268	22.00
884 	 885 	144	22.00
884 	 916 	192	15.00
885 	 886 	169	15.00
887 	 888 	269	26.00
888 	 920 	196	13.00
890 	 891 	126	25.00
890 	 922 	130	27.00
891 	 892 	200	15.00
891 	 923 	176	19.00
893 	 894 	239	17.00
893 	 925 	217	24.00
896 	 897 	136	12.00
897 	 898 	171	24.00
898 	 899 	212	27.00
898 	 930 	141	20.00
899 	 900 	129	21.00
901 	 902 	240	19.00
901 	 933 	191	28.00
903 	 904 	229	15.00
904 	 905 	211	17.00
904 	 936 	229	19.00
905 	 906 	273	16.00
905 	 937 	234	19.00
907 	 908 	264	21.00
908 	 909 	158	20.00
911 	 912 	149	12.00
912 	 913 	278	26.00
913 	 914 	176	26.00
914 	 915 	199	14.00
914 	 946 	123	28.00
917 	 918 	159	15.00
918 	 919 	212	23.00
919 	 920 	163	16.00
919 	 951 	202	26.00
920 	 921 	127	19.00
921 	 922 	152	22.00
924 	 925 	136	18.00
924 	 956 	136	28.00
925 	 926 	245	20.00
926 	 927 	193	23.00
926 	 958 	149	28.00
928 	 929 	193	23.00
929 	 930 	275	24.00
929 	 961 	181	18.00
930 	 931 	165	15.00
930 	 962 	212	14.00
932 	 933 	162	12.00
932 	 964 	266	23.00
934 	 935 	151	27.00
934 	 966 	228	19.00
937 	 938 	194	21.00
937 	 969 	139	26.00
938 	 939 	251	24.00
938 	 970 	270	12.00
939 	 940 	190	24.00
941 	 942 	126	24.00
942 	 943 	154	28.00
942 	 974 	221	19.00
943 	 944 	173	18.00
944 	 945 	160	14.00
944 	 976 	127	24.00
945 	 946 	255	23.00
946 	 947 	216	19.00
947 	 948 	183	12.00
948 	 949 	151	16.00
948 	 980 	164	28.00
949 	 950 	190	14.00
949 	 981 	159	21.00
952 	 953 	227	23.00
952 	 984 	127	17.00
953 	 954 	228	14.00
954 	 955 	203	17.00
954 	 986 	186	17.00
955 	 956 	150	16.00
957 	 958 	261	18.00
957 	 989 	134	15.00
958 	 959 	160	26.00
960 	 961 	127	13.00
962 	 963 	153	19.00
962 	 994 	230	20.00
963 	 964 	187	13.00
963 	 995 	246	25.00
964 	 965 	177	18.00
965 	 966 	202	13.00
965 	 997 	235	25.00
966 	 967 	141	19.00
967 	 968 	257	15.00
968 	 969 	200	14.00
968 	 1000 	145	20.00
969 	 1001 	280	25.00
971 	 972 	206	18.00
972 	 973 	156	16.00
972 	 1004 	225	21.00
973 	 974 	144	12.00
974 	 975 	178	12.00
974 	 1006 	278	16.00
977 	 978 	253	26.00
977 	 1009 	190	26.00
978 	 979 	276	18.00
981 	 982 	131	19.00
981 	 1013 	207	26.00
982 	 983 	192	19.00
982 	 1014 	227	27.00
983 	 984 	124	17.00
983 	 1015 	273	15.00
985 	 986 	264	19.00
985 	 1017 	177	15.00
986 	 987 	277	27.00
988 	 989 	243	13.00
988 	 1020 	210	16.00
989 	 990 	270	16.00
990 	 991 	174	21.00
991 	 1023 	268	25.00
992 	 993 	248	16.00
993 	 994 	164	19.00
995 	 996 	169	18.00
997 	 998 	152	21.00
999 	 1000 	193	16.00
1002 	 1003 	229	24.00
1003 	 1004 	232	13.00
1005 	 1006 	158	12.00
1006 	 1007 	131	21.00
1007 	 1008 	208	18.00
1008 	 1009 	121	24.00
1009 	 1010 	276	12.00
1010 	 1011 	261	16.00
1011 	 1012 	138	23.00
1015 	 1016 	264	22.00
1018 	 1019 	132	24.00
1019 	 1020 	279	21.00
1020 	 1021 	204	15.00
1022 	 1023 	278	23.00
