1024 	 1023 	 20 	 0.30 
 
-13	16	0
95	-18	0
190	-19	0
296	-12	0
436	-34	0
481	-47	0
563	-6	0
703	-12	7
772	4	7
900	-19	7
997	5	7
1080	-9	7
1192	18	7
1297	-27	7
1387	-2	7
1524	12	7
1617	-36	7
1727	-20	7
1823	16	5
1877	-20	5
1981	26	5
2136	-16	5
2191	8	5
2289	-4	5
2412	42	3
2536	-13	3
2604	-18	3
2696	-44	3
2788	-5	3
2909	-26	3
3027	-5	3
3069	-1	3
-15	58	0
95	105	0
240	133	0
330	107	0
375	90	0
477	108	0
589	107	0
686	109	7
796	68	7
889	119	7
1026	83	7
1070	112	7
1212	54	7
1285	105	7
1402	106	7
1486	87	7
1599	90	7
1680	70	5
1784	74	5
1910	94	5
1978	80	5
2095	92	5
2208	60	5
2309	102	5
2365	84	3
2514	66	3
2592	114	3
2699	97	3
2806	91	3
2906	118	3
2991	123	3
3134	67	3
14	173	0
73	194	0
227	191	0
296	188	0
369	235	0
467	201	0
620	182	0
680	169	0
795	216	0
911	198	7
990	197	7
1143	203	7
1204	192	7
1322	237	7
1396	235	7
1501	207	7
1643	212	5
1691	196	5
1763	197	5
1877	157	5
2024	202	5
2071	195	5
2187	225	5
2286	212	5
2420	213	3
2519	223	3
2611	180	3
2705	186	3
2819	212	3
2895	154	3
2993	200	3
3106	185	3
13	344	0
101	316	0
225	304	0
270	254	0
400	285	0
538	268	0
627	336	0
679	296	0
784	304	0
927	288	7
963	305	7
1078	267	7
1182	321	7
1295	263	7
1375	296	7
1495	321	5
1609	318	5
1725	312	5
1777	316	5
1917	292	5
1951	283	5
2096	290	5
2200	299	5
2252	310	3
2385	337	3
2490	283	3
2575	303	3
2721	283	3
2804	289	3
2914	297	3
2993	338	3
3064	336	3
-11	368	0
92	429	0
196	374	0
322	392	0
389	410	0
500	406	0
599	401	0
741	361	0
816	360	0
870	415	0
1001	408	7
1089	412	7
1191	387	7
1306	366	7
1366	396	7
1466	399	5
1583	388	5
1686	399	5
1793	378	5
1908	413	5
1972	389	5
2108	425	5
2207	406	5
2323	433	3
2391	357	3
2492	365	3
2582	380	3
2701	356	3
2776	435	3
2904	391	3
3031	377	3
3119	398	3
1	491	0
96	506	0
210	508	0
321	500	0
404	524	0
526	492	0
568	526	0
697	521	19
755	474	0
912	512	7
970	497	7
1114	486	7
1171	514	7
1309	490	7
1407	495	7
1467	484	7
1576	499	5
1716	527	5
1813	524	5
1909	509	5
1985	532	5
2098	486	5
2203	519	5
2275	530	5
2390	516	3
2487	518	3
2615	495	3
2727	502	3
2769	535	3
2884	483	3
3005	534	3
3135	534	3
-36	590	0
126	601	0
202	602	0
294	607	0
392	644	0
469	593	0
626	602	19
694	605	19
789	574	7
885	595	7
1009	604	7
1087	593	7
1226	601	7
1295	627	7
1401	611	7
1521	613	7
1617	609	5
1728	601	5
1791	598	5
1872	621	5
1999	612	5
2090	572	5
2206	601	5
2315	602	5
2393	595	3
2491	593	3
2586	627	3
2662	600	3
2827	598	3
2883	592	3
3020	630	3
3115	605	3
7	728	0
100	670	0
174	694	0
299	698	0
395	700	0
501	711	0
568	659	0
701	706	0
799	694	13
920	708	13
1006	669	7
1092	671	7
1175	734	7
1326	690	7
1434	702	7
1486	696	7
1631	729	13
1692	666	13
1824	749	5
1919	695	5
2002	695	5
2092	717	5
2171	669	5
2270	711	16
2417	703	16
2519	700	3
2623	714	3
2685	663	3
2792	720	3
2869	712	3
3018	716	3
3099	733	8
12	789	0
119	764	11
188	798	0
338	794	0
431	795	11
516	822	11
552	766	0
718	795	11
844	818	13
899	843	13
973	822	13
1142	811	7
1232	793	7
1312	802	7
1388	773	7
1498	830	13
1578	774	13
1700	821	13
1799	804	13
1902	825	5
1984	817	5
2089	804	5
2179	781	5
2298	837	16
2357	768	16
2496	830	8
2616	815	3
2718	815	3
2811	804	3
2877	784	3
3015	821	8
3105	779	8
21	885	11
92	920	11
214	874	11
280	910	11
392	890	11
498	920	11
623	867	11
710	901	11
812	876	11
904	890	13
987	940	13
1121	920	13
1203	887	7
1286	885	7
1415	905	13
1473	905	13
1612	892	13
1657	923	13
1781	939	13
1882	908	13
1958	874	5
2112	889	5
2169	919	16
2305	887	16
2371	916	8
2507	920	8
2629	905	8
2665	892	8
2779	872	8
2866	865	3
2983	885	8
3100	909	8
-45	1032	11
91	1029	11
235	1000	11
262	987	11
410	992	11
506	1011	11
605	1002	11
691	980	11
791	981	11
876	999	13
1006	1028	13
1078	1041	13
1213	962	7
1303	994	13
1441	1007	13
1467	1020	13
1607	991	13
1696	985	13
1830	1043	13
1890	1014	13
2027	1000	16
2149	1019	16
2207	989	16
2318	994	8
2440	1013	8
2490	999	8
2595	1019	8
2714	979	8
2803	995	8
2855	1013	8
3028	976	8
3072	975	8
-18	1082	11
134	1069	11
197	1097	11
293	1079	11
370	1090	11
507	1080	11
567	1067	11
704	1090	11
809	1055	11
887	1127	11
1019	1105	13
1099	1114	13
1173	1089	13
1303	1116	13
1399	1109	13
1489	1112	13
1571	1088	13
1734	1065	13
1805	1115	13
1884	1103	13
2011	1084	16
2084	1075	16
2213	1103	16
2319	1121	8
2410	1106	8
2505	1136	8
2601	1123	8
2727	1115	8
2798	1123	8
2887	1104	8
3021	1097	8
3129	1097	8
6	1212	11
111	1223	11
193	1197	11
309	1227	11
423	1188	11
505	1201	11
587	1183	11
694	1198	11
804	1219	11
913	1229	11
1030	1197	13
1078	1171	13
1174	1203	13
1291	1198	13
1374	1184	13
1471	1227	13
1622	1171	13
1701	1190	13
1839	1199	15
1897	1188	15
1998	1192	14
2087	1184	16
2209	1163	16
2339	1193	8
2383	1182	8
2482	1218	8
2585	1245	8
2719	1163	8
2833	1160	8
2866	1207	8
2964	1209	8
3066	1242	8
31	1306	11
89	1302	11
168	1282	11
300	1314	11
411	1321	11
463	1350	11
601	1298	11
687	1294	11
817	1267	11
906	1264	11
993	1306	13
1084	1285	13
1219	1334	13
1268	1300	13
1388	1305	13
1501	1285	13
1594	1278	13
1672	1274	13
1793	1292	13
1871	1297	14
1994	1303	14
2087	1319	14
2199	1284	14
2324	1250	14
2415	1308	8
2476	1317	8
2557	1266	8
2677	1296	8
2786	1279	8
2907	1285	8
3006	1274	8
3097	1344	8
10	1420	11
103	1374	11
206	1384	11
303	1431	10
425	1395	11
468	1409	11
584	1373	11
654	1399	11
813	1365	11
900	1371	11
974	1396	11
1116	1435	12
1191	1420	12
1263	1392	13
1405	1367	13
1532	1423	13
1613	1446	13
1672	1425	13
1806	1417	14
1914	1415	14
1990	1402	14
2128	1382	14
2232	1409	14
2292	1440	14
2368	1383	14
2495	1385	8
2619	1399	8
2686	1409	8
2799	1413	8
2885	1407	8
3008	1413	8
3086	1429	8
-36	1506	11
135	1491	10
172	1462	10
312	1504	10
390	1496	10
489	1545	10
579	1480	10
654	1512	11
798	1530	17
949	1497	12
994	1458	12
1107	1497	12
1213	1527	12
1326	1474	12
1400	1472	12
1481	1501	13
1592	1508	13
1711	1501	13
1803	1511	14
1875	1497	14
1982	1503	14
2104	1484	14
2180	1524	14
2310	1544	14
2423	1478	14
2512	1467	8
2589	1490	8
2708	1515	8
2805	1517	8
2901	1508	8
2998	1489	8
3088	1503	8
-33	1583	10
100	1582	10
220	1603	10
285	1637	10
371	1628	10
497	1597	10
622	1625	10
684	1606	11
838	1567	11
873	1590	12
988	1573	12
1066	1567	12
1215	1619	12
1320	1590	12
1396	1643	12
1503	1597	12
1591	1628	14
1688	1599	14
1805	1626	14
1858	1594	14
1988	1630	14
2085	1596	14
2194	1587	14
2345	1636	14
2412	1612	9
2490	1606	9
2618	1616	9
2674	1630	9
2805	1592	8
2922	1601	8
3033	1613	8
3091	1572	8
-2	1732	10
113	1679	10
248	1670	10
256	1711	10
413	1689	10
509	1694	10
575	1699	10
702	1680	12
799	1709	12
900	1674	12
1003	1659	12
1086	1699	12
1219	1705	12
1293	1705	12
1415	1726	12
1519	1720	12
1579	1688	14
1710	1718	14
1769	1728	14
1892	1725	14
2003	1687	14
2121	1691	14
2184	1682	14
2301	1740	9
2423	1699	9
2501	1670	9
2575	1724	9
2694	1710	9
2774	1685	8
2900	1684	8
3039	1727	9
3113	1685	8
-3	1834	10
141	1791	10
205	1811	10
259	1821	10
412	1816	10
477	1770	10
587	1828	10
712	1784	10
803	1802	10
912	1806	12
984	1793	12
1133	1785	12
1203	1800	12
1258	1770	12
1431	1801	12
1456	1829	12
1588	1804	12
1729	1805	14
1800	1797	14
1902	1810	14
1999	1782	14
2079	1805	14
2226	1800	14
2321	1799	9
2408	1815	9
2486	1793	9
2558	1824	9
2711	1797	9
2782	1798	9
2925	1785	9
2969	1837	9
3135	1845	9
43	1900	10
107	1874	10
215	1860	10
306	1925	10
380	1935	10
472	1887	10
592	1876	10
660	1887	10
796	1917	10
882	1903	10
987	1923	12
1100	1910	12
1202	1900	12
1288	1911	12
1380	1910	12
1481	1912	12
1610	1925	12
1680	1907	14
1797	1917	14
1908	1900	14
1975	1905	14
2102	1875	14
2195	1935	9
2312	1931	9
2404	1866	9
2473	1871	9
2591	1894	9
2684	1899	9
2786	1915	9
2877	1899	9
3000	1908	9
3081	1855	9
-6	1951	10
86	2003	10
225	2013	10
299	2035	10
389	2014	10
484	2023	10
592	2007	10
661	2021	10
763	2005	10
866	1986	10
1004	2008	12
1113	1981	12
1165	2027	12
1289	2022	12
1419	1986	12
1487	2035	12
1586	2029	12
1667	1998	14
1822	1973	14
1868	2040	14
2004	2009	14
2103	2024	14
2208	1968	14
2297	1982	9
2434	1972	9
2540	1958	9
2563	1967	9
2662	1989	9
2802	2035	9
2898	1967	9
2998	2019	9
3071	2005	9
20	2094	10
116	2094	10
224	2105	10
304	2118	10
405	2083	10
505	2132	10
566	2113	10
740	2123	10
800	2107	12
909	2110	12
990	2065	12
1091	2138	6
1199	2069	12
1257	2089	12
1403	2091	12
1509	2058	12
1620	2089	12
1691	2095	14
1792	2123	14
1891	2108	14
2019	2054	14
2094	2104	14
2192	2119	9
2264	2105	9
2392	2088	9
2465	2095	9
2635	2127	9
2678	2098	9
2803	2141	9
2916	2097	9
2975	2106	9
3136	2121	9
-14	2170	10
94	2188	10
219	2222	10
291	2176	10
368	2238	1
491	2224	10
600	2242	10
702	2235	12
770	2161	12
884	2151	6
1011	2215	6
1074	2237	6
1203	2184	12
1293	2211	12
1414	2189	12
1454	2172	12
1592	2170	12
1676	2159	12
1825	2214	14
1888	2188	14
2010	2190	14
2065	2183	14
2197	2166	9
2297	2188	9
2390	2184	9
2466	2193	9
2614	2200	9
2723	2205	9
2805	2204	2
2895	2192	9
3027	2184	9
3106	2188	9
-2	2286	1
102	2281	10
224	2332	1
313	2277	10
381	2308	1
470	2313	1
613	2307	10
709	2276	12
818	2305	6
913	2307	6
991	2306	6
1109	2321	6
1221	2289	6
1300	2340	6
1422	2290	12
1536	2340	12
1618	2278	12
1687	2300	12
1808	2324	4
1912	2306	14
1962	2264	14
2121	2289	14
2172	2279	14
2295	2262	9
2391	2312	9
2488	2297	9
2611	2317	2
2707	2309	2
2796	2324	2
2924	2298	9
2973	2279	9
3072	2340	9
25	2401	1
118	2380	1
210	2420	1
317	2442	1
387	2401	1
524	2399	1
599	2417	1
695	2400	6
773	2392	6
879	2354	6
986	2365	6
1092	2395	6
1185	2411	6
1327	2387	6
1372	2376	6
1463	2407	6
1581	2441	4
1729	2376	4
1791	2382	4
1903	2416	4
1989	2370	4
2086	2400	4
2161	2421	4
2302	2397	18
2413	2415	9
2492	2398	9
2622	2411	2
2696	2423	2
2796	2364	2
2929	2369	2
2967	2367	9
3120	2410	2
-15	2494	1
103	2500	1
204	2499	1
290	2492	1
406	2526	1
514	2515	1
573	2486	1
692	2453	6
821	2509	6
911	2515	6
1036	2491	6
1076	2478	6
1193	2494	6
1331	2523	6
1363	2536	6
1506	2490	6
1585	2477	4
1749	2508	4
1811	2490	4
1927	2504	4
1998	2490	4
2139	2477	4
2192	2493	4
2302	2501	2
2398	2518	2
2528	2500	2
2590	2504	2
2684	2534	2
2794	2536	2
2891	2489	2
2989	2506	2
3123	2520	2
-6	2597	1
105	2595	1
207	2579	1
303	2602	1
392	2589	1
462	2574	1
556	2627	1
669	2572	1
789	2589	1
887	2604	6
995	2602	6
1110	2592	6
1210	2599	6
1313	2599	6
1382	2588	6
1525	2587	4
1584	2590	4
1692	2597	4
1784	2593	4
1929	2577	4
1976	2612	4
2055	2587	4
2182	2606	4
2296	2578	2
2389	2624	2
2540	2590	2
2603	2572	2
2736	2597	2
2835	2582	2
2935	2623	2
3002	2615	2
3111	2620	2
28	2663	1
109	2719	1
205	2702	1
253	2703	1
393	2702	1
528	2692	1
593	2709	1
670	2698	1
820	2701	1
860	2715	6
976	2706	6
1102	2729	6
1238	2679	6
1345	2652	6
1394	2670	6
1503	2723	4
1620	2706	4
1687	2697	4
1821	2711	4
1889	2716	4
1987	2730	4
2100	2726	4
2172	2699	4
2325	2676	4
2438	2691	2
2524	2655	2
2599	2725	2
2712	2686	2
2830	2673	2
2885	2676	2
2966	2714	2
3119	2687	2
-20	2810	1
100	2831	1
201	2810	1
331	2766	1
402	2802	1
480	2792	1
580	2783	1
676	2797	1
803	2795	1
881	2802	6
983	2826	6
1068	2800	6
1219	2820	6
1287	2789	6
1398	2810	6
1459	2822	4
1588	2821	4
1700	2776	4
1814	2790	4
1856	2836	4
2022	2795	4
2113	2835	4
2161	2786	4
2273	2784	2
2375	2794	2
2483	2845	2
2598	2822	2
2704	2763	2
2807	2789	2
2920	2809	2
3016	2792	2
3097	2791	2
-42	2900	1
111	2912	1
206	2896	1
312	2934	1
429	2887	1
536	2880	1
590	2904	1
701	2924	1
810	2921	6
871	2906	6
1029	2892	6
1109	2903	6
1196	2907	6
1325	2873	6
1413	2925	4
1519	2938	4
1624	2926	4
1722	2905	4
1804	2893	4
1852	2928	4
2003	2881	4
2104	2902	4
2182	2928	4
2266	2908	2
2415	2931	2
2477	2899	2
2600	2916	2
2696	2890	2
2829	2946	2
2914	2910	2
2970	2907	2
3103	2873	2
7	3021	1
77	2994	1
212	2996	1
275	2979	1
388	3024	1
495	3003	1
601	3041	1
713	3019	1
792	3008	6
880	2999	6
1001	3004	6
1082	3025	6
1212	3037	6
1292	2987	6
1405	3013	6
1525	3026	4
1613	3023	4
1717	3011	4
1790	3013	4
1867	2968	4
1981	3015	4
2111	2974	4
2169	3004	4
2336	2984	2
2389	2998	2
2507	2974	2
2628	2991	2
2681	3030	2
2808	3018	2
2931	3038	2
3016	2998	2
3060	2985	2
22	3111	1
110	3127	1
225	3119	1
272	3092	1
432	3070	1
490	3078	1
575	3096	1
743	3112	6
804	3119	6
910	3110	6
999	3085	6
1077	3084	6
1159	3104	6
1308	3074	6
1413	3097	4
1471	3089	4
1609	3116	4
1703	3084	4
1823	3100	4
1885	3073	4
2000	3112	4
2081	3126	4
2242	3108	4
2312	3085	4
2377	3082	2
2472	3082	2
2608	3121	2
2690	3096	2
2798	3088	2
2918	3124	2
3003	3101	2
3102	3098	2

0 	 1 	246	14.00
1 	 2 	175	17.00
2 	 3 	231	15.00
2 	 34 	251	15.00
3 	 4 	219	28.00
4 	 5 	201	16.00
4 	 36 	230	20.00
5 	 6 	200	18.00
6 	 7 	234	12.00
7 	 8 	146	24.00
8 	 9 	223	22.00
9 	 10 	137	17.00
9 	 41 	237	15.00
10 	 11 	260	20.00
12 	 13 	182	22.00
12 	 44 	189	20.00
13 	 14 	277	24.00
15 	 16 	193	22.00
15 	 47 	203	22.00
16 	 17 	144	21.00
17 	 18 	217	20.00
18 	 19 	137	13.00
19 	 20 	202	20.00
20 	 21 	266	23.00
21 	 22 	275	14.00
23 	 24 	252	23.00
23 	 55 	272	28.00
24 	 25 	163	23.00
25 	 26 	130	14.00
27 	 28 	269	20.00
27 	 59 	123	20.00
28 	 29 	156	20.00
29 	 30 	246	17.00
29 	 61 	253	19.00
30 	 31 	259	15.00
31 	 63 	163	21.00
32 	 33 	268	17.00
32 	 64 	177	16.00
33 	 34 	231	16.00
35 	 36 	222	18.00
36 	 37 	159	18.00
36 	 68 	200	19.00
38 	 39 	274	25.00
38 	 70 	234	28.00
39 	 40 	258	24.00
40 	 41 	204	17.00
40 	 72 	181	12.00
41 	 42 	229	21.00
42 	 43 	249	24.00
42 	 74 	251	26.00
43 	 44 	127	28.00
44 	 45 	168	21.00
45 	 46 	172	23.00
47 	 48 	276	16.00
48 	 49 	264	24.00
48 	 80 	153	28.00
49 	 50 	206	25.00
50 	 51 	164	28.00
50 	 82 	252	28.00
51 	 52 	212	23.00
52 	 53 	222	28.00
52 	 84 	121	27.00
53 	 54 	274	14.00
54 	 55 	140	22.00
54 	 86 	148	21.00
55 	 56 	221	14.00
56 	 57 	180	19.00
57 	 58 	264	24.00
58 	 59 	263	18.00
60 	 61 	260	12.00
61 	 62 	132	22.00
61 	 93 	238	23.00
64 	 65 	244	18.00
64 	 96 	176	24.00
65 	 66 	156	17.00
65 	 97 	235	25.00
66 	 67 	230	22.00
66 	 98 	279	28.00
69 	 70 	268	19.00
69 	 101 	249	26.00
70 	 71 	154	26.00
72 	 73 	239	16.00
72 	 104 	252	25.00
75 	 76 	202	16.00
76 	 77 	254	28.00
77 	 78 	266	24.00
78 	 79 	128	24.00
79 	 80 	265	26.00
79 	 111 	134	17.00
80 	 81 	206	25.00
82 	 83 	221	28.00
85 	 86 	276	27.00
85 	 117 	121	28.00
86 	 87 	153	17.00
87 	 88 	239	19.00
89 	 90 	251	23.00
89 	 121 	251	21.00
90 	 91 	141	16.00
91 	 92 	195	22.00
93 	 94 	151	19.00
93 	 125 	131	21.00
95 	 127 	192	26.00
98 	 99 	232	16.00
100 	 101 	223	23.00
101 	 102 	218	12.00
101 	 133 	222	23.00
103 	 104 	193	17.00
104 	 105 	148	16.00
104 	 136 	269	12.00
105 	 106 	233	15.00
106 	 107 	160	19.00
106 	 138 	276	23.00
107 	 108 	264	23.00
109 	 110 	263	21.00
110 	 111 	192	21.00
111 	 112 	211	18.00
111 	 143 	249	18.00
113 	 114 	219	26.00
114 	 115 	204	12.00
115 	 116 	245	20.00
116 	 117 	152	15.00
117 	 118 	249	28.00
118 	 119 	203	24.00
118 	 150 	158	25.00
119 	 120 	147	16.00
120 	 121 	259	24.00
120 	 152 	187	16.00
121 	 122 	190	25.00
121 	 153 	188	19.00
122 	 123 	212	26.00
123 	 124 	248	17.00
125 	 126 	173	23.00
126 	 127 	160	12.00
128 	 129 	216	19.00
129 	 130 	273	27.00
129 	 161 	255	28.00
130 	 131 	146	21.00
131 	 132 	247	23.00
131 	 163 	223	17.00
132 	 133 	189	24.00
132 	 164 	184	13.00
133 	 134 	182	21.00
134 	 135 	184	15.00
136 	 137 	183	15.00
138 	 139 	187	17.00
139 	 140 	128	24.00
140 	 141 	213	16.00
140 	 172 	247	22.00
141 	 142 	137	12.00
142 	 143 	168	18.00
143 	 144 	214	24.00
145 	 146 	238	27.00
145 	 177 	243	21.00
146 	 147 	188	15.00
147 	 148 	174	19.00
147 	 179 	192	19.00
149 	 150 	147	28.00
150 	 151 	243	24.00
154 	 155 	179	14.00
154 	 186 	235	20.00
155 	 156 	138	17.00
156 	 157 	278	20.00
156 	 188 	247	27.00
157 	 158 	262	18.00
159 	 191 	280	20.00
160 	 161 	218	18.00
162 	 163 	158	28.00
162 	 194 	183	14.00
165 	 166 	176	23.00
166 	 167 	228	12.00
166 	 198 	142	12.00
167 	 168 	239	25.00
168 	 169 	245	16.00
168 	 200 	169	13.00
169 	 170 	270	19.00
169 	 201 	263	27.00
170 	 171 	167	13.00
171 	 172 	247	16.00
172 	 173 	187	28.00
173 	 174 	128	17.00
173 	 205 	266	22.00
174 	 175 	256	20.00
174 	 206 	258	13.00
176 	 177 	206	18.00
177 	 178 	151	23.00
177 	 209 	235	28.00
179 	 180 	124	24.00
180 	 181 	219	25.00
180 	 212 	228	24.00
181 	 182 	125	27.00
181 	 213 	132	22.00
182 	 183 	120	20.00
182 	 214 	242	21.00
183 	 184 	193	25.00
184 	 185 	255	19.00
184 	 216 	173	20.00
187 	 188 	162	17.00
187 	 219 	146	21.00
189 	 190 	172	17.00
190 	 191 	273	19.00
190 	 222 	155	26.00
192 	 193 	244	17.00
192 	 224 	232	16.00
193 	 194 	230	26.00
193 	 225 	121	17.00
195 	 196 	241	23.00
196 	 197 	183	21.00
197 	 198 	189	26.00
197 	 229 	164	12.00
198 	 199 	147	16.00
201 	 202 	242	18.00
202 	 203 	212	17.00
203 	 204 	160	26.00
203 	 235 	272	23.00
206 	 207 	262	18.00
206 	 238 	236	26.00
207 	 208 	159	13.00
208 	 209 	169	24.00
209 	 210 	265	23.00
211 	 243 	256	26.00
215 	 216 	193	22.00
217 	 218 	250	15.00
218 	 219 	274	18.00
219 	 220 	140	20.00
220 	 221 	152	16.00
220 	 252 	138	18.00
221 	 222 	157	27.00
222 	 223 	135	28.00
223 	 255 	280	13.00
225 	 226 	136	25.00
227 	 228 	198	19.00
228 	 229 	171	24.00
228 	 260 	177	24.00
229 	 230 	177	27.00
229 	 261 	275	21.00
231 	 232 	146	16.00
231 	 263 	153	18.00
233 	 234 	228	19.00
234 	 235 	174	26.00
235 	 236 	200	27.00
235 	 267 	202	15.00
237 	 238 	127	12.00
238 	 239 	149	13.00
239 	 240 	263	16.00
240 	 241 	120	27.00
242 	 243 	176	18.00
243 	 244 	199	17.00
244 	 245 	162	25.00
244 	 276 	167	22.00
245 	 246 	193	22.00
245 	 277 	279	23.00
246 	 247 	172	13.00
247 	 248 	265	19.00
247 	 279 	225	27.00
248 	 249 	203	25.00
249 	 250 	177	27.00
250 	 251 	277	20.00
250 	 282 	255	23.00
251 	 252 	260	16.00
252 	 253 	156	14.00
253 	 254 	192	28.00
256 	 257 	181	24.00
257 	 258 	255	14.00
257 	 289 	236	14.00
259 	 260 	157	26.00
262 	 263 	138	17.00
262 	 294 	139	17.00
264 	 265 	241	27.00
264 	 296 	201	22.00
266 	 267 	158	19.00
267 	 268 	151	14.00
267 	 299 	203	18.00
268 	 269 	165	24.00
270 	 271 	131	13.00
271 	 272 	244	25.00
271 	 303 	198	23.00
273 	 274 	178	21.00
274 	 275 	173	24.00
274 	 306 	161	22.00
275 	 276 	242	23.00
275 	 307 	227	22.00
278 	 279 	222	26.00
279 	 280 	197	15.00
280 	 281 	157	18.00
283 	 284 	146	28.00
283 	 315 	195	18.00
284 	 285 	243	24.00
285 	 286 	133	20.00
286 	 287 	263	28.00
286 	 318 	220	23.00
288 	 289 	280	27.00
288 	 320 	234	15.00
289 	 290 	231	25.00
290 	 291 	194	14.00
292 	 293 	262	23.00
293 	 294 	251	23.00
294 	 295 	250	21.00
295 	 296 	218	23.00
296 	 297 	241	25.00
296 	 328 	129	14.00
297 	 298 	159	28.00
298 	 299 	165	18.00
299 	 300 	215	26.00
300 	 301 	280	22.00
300 	 332 	189	20.00
301 	 302 	143	14.00
302 	 303 	278	18.00
303 	 304 	228	14.00
303 	 335 	218	24.00
305 	 337 	138	17.00
307 	 308 	132	18.00
307 	 339 	149	26.00
308 	 309 	196	12.00
308 	 340 	243	24.00
309 	 310 	179	22.00
310 	 311 	202	28.00
310 	 342 	200	28.00
311 	 312 	234	17.00
312 	 313 	149	24.00
313 	 314 	256	23.00
313 	 345 	175	19.00
314 	 315 	182	25.00
315 	 316 	247	22.00
317 	 318 	133	13.00
318 	 319 	132	14.00
318 	 350 	210	23.00
320 	 321 	132	23.00
321 	 322 	250	20.00
322 	 323 	204	21.00
322 	 354 	232	22.00
323 	 324 	122	16.00
324 	 325 	146	14.00
325 	 326 	168	28.00
326 	 327 	163	16.00
327 	 328 	228	21.00
327 	 359 	144	12.00
328 	 329 	191	14.00
329 	 330 	279	23.00
330 	 331 	139	18.00
330 	 362 	259	12.00
333 	 334 	159	19.00
333 	 365 	151	16.00
335 	 336 	265	17.00
336 	 337 	279	16.00
337 	 338 	137	19.00
337 	 369 	180	26.00
338 	 339 	273	23.00
338 	 370 	263	26.00
341 	 342 	200	23.00
341 	 373 	221	25.00
343 	 344 	239	15.00
344 	 345 	276	22.00
344 	 376 	226	20.00
345 	 346 	246	14.00
347 	 348 	271	25.00
347 	 379 	121	14.00
349 	 350 	275	24.00
350 	 351 	188	20.00
351 	 383 	231	12.00
352 	 353 	228	14.00
352 	 384 	177	16.00
353 	 354 	274	25.00
353 	 385 	121	14.00
354 	 355 	272	28.00
354 	 386 	189	28.00
355 	 356 	171	18.00
355 	 387 	271	22.00
356 	 357 	134	28.00
357 	 358 	139	24.00
360 	 361 	204	12.00
361 	 393 	178	18.00
363 	 364 	250	27.00
363 	 395 	208	12.00
365 	 366 	279	23.00
365 	 397 	130	21.00
366 	 367 	170	20.00
367 	 368 	267	27.00
368 	 369 	152	19.00
368 	 400 	264	13.00
370 	 371 	133	20.00
370 	 402 	220	28.00
371 	 372 	261	14.00
374 	 375 	210	23.00
375 	 376 	269	17.00
375 	 407 	187	27.00
376 	 377 	191	27.00
378 	 379 	224	18.00
379 	 380 	142	26.00
379 	 411 	196	18.00
380 	 381 	223	22.00
381 	 382 	229	15.00
383 	 415 	123	12.00
387 	 388 	202	28.00
387 	 419 	242	23.00
388 	 389 	228	24.00
389 	 390 	204	18.00
389 	 421 	269	14.00
390 	 391 	218	21.00
391 	 392 	264	13.00
392 	 393 	248	20.00
393 	 394 	251	15.00
393 	 425 	257	19.00
395 	 396 	210	19.00
395 	 427 	123	25.00
396 	 397 	234	15.00
396 	 428 	188	22.00
398 	 399 	242	27.00
398 	 430 	277	25.00
399 	 400 	141	14.00
399 	 431 	274	20.00
401 	 402 	237	25.00
402 	 403 	182	27.00
402 	 434 	269	22.00
403 	 404 	167	13.00
403 	 435 	259	21.00
404 	 405 	200	17.00
404 	 436 	265	18.00
405 	 406 	204	12.00
405 	 437 	155	17.00
407 	 408 	279	26.00
408 	 409 	135	16.00
409 	 410 	192	23.00
410 	 411 	246	24.00
410 	 442 	168	28.00
412 	 413 	183	15.00
413 	 414 	233	21.00
413 	 445 	256	26.00
414 	 415 	269	19.00
414 	 446 	136	28.00
415 	 447 	276	13.00
416 	 417 	272	25.00
416 	 448 	170	19.00
417 	 418 	185	28.00
420 	 421 	183	18.00
421 	 422 	225	16.00
422 	 423 	182	19.00
422 	 454 	172	24.00
423 	 424 	133	13.00
425 	 426 	264	19.00
429 	 430 	253	25.00
432 	 433 	125	20.00
433 	 434 	267	27.00
433 	 465 	122	20.00
435 	 467 	150	26.00
438 	 439 	130	27.00
438 	 470 	280	20.00
439 	 440 	201	18.00
440 	 441 	274	13.00
440 	 472 	262	21.00
441 	 442 	142	27.00
441 	 473 	242	14.00
442 	 443 	155	20.00
443 	 444 	140	18.00
443 	 475 	267	21.00
448 	 449 	171	25.00
449 	 450 	274	13.00
449 	 481 	122	17.00
450 	 451 	184	28.00
450 	 482 	261	15.00
451 	 452 	151	13.00
452 	 453 	196	26.00
452 	 484 	139	24.00
453 	 454 	265	22.00
455 	 456 	258	17.00
456 	 457 	161	26.00
456 	 488 	209	22.00
457 	 458 	220	14.00
458 	 459 	194	13.00
458 	 490 	220	28.00
459 	 460 	121	15.00
460 	 461 	229	24.00
460 	 492 	266	19.00
461 	 462 	213	18.00
461 	 493 	169	21.00
462 	 463 	226	24.00
462 	 494 	238	27.00
464 	 465 	140	20.00
464 	 496 	133	22.00
466 	 467 	229	24.00
466 	 498 	125	20.00
468 	 469 	205	14.00
469 	 470 	214	24.00
470 	 471 	225	26.00
470 	 502 	166	28.00
474 	 475 	215	25.00
475 	 476 	274	22.00
475 	 507 	143	18.00
477 	 478 	228	23.00
478 	 479 	267	20.00
478 	 510 	168	16.00
479 	 511 	258	17.00
480 	 481 	216	20.00
481 	 513 	189	17.00
483 	 484 	139	16.00
484 	 485 	187	23.00
486 	 487 	179	17.00
486 	 518 	200	20.00
487 	 488 	180	26.00
488 	 489 	238	27.00
490 	 491 	184	15.00
494 	 495 	232	14.00
494 	 526 	243	21.00
495 	 496 	148	19.00
496 	 497 	131	27.00
499 	 500 	256	12.00
500 	 501 	230	18.00
500 	 532 	122	18.00
502 	 503 	178	26.00
503 	 504 	124	20.00
503 	 535 	233	25.00
504 	 505 	187	22.00
505 	 506 	158	24.00
508 	 509 	188	20.00
509 	 510 	126	22.00
509 	 541 	235	25.00
512 	 513 	150	27.00
512 	 544 	122	14.00
513 	 514 	157	24.00
513 	 545 	278	21.00
514 	 515 	252	18.00
515 	 516 	226	22.00
515 	 547 	145	21.00
516 	 517 	125	26.00
516 	 548 	274	26.00
518 	 519 	179	26.00
518 	 550 	260	22.00
519 	 520 	185	28.00
521 	 522 	124	13.00
522 	 523 	264	17.00
523 	 524 	120	23.00
523 	 555 	225	16.00
524 	 525 	229	27.00
524 	 556 	213	27.00
525 	 526 	151	18.00
526 	 527 	249	13.00
527 	 528 	167	24.00
528 	 529 	171	24.00
530 	 531 	278	28.00
530 	 562 	208	28.00
531 	 532 	202	22.00
531 	 563 	243	28.00
532 	 533 	218	24.00
532 	 564 	188	13.00
533 	 534 	258	18.00
534 	 535 	140	19.00
535 	 536 	208	25.00
537 	 538 	266	16.00
537 	 569 	277	18.00
538 	 539 	157	24.00
538 	 570 	191	15.00
540 	 541 	195	24.00
540 	 572 	271	22.00
541 	 542 	239	15.00
541 	 573 	132	28.00
542 	 543 	192	16.00
542 	 574 	222	13.00
546 	 547 	181	12.00
549 	 550 	202	22.00
550 	 551 	184	20.00
551 	 552 	258	20.00
551 	 583 	145	20.00
552 	 553 	240	25.00
553 	 554 	280	26.00
556 	 557 	170	27.00
556 	 588 	251	24.00
557 	 558 	252	15.00
558 	 559 	162	17.00
558 	 590 	222	21.00
559 	 560 	225	17.00
560 	 561 	160	13.00
565 	 566 	269	27.00
565 	 597 	168	20.00
566 	 567 	240	18.00
567 	 568 	269	16.00
568 	 569 	150	17.00
568 	 600 	210	24.00
571 	 572 	163	14.00
571 	 603 	148	22.00
572 	 604 	181	21.00
575 	 607 	204	24.00
576 	 577 	275	28.00
576 	 608 	263	28.00
578 	 579 	131	15.00
578 	 610 	263	19.00
579 	 580 	156	18.00
580 	 581 	135	18.00
580 	 612 	236	21.00
581 	 582 	266	24.00
582 	 614 	201	22.00
584 	 585 	241	15.00
585 	 586 	265	13.00
586 	 587 	186	16.00
587 	 588 	165	12.00
588 	 589 	147	12.00
588 	 620 	222	24.00
590 	 591 	247	15.00
591 	 592 	128	18.00
593 	 594 	236	20.00
593 	 625 	209	19.00
594 	 595 	230	12.00
594 	 626 	273	21.00
595 	 596 	121	23.00
596 	 597 	273	24.00
598 	 599 	200	14.00
598 	 630 	137	22.00
600 	 601 	176	16.00
601 	 602 	130	26.00
601 	 633 	241	22.00
604 	 605 	137	19.00
604 	 636 	209	16.00
605 	 606 	202	28.00
605 	 637 	180	15.00
606 	 607 	239	23.00
608 	 609 	234	20.00
608 	 640 	143	19.00
611 	 612 	269	14.00
613 	 614 	126	18.00
614 	 615 	237	24.00
614 	 646 	243	19.00
616 	 617 	183	24.00
616 	 648 	223	24.00
618 	 619 	205	28.00
618 	 650 	163	15.00
619 	 620 	232	21.00
620 	 621 	130	27.00
621 	 622 	233	23.00
621 	 653 	165	27.00
622 	 623 	188	27.00
623 	 624 	251	26.00
623 	 655 	145	16.00
626 	 627 	170	23.00
626 	 658 	199	21.00
627 	 628 	170	19.00
628 	 629 	175	25.00
630 	 631 	173	13.00
630 	 662 	153	23.00
631 	 632 	159	14.00
634 	 635 	178	16.00
634 	 666 	261	13.00
635 	 636 	174	18.00
637 	 638 	143	19.00
637 	 669 	235	13.00
638 	 639 	249	12.00
640 	 641 	181	19.00
641 	 642 	176	22.00
642 	 643 	134	27.00
643 	 644 	276	14.00
644 	 645 	256	14.00
644 	 676 	182	23.00
646 	 647 	200	24.00
646 	 678 	274	12.00
647 	 648 	237	15.00
648 	 649 	181	21.00
648 	 680 	191	28.00
649 	 650 	251	14.00
649 	 681 	267	13.00
650 	 651 	136	28.00
650 	 682 	137	19.00
652 	 653 	280	15.00
652 	 684 	249	25.00
654 	 655 	168	16.00
654 	 686 	175	16.00
655 	 656 	143	22.00
657 	 658 	232	17.00
657 	 689 	125	23.00
658 	 659 	276	24.00
658 	 690 	252	27.00
659 	 660 	141	23.00
659 	 691 	205	17.00
660 	 661 	185	20.00
660 	 692 	225	22.00
662 	 663 	133	15.00
662 	 694 	249	24.00
663 	 664 	215	19.00
665 	 666 	247	23.00
666 	 667 	185	28.00
668 	 669 	203	15.00
668 	 700 	221	27.00
669 	 670 	178	18.00
669 	 701 	202	23.00
670 	 671 	166	26.00
672 	 673 	171	22.00
672 	 704 	175	25.00
673 	 674 	235	24.00
674 	 675 	264	18.00
675 	 676 	151	17.00
676 	 677 	135	21.00
677 	 709 	239	14.00
679 	 711 	243	17.00
683 	 715 	191	23.00
685 	 686 	135	23.00
685 	 717 	248	19.00
686 	 687 	171	25.00
687 	 688 	180	16.00
687 	 719 	263	18.00
688 	 689 	238	16.00
688 	 720 	164	28.00
689 	 721 	227	13.00
693 	 694 	172	26.00
694 	 695 	279	13.00
695 	 696 	222	16.00
695 	 727 	270	17.00
696 	 697 	121	12.00
697 	 698 	255	19.00
698 	 699 	256	16.00
701 	 702 	219	13.00
702 	 703 	160	28.00
703 	 735 	242	17.00
704 	 705 	138	24.00
705 	 706 	195	23.00
705 	 737 	127	21.00
707 	 708 	236	22.00
708 	 709 	220	28.00
709 	 710 	178	13.00
710 	 711 	147	18.00
711 	 712 	274	26.00
711 	 743 	242	20.00
712 	 713 	128	25.00
713 	 714 	164	27.00
715 	 716 	274	26.00
716 	 717 	229	19.00
716 	 748 	226	15.00
718 	 719 	145	13.00
720 	 752 	145	22.00
722 	 723 	175	26.00
723 	 724 	239	27.00
724 	 725 	160	19.00
725 	 726 	266	12.00
725 	 757 	151	23.00
727 	 728 	172	13.00
728 	 729 	260	23.00
728 	 760 	264	28.00
729 	 730 	150	27.00
730 	 731 	123	27.00
731 	 732 	143	13.00
731 	 763 	220	17.00
733 	 734 	166	17.00
733 	 765 	257	13.00
735 	 767 	189	16.00
736 	 737 	172	23.00
736 	 768 	202	22.00
737 	 738 	198	16.00
738 	 739 	249	25.00
740 	 741 	134	20.00
741 	 742 	135	23.00
742 	 743 	232	28.00
742 	 774 	148	19.00
743 	 744 	246	16.00
743 	 775 	162	12.00
744 	 745 	263	14.00
746 	 747 	222	25.00
747 	 748 	221	21.00
747 	 779 	198	24.00
749 	 750 	125	28.00
749 	 781 	135	24.00
750 	 751 	125	13.00
751 	 752 	177	22.00
751 	 783 	128	28.00
752 	 753 	261	23.00
752 	 784 	211	17.00
753 	 754 	155	18.00
755 	 756 	222	14.00
755 	 787 	205	14.00
757 	 758 	171	23.00
757 	 789 	272	22.00
758 	 759 	279	25.00
759 	 760 	238	26.00
761 	 762 	233	12.00
761 	 793 	231	25.00
764 	 765 	183	20.00
765 	 766 	156	14.00
766 	 767 	216	19.00
766 	 798 	219	15.00
767 	 799 	214	18.00
768 	 769 	229	18.00
770 	 771 	279	15.00
771 	 772 	219	12.00
771 	 803 	182	27.00
773 	 774 	240	14.00
775 	 776 	231	28.00
775 	 807 	131	18.00
776 	 777 	206	27.00
776 	 808 	231	27.00
777 	 778 	248	21.00
777 	 809 	123	26.00
778 	 779 	148	18.00
778 	 810 	222	26.00
780 	 781 	151	12.00
782 	 783 	126	23.00
782 	 814 	150	12.00
784 	 785 	172	16.00
784 	 816 	267	19.00
785 	 786 	188	23.00
786 	 787 	185	22.00
787 	 788 	280	20.00
788 	 789 	234	19.00
789 	 790 	157	16.00
790 	 791 	142	22.00
791 	 792 	128	21.00
792 	 793 	171	18.00
793 	 794 	197	25.00
794 	 795 	170	17.00
796 	 797 	263	12.00
797 	 798 	127	24.00
797 	 829 	156	26.00
800 	 801 	268	22.00
801 	 802 	160	18.00
802 	 803 	211	19.00
803 	 804 	148	21.00
803 	 835 	255	25.00
804 	 805 	211	27.00
806 	 807 	132	26.00
806 	 838 	210	28.00
811 	 812 	165	12.00
811 	 843 	144	23.00
812 	 813 	278	23.00
812 	 844 	272	14.00
814 	 815 	196	26.00
814 	 846 	129	25.00
816 	 817 	277	16.00
816 	 848 	158	24.00
817 	 818 	141	22.00
818 	 819 	187	16.00
820 	 821 	242	23.00
820 	 852 	220	17.00
821 	 822 	261	21.00
822 	 823 	192	15.00
823 	 824 	198	28.00
823 	 855 	182	15.00
824 	 825 	160	19.00
825 	 826 	144	22.00
827 	 828 	194	27.00
828 	 829 	126	23.00
828 	 860 	222	17.00
829 	 830 	267	25.00
829 	 861 	172	18.00
830 	 831 	144	14.00
830 	 862 	147	17.00
832 	 833 	212	26.00
832 	 864 	243	14.00
833 	 834 	160	20.00
833 	 865 	223	14.00
834 	 835 	248	15.00
835 	 836 	219	20.00
836 	 837 	256	21.00
836 	 868 	144	22.00
837 	 838 	248	13.00
837 	 869 	278	20.00
838 	 839 	277	13.00
839 	 840 	264	22.00
841 	 842 	258	19.00
842 	 843 	146	18.00
842 	 874 	219	22.00
845 	 877 	201	27.00
847 	 848 	245	26.00
848 	 849 	253	15.00
848 	 880 	233	18.00
849 	 850 	226	24.00
850 	 851 	232	23.00
850 	 882 	176	28.00
851 	 852 	146	17.00
852 	 853 	183	17.00
853 	 854 	133	16.00
853 	 885 	258	16.00
855 	 856 	253	15.00
856 	 857 	228	17.00
856 	 888 	213	21.00
857 	 858 	163	22.00
857 	 889 	148	23.00
858 	 859 	222	24.00
862 	 863 	265	25.00
862 	 894 	189	25.00
863 	 895 	140	18.00
866 	 867 	126	15.00
866 	 898 	278	12.00
869 	 870 	251	20.00
869 	 901 	148	12.00
870 	 871 	207	14.00
872 	 873 	137	14.00
872 	 904 	197	13.00
874 	 875 	264	26.00
875 	 876 	184	21.00
876 	 877 	144	12.00
876 	 908 	194	24.00
877 	 878 	146	14.00
878 	 879 	168	15.00
878 	 910 	221	25.00
879 	 880 	121	13.00
879 	 911 	238	22.00
881 	 882 	181	21.00
882 	 883 	168	20.00
884 	 885 	159	24.00
884 	 916 	253	22.00
885 	 886 	181	12.00
887 	 888 	211	27.00
888 	 920 	169	14.00
890 	 891 	236	14.00
890 	 922 	181	12.00
891 	 892 	144	20.00
891 	 923 	263	22.00
893 	 894 	121	19.00
893 	 925 	120	14.00
896 	 897 	182	17.00
897 	 898 	229	15.00
898 	 899 	189	19.00
898 	 930 	193	21.00
899 	 900 	271	28.00
901 	 902 	213	28.00
901 	 933 	154	16.00
903 	 904 	210	23.00
904 	 905 	239	14.00
904 	 936 	153	26.00
905 	 906 	146	23.00
905 	 937 	209	22.00
907 	 908 	253	24.00
908 	 909 	243	25.00
911 	 912 	161	22.00
912 	 913 	209	25.00
913 	 914 	184	14.00
914 	 915 	166	21.00
914 	 946 	166	13.00
917 	 918 	152	23.00
918 	 919 	130	26.00
919 	 920 	127	27.00
919 	 951 	197	27.00
920 	 921 	149	16.00
921 	 922 	166	23.00
924 	 925 	184	13.00
924 	 956 	280	17.00
925 	 926 	198	17.00
926 	 927 	168	23.00
926 	 958 	264	25.00
928 	 929 	139	27.00
929 	 930 	198	16.00
929 	 961 	190	20.00
930 	 931 	171	24.00
930 	 962 	233	21.00
932 	 933 	166	27.00
932 	 964 	135	20.00
934 	 935 	275	16.00
934 	 966 	274	16.00
937 	 938 	198	16.00
937 	 969 	148	25.00
938 	 939 	201	28.00
938 	 970 	175	26.00
939 	 940 	147	18.00
941 	 942 	275	17.00
942 	 943 	182	24.00
942 	 974 	233	14.00
943 	 944 	133	19.00
944 	 945 	254	14.00
944 	 976 	251	13.00
945 	 946 	198	17.00
946 	 947 	244	28.00
947 	 948 	213	16.00
948 	 949 	160	26.00
948 	 980 	208	22.00
949 	 950 	222	23.00
949 	 981 	275	14.00
952 	 953 	177	23.00
952 	 984 	269	17.00
953 	 954 	164	13.00
954 	 955 	236	24.00
954 	 986 	208	17.00
955 	 956 	189	28.00
957 	 958 	240	16.00
957 	 989 	139	18.00
958 	 959 	167	13.00
960 	 961 	181	27.00
962 	 963 	134	23.00
962 	 994 	220	26.00
963 	 964 	263	24.00
963 	 995 	263	15.00
964 	 965 	254	16.00
965 	 966 	196	25.00
965 	 997 	183	27.00
966 	 967 	197	14.00
967 	 968 	127	21.00
968 	 969 	141	20.00
968 	 1000 	243	22.00
969 	 1001 	236	14.00
971 	 972 	210	21.00
972 	 973 	279	12.00
972 	 1004 	174	16.00
973 	 974 	173	14.00
974 	 975 	226	24.00
974 	 1006 	231	28.00
977 	 978 	210	17.00
977 	 1009 	240	24.00
978 	 979 	159	18.00
981 	 982 	249	17.00
981 	 1013 	265	28.00
982 	 983 	212	14.00
982 	 1014 	263	17.00
983 	 984 	249	13.00
983 	 1015 	148	20.00
985 	 986 	176	24.00
985 	 1017 	167	22.00
986 	 987 	138	19.00
988 	 989 	172	26.00
988 	 1020 	191	27.00
989 	 990 	234	26.00
990 	 991 	259	20.00
991 	 1023 	170	16.00
992 	 993 	193	22.00
993 	 994 	146	17.00
995 	 996 	175	17.00
997 	 998 	142	26.00
999 	 1000 	259	20.00
1002 	 1003 	250	21.00
1003 	 1004 	164	16.00
1005 	 1006 	176	12.00
1006 	 1007 	146	22.00
1007 	 1008 	149	23.00
1008 	 1009 	164	17.00
1009 	 1010 	144	18.00
1010 	 1011 	198	23.00
1011 	 1012 	247	13.00
1015 	 1016 	218	19.00
1018 	 1019 	155	17.00
1019 	 1020 	153	22.00
1020 	 1021 	185	26.00
1022 	 1023 	247	12.00
