1024 	 1023 	 20 	 0.30 
 
-29	17	0
91	-7	0
208	22	0
275	-7	0
435	0	0
463	-35	0
597	10	0
694	-13	8
807	-13	8
878	2	7
959	-21	7
1118	-24	7
1180	12	7
1275	-19	7
1382	18	7
1485	-12	7
1630	-22	5
1736	-4	5
1803	-4	5
1878	-18	5
2000	18	5
2117	-8	5
2188	-16	5
2254	5	5
2409	5	5
2504	-38	5
2600	-34	3
2733	-43	3
2807	3	3
2907	-24	3
2989	-17	3
3078	16	3
10	98	0
132	97	0
215	100	0
314	75	0
411	76	0
463	64	0
635	125	0
681	120	0
775	66	7
887	109	7
1028	70	7
1105	86	7
1201	95	7
1288	94	7
1399	79	7
1490	96	5
1575	126	5
1692	64	5
1789	77	5
1946	109	5
1959	103	5
2058	107	5
2187	92	5
2288	84	5
2403	94	3
2497	77	3
2613	70	3
2686	107	3
2808	132	3
2923	104	3
2997	92	3
3112	98	3
-12	181	0
97	192	0
228	195	0
277	201	0
384	240	0
472	176	0
622	183	0
697	192	0
808	210	0
896	191	7
1008	181	7
1147	161	7
1201	219	7
1294	189	7
1415	218	7
1495	243	5
1644	222	5
1701	191	5
1771	184	5
1862	183	5
1999	191	5
2067	186	5
2177	214	5
2271	205	5
2415	242	3
2495	208	3
2626	229	3
2712	184	3
2811	166	3
2920	191	3
3024	212	3
3126	207	3
30	315	0
75	299	0
201	286	0
268	292	0
358	315	0
497	288	0
626	325	0
668	291	0
764	266	0
935	297	7
971	323	7
1117	280	7
1177	320	7
1283	301	7
1406	320	7
1506	306	7
1605	318	5
1710	306	5
1778	281	5
1907	304	5
1961	299	5
2090	282	5
2195	286	5
2252	310	3
2361	316	3
2475	270	3
2570	305	3
2682	291	3
2791	302	3
2889	299	3
2991	307	3
3086	301	3
7	365	0
99	384	0
180	394	0
316	379	0
393	442	0
514	419	0
578	393	0
748	359	0
836	404	7
871	412	7
1014	397	7
1110	393	7
1183	390	7
1290	382	7
1392	384	7
1505	379	7
1592	419	7
1690	415	5
1787	364	5
1874	430	5
2007	372	5
2126	412	5
2232	378	3
2309	407	3
2378	384	3
2482	392	3
2598	390	3
2693	385	3
2791	410	3
2902	379	3
3035	379	3
3091	390	3
-6	481	0
98	479	0
207	502	0
342	531	0
403	502	0
508	503	0
584	506	0
695	528	0
796	488	7
887	525	7
992	513	7
1129	469	7
1184	512	7
1345	489	7
1377	508	7
1496	522	7
1557	468	7
1710	512	5
1774	527	5
1874	499	5
1966	526	5
2116	485	5
2228	510	5
2265	512	5
2394	509	3
2471	518	3
2636	502	3
2721	522	3
2775	536	3
2900	490	3
2994	509	3
3142	493	3
-24	562	0
106	592	0
222	610	0
296	637	0
384	595	0
500	584	0
622	597	0
674	570	0
806	576	17
879	563	7
988	614	7
1081	598	7
1246	600	7
1277	622	7
1410	604	7
1506	603	7
1618	602	5
1711	581	5
1762	562	5
1884	601	5
2015	591	5
2104	611	5
2189	593	5
2298	623	5
2359	593	3
2497	623	3
2560	613	3
2683	591	3
2806	557	3
2856	592	3
3028	622	3
3125	595	3
-20	715	13
115	695	0
205	700	0
292	665	0
419	705	0
527	677	0
569	661	0
717	712	17
797	680	17
907	706	17
1047	688	7
1085	693	7
1169	716	7
1302	703	7
1404	672	7
1500	710	15
1598	708	15
1693	661	15
1824	748	15
1926	717	15
1999	697	5
2135	710	5
2185	687	5
2264	699	5
2433	715	18
2499	702	3
2624	705	3
2712	712	3
2807	722	3
2863	727	3
3011	739	3
3126	716	3
7	802	13
104	789	13
228	781	0
305	792	0
423	817	0
503	837	13
571	772	13
713	827	17
813	800	17
890	842	17
971	804	7
1106	810	7
1230	777	7
1280	807	7
1358	767	7
1514	829	15
1583	764	15
1692	806	15
1779	801	15
1891	820	5
2002	768	5
2064	803	5
2178	771	5
2321	831	18
2371	807	18
2526	805	9
2582	834	3
2715	846	3
2850	792	3
2902	821	3
3011	819	9
3092	799	9
-20	881	13
93	875	13
205	874	13
271	916	13
408	897	13
485	944	13
615	883	13
684	903	13
803	912	13
879	874	17
982	903	15
1126	898	15
1168	881	7
1305	882	7
1422	912	15
1487	879	15
1616	859	15
1700	926	15
1803	942	15
1883	880	15
1970	856	5
2107	898	5
2206	914	18
2306	916	18
2403	903	9
2485	891	9
2606	864	9
2659	889	9
2827	920	9
2897	900	9
3000	893	9
3101	890	9
-7	1026	13
113	1019	13
220	996	13
283	975	13
407	995	13
505	1011	13
562	1019	13
682	1024	13
834	994	13
885	983	13
1015	996	15
1104	1006	15
1210	963	15
1292	990	15
1401	995	15
1494	996	15
1598	962	15
1671	988	15
1801	1005	15
1887	1005	15
2041	969	15
2125	1008	18
2190	1008	18
2318	965	9
2419	1021	9
2478	977	9
2594	1012	9
2708	993	9
2799	998	9
2886	1003	9
3001	996	9
3069	984	9
29	1092	13
98	1095	13
169	1060	13
258	1102	13
379	1070	13
480	1070	13
615	1088	13
695	1101	13
823	1062	13
871	1110	15
1012	1124	15
1114	1113	15
1205	1099	15
1267	1119	15
1388	1087	15
1507	1113	15
1590	1068	15
1699	1095	15
1797	1116	15
1875	1135	15
2007	1088	15
2084	1064	18
2218	1084	9
2300	1136	9
2397	1137	9
2495	1089	9
2596	1101	9
2726	1076	9
2777	1101	9
2895	1120	9
3006	1117	9
3101	1064	9
20	1211	13
91	1229	13
196	1240	13
331	1213	13
409	1170	13
478	1195	13
578	1216	13
710	1209	13
828	1247	13
878	1221	13
1015	1193	15
1078	1201	14
1180	1207	15
1288	1185	15
1402	1196	15
1502	1226	15
1629	1202	15
1683	1200	15
1805	1217	15
1922	1176	15
1982	1178	15
2070	1195	16
2234	1182	9
2304	1226	9
2405	1182	9
2480	1188	9
2559	1244	9
2724	1154	9
2787	1196	9
2864	1194	9
2991	1188	9
3090	1218	9
24	1313	13
104	1321	13
176	1281	13
302	1293	13
424	1337	13
497	1333	13
629	1310	13
677	1278	13
817	1300	13
881	1294	14
998	1283	14
1086	1277	14
1185	1321	14
1308	1264	14
1372	1297	14
1499	1309	15
1630	1293	15
1702	1277	15
1803	1274	15
1905	1290	15
1959	1303	15
2094	1292	16
2198	1302	16
2326	1291	9
2379	1280	9
2510	1341	9
2572	1264	9
2707	1296	9
2776	1300	9
2922	1267	9
3004	1302	9
3112	1332	9
-13	1419	13
124	1395	13
195	1411	13
280	1394	13
387	1423	13
486	1388	13
600	1357	13
677	1425	13
840	1415	13
867	1376	13
995	1385	14
1081	1439	14
1179	1416	14
1289	1387	14
1373	1398	14
1499	1428	14
1620	1409	15
1682	1432	15
1783	1437	15
1884	1416	15
1970	1392	16
2104	1408	16
2241	1385	16
2306	1411	16
2395	1380	16
2509	1396	9
2630	1429	9
2686	1401	9
2765	1401	9
2910	1403	9
3025	1423	9
3062	1443	9
-13	1494	13
125	1538	12
196	1488	12
271	1524	13
395	1522	12
471	1544	12
601	1500	13
659	1511	13
798	1510	14
933	1488	14
1018	1485	14
1098	1530	14
1181	1498	14
1304	1473	14
1407	1483	14
1466	1533	14
1589	1500	15
1668	1531	15
1809	1471	15
1909	1535	16
1978	1505	16
2102	1483	16
2173	1505	16
2298	1510	16
2405	1476	16
2488	1495	16
2623	1484	9
2717	1501	9
2805	1475	9
2912	1520	9
2963	1534	9
3123	1464	11
-41	1594	13
77	1600	12
192	1638	12
289	1598	12
388	1606	12
512	1582	12
602	1629	12
703	1627	14
843	1564	14
859	1581	14
979	1594	14
1083	1552	14
1187	1617	14
1302	1603	14
1385	1646	14
1482	1608	14
1637	1612	15
1700	1598	15
1824	1588	16
1867	1603	16
2005	1613	16
2067	1591	16
2228	1562	16
2320	1617	16
2388	1613	16
2475	1639	10
2621	1587	10
2691	1611	10
2810	1581	9
2889	1568	9
3037	1581	9
3107	1592	11
10	1702	12
116	1706	12
220	1685	12
276	1707	12
414	1717	12
522	1706	12
597	1718	12
687	1659	14
797	1706	14
917	1702	14
999	1678	14
1079	1705	14
1219	1741	14
1265	1704	14
1432	1714	14
1513	1726	14
1605	1725	14
1717	1726	16
1802	1719	16
1877	1720	16
2017	1660	16
2105	1706	16
2165	1714	16
2332	1722	10
2391	1695	10
2506	1669	10
2574	1686	10
2676	1689	10
2775	1672	9
2877	1700	10
3019	1688	10
3137	1683	10
-12	1790	12
98	1795	12
206	1807	12
284	1810	12
415	1817	12
506	1767	12
595	1832	12
694	1819	12
787	1794	14
914	1807	14
1001	1802	14
1113	1805	14
1181	1769	14
1288	1761	14
1422	1787	14
1495	1807	14
1607	1798	14
1704	1817	16
1814	1808	16
1911	1843	16
2015	1769	16
2062	1775	16
2234	1801	16
2319	1800	10
2386	1841	10
2466	1806	10
2604	1795	10
2693	1771	10
2781	1820	10
2923	1808	10
3014	1835	10
3136	1833	10
26	1881	12
100	1887	12
225	1870	12
321	1907	12
424	1938	12
499	1905	12
608	1883	12
653	1880	12
829	1907	14
909	1896	14
966	1885	14
1108	1899	14
1215	1902	14
1295	1877	14
1412	1930	14
1461	1928	14
1601	1948	16
1700	1892	16
1804	1914	16
1868	1894	16
1973	1886	16
2133	1907	16
2163	1894	16
2277	1927	10
2404	1904	10
2508	1894	10
2596	1901	10
2693	1903	10
2831	1941	10
2910	1870	10
2979	1931	10
3088	1863	10
26	1987	12
85	2004	12
183	2025	12
281	2025	12
371	2048	12
494	2028	12
562	1987	12
693	2017	12
778	2015	12
858	1983	12
1005	2036	14
1135	1962	14
1194	2027	14
1278	2019	14
1432	1994	14
1526	2040	14
1566	2037	14
1688	1981	16
1816	1972	16
1859	2004	16
2027	1990	16
2079	2017	16
2210	1967	10
2310	1958	10
2389	1961	10
2510	1997	10
2613	1979	10
2702	2008	10
2807	2022	10
2871	2008	10
2978	2034	10
3089	1972	10
-6	2086	12
101	2134	12
192	2084	12
320	2114	12
398	2080	12
511	2115	12
594	2097	12
722	2081	12
806	2091	12
891	2076	14
979	2072	14
1056	2145	6
1173	2104	6
1299	2125	6
1410	2137	16
1503	2071	16
1608	2066	16
1658	2073	16
1804	2108	16
1883	2099	16
2013	2066	16
2099	2115	16
2210	2114	10
2270	2112	10
2424	2121	10
2503	2111	10
2628	2107	10
2665	2114	10
2812	2130	10
2877	2105	10
2990	2081	10
3113	2113	10
-39	2167	12
80	2227	12
207	2212	12
289	2203	12
369	2200	12
490	2241	12
629	2242	12
680	2231	12
789	2195	19
883	2192	19
988	2198	6
1097	2230	6
1211	2192	6
1284	2185	6
1394	2155	16
1468	2212	6
1606	2203	16
1707	2179	16
1818	2207	16
1923	2213	16
1987	2175	16
2066	2187	16
2229	2183	10
2297	2187	10
2387	2174	10
2475	2226	10
2594	2183	10
2719	2186	10
2841	2219	10
2924	2231	10
3008	2217	10
3094	2217	10
11	2310	12
103	2312	12
225	2328	1
309	2315	1
388	2284	1
469	2302	12
614	2297	12
719	2309	19
820	2323	19
906	2264	6
1003	2291	6
1088	2297	6
1206	2323	6
1316	2330	6
1431	2291	6
1533	2340	6
1580	2295	6
1676	2287	16
1797	2294	16
1878	2320	4
1968	2252	4
2133	2305	16
2180	2264	16
2314	2303	16
2386	2303	10
2480	2270	10
2595	2330	10
2667	2329	2
2798	2312	2
2936	2303	10
2996	2286	10
3107	2315	10
16	2447	1
88	2369	1
189	2408	1
292	2411	1
417	2363	1
535	2409	19
608	2401	19
727	2362	19
761	2397	6
902	2367	6
965	2399	6
1088	2382	6
1200	2418	6
1287	2380	6
1377	2408	6
1494	2423	6
1589	2411	6
1714	2406	4
1795	2393	4
1937	2396	4
1969	2376	4
2104	2377	4
2178	2430	4
2314	2410	16
2443	2412	2
2514	2370	2
2574	2423	2
2730	2396	2
2808	2406	2
2925	2363	10
2973	2367	2
3094	2390	10
14	2462	1
115	2537	1
222	2505	1
300	2456	1
411	2507	1
486	2510	1
578	2471	1
699	2468	1
815	2491	6
888	2540	6
998	2529	6
1085	2490	6
1216	2500	6
1303	2487	6
1405	2495	6
1465	2511	4
1625	2473	4
1715	2502	4
1807	2487	4
1891	2499	4
1977	2511	4
2097	2466	4
2192	2480	4
2270	2507	16
2411	2503	2
2500	2493	2
2560	2473	2
2708	2503	2
2764	2533	2
2887	2516	2
2997	2508	2
3108	2510	2
21	2596	1
98	2628	1
171	2602	1
284	2568	1
395	2572	1
485	2566	1
560	2598	1
673	2604	1
761	2605	1
881	2586	6
1017	2641	6
1093	2581	6
1167	2577	6
1318	2571	6
1430	2623	6
1506	2617	4
1588	2607	4
1680	2617	4
1803	2633	4
1940	2618	4
2011	2610	4
2087	2566	4
2168	2633	4
2275	2568	4
2369	2604	4
2522	2561	2
2563	2600	2
2702	2568	2
2812	2600	2
2939	2607	2
2985	2617	2
3137	2602	2
-2	2668	1
129	2748	1
206	2712	1
294	2740	1
394	2734	1
522	2705	1
602	2706	1
665	2686	1
825	2681	1
883	2701	6
1009	2731	6
1077	2689	6
1209	2676	6
1330	2673	6
1397	2700	6
1494	2727	4
1637	2685	4
1683	2696	4
1791	2703	4
1915	2680	4
1992	2718	4
2073	2740	4
2161	2731	4
2309	2679	2
2441	2682	2
2521	2659	2
2556	2704	2
2704	2681	2
2799	2672	2
2899	2678	2
2993	2708	2
3093	2694	2
-27	2801	1
105	2803	1
190	2793	1
284	2758	1
434	2799	1
475	2810	1
599	2775	1
696	2831	1
836	2821	1
893	2799	1
1008	2798	6
1093	2802	6
1233	2780	6
1315	2800	6
1383	2788	4
1455	2802	4
1602	2814	4
1729	2769	4
1802	2787	4
1886	2827	4
1993	2776	4
2071	2794	4
2177	2752	4
2280	2798	4
2409	2777	2
2527	2845	2
2618	2801	2
2717	2767	2
2781	2782	2
2885	2782	2
3010	2800	2
3087	2812	2
-34	2907	1
69	2888	1
172	2907	1
299	2936	1
393	2867	1
501	2864	1
620	2869	1
690	2921	1
770	2905	1
892	2909	6
1016	2917	6
1100	2857	6
1200	2937	6
1299	2897	6
1373	2909	6
1510	2919	4
1617	2889	4
1738	2908	4
1822	2916	4
1892	2882	4
2024	2876	4
2101	2908	4
2205	2931	4
2289	2893	2
2431	2939	2
2488	2890	2
2578	2934	2
2722	2886	2
2790	2928	2
2924	2879	2
2976	2911	2
3122	2877	2
-8	3016	1
113	3021	1
191	3002	1
284	2985	1
422	3012	1
473	2977	1
578	3014	1
685	3032	1
784	2997	1
860	3009	6
1047	3017	6
1099	2987	6
1194	3031	6
1287	3013	6
1421	3021	6
1516	3027	4
1593	3039	4
1740	3004	4
1786	3030	4
1907	2992	4
1974	2996	4
2116	2998	4
2162	2993	4
2332	3006	2
2365	2971	2
2504	2963	2
2598	2993	2
2686	3015	2
2803	3009	2
2909	3040	2
2987	3004	2
3058	2996	2
20	3116	1
103	3100	1
208	3119	1
299	3115	1
408	3099	1
502	3110	1
582	3096	1
709	3084	1
793	3125	6
945	3113	6
979	3093	6
1105	3102	6
1160	3110	6
1319	3102	6
1387	3083	6
1491	3105	6
1594	3081	4
1699	3101	4
1796	3093	4
1886	3069	4
2021	3120	4
2060	3128	4
2246	3107	4
2345	3093	2
2368	3082	2
2473	3104	2
2609	3090	2
2698	3077	2
2811	3093	2
2885	3093	2
2989	3097	2
3079	3112	2

0 	 1 	134	24.00
1 	 2 	214	14.00
2 	 3 	172	12.00
2 	 34 	231	21.00
3 	 4 	142	19.00
4 	 5 	244	18.00
4 	 36 	125	28.00
5 	 6 	254	26.00
6 	 7 	183	16.00
7 	 8 	155	25.00
8 	 9 	140	21.00
9 	 10 	150	27.00
9 	 41 	234	17.00
10 	 11 	247	25.00
12 	 13 	248	12.00
12 	 44 	231	21.00
13 	 14 	192	26.00
15 	 16 	171	22.00
15 	 47 	270	20.00
16 	 17 	166	12.00
17 	 18 	231	18.00
18 	 19 	174	18.00
19 	 20 	241	15.00
20 	 21 	126	25.00
21 	 22 	269	19.00
23 	 24 	269	12.00
23 	 55 	148	28.00
24 	 25 	158	16.00
25 	 26 	228	28.00
27 	 28 	274	15.00
27 	 59 	136	25.00
28 	 29 	181	18.00
29 	 30 	174	22.00
29 	 61 	131	21.00
30 	 31 	274	17.00
31 	 63 	166	18.00
32 	 33 	196	21.00
32 	 64 	221	16.00
33 	 34 	222	18.00
35 	 36 	272	27.00
36 	 37 	240	19.00
36 	 68 	164	14.00
38 	 39 	182	22.00
38 	 70 	158	25.00
39 	 40 	218	15.00
40 	 41 	143	23.00
40 	 72 	142	12.00
41 	 42 	144	22.00
42 	 43 	256	25.00
42 	 74 	280	26.00
43 	 44 	274	27.00
44 	 45 	209	19.00
45 	 46 	164	27.00
47 	 48 	211	15.00
48 	 49 	135	26.00
48 	 80 	183	14.00
49 	 50 	133	24.00
50 	 51 	276	23.00
50 	 82 	257	18.00
51 	 52 	227	18.00
52 	 53 	247	18.00
52 	 84 	237	26.00
53 	 54 	207	25.00
54 	 55 	189	12.00
54 	 86 	190	13.00
55 	 56 	244	21.00
56 	 57 	178	25.00
57 	 58 	245	12.00
58 	 59 	208	27.00
60 	 61 	248	12.00
61 	 62 	237	14.00
61 	 93 	233	14.00
64 	 65 	129	26.00
64 	 96 	139	26.00
65 	 66 	136	25.00
65 	 97 	274	17.00
66 	 67 	161	16.00
66 	 98 	145	25.00
69 	 70 	178	15.00
69 	 101 	151	19.00
70 	 71 	206	14.00
72 	 73 	208	13.00
72 	 104 	223	13.00
75 	 76 	214	20.00
76 	 77 	272	15.00
77 	 78 	126	21.00
78 	 79 	254	24.00
79 	 80 	164	20.00
79 	 111 	227	20.00
80 	 81 	197	13.00
82 	 83 	229	14.00
85 	 86 	265	16.00
85 	 117 	245	23.00
86 	 87 	170	28.00
87 	 88 	210	26.00
89 	 90 	217	19.00
89 	 121 	166	27.00
90 	 91 	123	28.00
91 	 92 	129	17.00
93 	 94 	157	27.00
93 	 125 	197	26.00
95 	 127 	222	13.00
98 	 99 	221	21.00
100 	 101 	208	25.00
101 	 102 	145	19.00
101 	 133 	256	23.00
103 	 104 	240	26.00
104 	 105 	219	13.00
104 	 136 	254	12.00
105 	 106 	139	15.00
106 	 107 	264	21.00
106 	 138 	276	26.00
107 	 108 	246	20.00
109 	 110 	230	27.00
110 	 111 	267	17.00
111 	 112 	189	12.00
111 	 143 	262	22.00
113 	 114 	212	26.00
114 	 115 	276	21.00
115 	 116 	166	23.00
116 	 117 	165	18.00
117 	 118 	271	12.00
118 	 119 	175	17.00
118 	 150 	141	28.00
119 	 120 	162	14.00
120 	 121 	135	16.00
120 	 152 	257	21.00
121 	 122 	219	13.00
121 	 153 	262	20.00
122 	 123 	125	21.00
123 	 124 	232	18.00
125 	 126 	151	19.00
126 	 127 	260	18.00
128 	 129 	213	20.00
129 	 130 	248	16.00
129 	 161 	167	15.00
130 	 131 	161	19.00
131 	 132 	250	16.00
131 	 163 	207	17.00
132 	 133 	249	22.00
132 	 164 	194	24.00
133 	 134 	233	23.00
134 	 135 	215	26.00
136 	 137 	265	14.00
138 	 139 	181	13.00
139 	 140 	122	22.00
140 	 141 	184	13.00
140 	 172 	202	12.00
141 	 142 	128	19.00
142 	 143 	163	26.00
143 	 144 	171	23.00
145 	 146 	184	22.00
145 	 177 	231	21.00
146 	 147 	152	12.00
147 	 148 	280	14.00
147 	 179 	274	14.00
149 	 150 	279	18.00
150 	 151 	220	19.00
154 	 155 	142	14.00
154 	 186 	134	17.00
155 	 156 	269	20.00
156 	 157 	273	25.00
156 	 188 	165	23.00
157 	 158 	227	17.00
159 	 191 	216	14.00
160 	 161 	253	15.00
162 	 163 	221	26.00
162 	 194 	136	12.00
165 	 166 	198	13.00
166 	 167 	191	27.00
166 	 198 	188	27.00
167 	 168 	274	23.00
168 	 169 	138	21.00
168 	 200 	245	25.00
169 	 170 	234	16.00
169 	 201 	194	26.00
170 	 171 	144	18.00
171 	 172 	162	15.00
172 	 173 	248	23.00
173 	 174 	149	28.00
173 	 205 	150	22.00
174 	 175 	167	27.00
174 	 206 	240	26.00
176 	 177 	260	20.00
177 	 178 	154	24.00
177 	 209 	192	27.00
179 	 180 	277	27.00
180 	 181 	127	18.00
180 	 212 	177	26.00
181 	 182 	239	13.00
181 	 213 	272	14.00
182 	 183 	242	25.00
182 	 214 	171	24.00
183 	 184 	148	12.00
184 	 185 	256	26.00
184 	 216 	258	20.00
187 	 188 	196	21.00
187 	 219 	272	12.00
189 	 190 	190	16.00
190 	 191 	261	13.00
190 	 222 	163	21.00
192 	 193 	265	16.00
192 	 224 	255	19.00
193 	 194 	227	15.00
193 	 225 	266	21.00
195 	 196 	158	23.00
196 	 197 	277	14.00
197 	 198 	224	23.00
197 	 229 	263	28.00
198 	 199 	129	22.00
201 	 202 	262	28.00
202 	 203 	237	12.00
203 	 204 	145	19.00
203 	 235 	270	27.00
206 	 207 	234	12.00
206 	 238 	220	16.00
207 	 208 	231	25.00
208 	 209 	212	15.00
209 	 210 	198	18.00
211 	 243 	270	19.00
215 	 216 	175	24.00
217 	 218 	206	25.00
218 	 219 	224	20.00
219 	 220 	196	18.00
220 	 221 	214	21.00
220 	 252 	277	22.00
221 	 222 	241	28.00
222 	 223 	268	25.00
223 	 255 	230	19.00
225 	 226 	126	28.00
227 	 228 	195	13.00
228 	 229 	135	28.00
228 	 260 	190	27.00
229 	 230 	182	12.00
229 	 261 	251	18.00
231 	 232 	240	24.00
231 	 263 	156	24.00
233 	 234 	136	15.00
234 	 235 	211	24.00
235 	 236 	267	22.00
235 	 267 	217	20.00
237 	 238 	125	24.00
238 	 239 	259	28.00
239 	 240 	138	27.00
240 	 241 	267	23.00
242 	 243 	123	27.00
243 	 244 	171	25.00
244 	 245 	176	24.00
244 	 276 	123	20.00
245 	 246 	270	26.00
245 	 277 	194	26.00
246 	 247 	247	20.00
247 	 248 	183	13.00
247 	 279 	212	13.00
248 	 249 	235	16.00
249 	 250 	182	22.00
250 	 251 	171	14.00
250 	 282 	214	22.00
251 	 252 	256	25.00
252 	 253 	160	28.00
253 	 254 	245	28.00
256 	 257 	174	15.00
257 	 258 	280	16.00
257 	 289 	257	14.00
259 	 260 	124	25.00
262 	 263 	241	15.00
262 	 294 	187	25.00
264 	 265 	176	22.00
264 	 296 	156	25.00
266 	 267 	210	23.00
267 	 268 	278	20.00
267 	 299 	212	15.00
268 	 269 	160	25.00
270 	 271 	247	28.00
271 	 272 	142	17.00
271 	 303 	274	18.00
273 	 274 	251	24.00
274 	 275 	237	19.00
274 	 306 	261	21.00
275 	 276 	230	21.00
275 	 307 	137	15.00
278 	 279 	194	26.00
279 	 280 	186	25.00
280 	 281 	165	15.00
283 	 284 	141	23.00
283 	 315 	128	22.00
284 	 285 	250	22.00
285 	 286 	221	28.00
286 	 287 	218	27.00
286 	 318 	208	13.00
288 	 289 	168	24.00
288 	 320 	137	27.00
289 	 290 	164	24.00
290 	 291 	150	16.00
292 	 293 	138	25.00
293 	 294 	192	20.00
294 	 295 	218	14.00
295 	 296 	213	28.00
296 	 297 	249	28.00
296 	 328 	183	15.00
297 	 298 	162	17.00
298 	 299 	193	14.00
299 	 300 	183	19.00
300 	 301 	134	26.00
300 	 332 	181	17.00
301 	 302 	220	18.00
302 	 303 	232	15.00
303 	 304 	124	19.00
303 	 335 	198	12.00
305 	 337 	181	27.00
307 	 308 	127	20.00
307 	 339 	168	12.00
308 	 309 	271	13.00
308 	 340 	195	26.00
309 	 310 	236	19.00
310 	 311 	229	20.00
310 	 342 	263	17.00
311 	 312 	212	28.00
312 	 313 	205	18.00
313 	 314 	146	28.00
313 	 345 	255	21.00
314 	 315 	133	16.00
315 	 316 	136	16.00
317 	 318 	135	16.00
318 	 319 	129	21.00
318 	 350 	174	26.00
320 	 321 	274	13.00
321 	 322 	172	28.00
322 	 323 	253	28.00
322 	 354 	185	22.00
323 	 324 	188	24.00
324 	 325 	183	17.00
325 	 326 	259	20.00
326 	 327 	174	27.00
327 	 328 	259	14.00
327 	 359 	235	20.00
328 	 329 	262	18.00
329 	 330 	155	12.00
330 	 331 	221	15.00
330 	 362 	244	20.00
333 	 334 	259	13.00
333 	 365 	254	28.00
335 	 336 	245	15.00
336 	 337 	206	18.00
337 	 338 	261	28.00
337 	 369 	206	16.00
338 	 339 	235	15.00
338 	 370 	196	16.00
341 	 342 	148	15.00
341 	 373 	234	16.00
343 	 344 	249	19.00
344 	 345 	184	16.00
344 	 376 	210	16.00
345 	 346 	222	23.00
347 	 348 	127	20.00
347 	 379 	269	24.00
349 	 350 	261	24.00
350 	 351 	245	17.00
351 	 383 	152	28.00
352 	 353 	279	17.00
352 	 384 	155	21.00
353 	 354 	186	17.00
353 	 385 	251	18.00
354 	 355 	148	15.00
354 	 386 	207	26.00
355 	 356 	195	12.00
355 	 387 	153	13.00
356 	 357 	229	24.00
357 	 358 	233	25.00
360 	 361 	217	12.00
361 	 393 	225	23.00
363 	 364 	180	27.00
363 	 395 	140	21.00
365 	 366 	261	21.00
365 	 397 	203	21.00
366 	 367 	277	19.00
367 	 368 	280	20.00
368 	 369 	176	16.00
368 	 400 	239	12.00
370 	 371 	274	25.00
370 	 402 	203	28.00
371 	 372 	250	25.00
374 	 375 	167	28.00
375 	 376 	188	24.00
375 	 407 	169	21.00
376 	 377 	166	21.00
378 	 379 	238	22.00
379 	 380 	220	26.00
379 	 411 	131	24.00
380 	 381 	211	18.00
381 	 382 	192	20.00
383 	 415 	159	20.00
387 	 388 	131	17.00
387 	 419 	155	25.00
388 	 389 	276	27.00
389 	 390 	170	19.00
389 	 421 	167	19.00
390 	 391 	183	28.00
391 	 392 	271	13.00
392 	 393 	224	27.00
393 	 394 	158	21.00
393 	 425 	258	21.00
395 	 396 	224	15.00
395 	 427 	224	13.00
396 	 397 	257	25.00
396 	 428 	140	14.00
398 	 399 	153	24.00
398 	 430 	215	24.00
399 	 400 	267	22.00
399 	 431 	206	14.00
401 	 402 	212	20.00
402 	 403 	120	21.00
402 	 434 	192	22.00
403 	 404 	196	21.00
403 	 435 	132	26.00
404 	 405 	176	25.00
404 	 436 	168	25.00
405 	 406 	159	21.00
405 	 437 	148	20.00
407 	 408 	247	22.00
408 	 409 	202	26.00
409 	 410 	200	28.00
410 	 411 	132	14.00
410 	 442 	217	22.00
412 	 413 	221	17.00
413 	 414 	220	12.00
413 	 445 	260	20.00
414 	 415 	168	15.00
414 	 446 	179	27.00
415 	 447 	236	28.00
416 	 417 	229	19.00
416 	 448 	237	12.00
417 	 418 	156	20.00
420 	 421 	134	15.00
421 	 422 	266	22.00
422 	 423 	269	15.00
422 	 454 	274	19.00
423 	 424 	173	19.00
425 	 426 	230	14.00
429 	 430 	225	15.00
432 	 433 	132	28.00
433 	 434 	124	27.00
433 	 465 	198	13.00
435 	 467 	252	26.00
438 	 439 	146	15.00
438 	 470 	278	20.00
439 	 440 	162	17.00
440 	 441 	258	12.00
440 	 472 	193	22.00
441 	 442 	220	21.00
441 	 473 	135	17.00
442 	 443 	146	20.00
443 	 444 	127	14.00
443 	 475 	186	23.00
448 	 449 	164	23.00
449 	 450 	132	12.00
449 	 481 	155	25.00
450 	 451 	227	16.00
450 	 482 	170	14.00
451 	 452 	235	25.00
452 	 453 	195	16.00
452 	 484 	192	21.00
453 	 454 	237	13.00
455 	 456 	277	17.00
456 	 457 	259	20.00
456 	 488 	263	26.00
457 	 458 	171	12.00
458 	 459 	269	15.00
458 	 490 	224	13.00
459 	 460 	185	27.00
460 	 461 	202	14.00
460 	 492 	254	12.00
461 	 462 	251	20.00
461 	 493 	226	22.00
462 	 463 	132	24.00
462 	 494 	143	18.00
464 	 465 	171	28.00
464 	 496 	196	15.00
466 	 467 	271	16.00
466 	 498 	126	17.00
468 	 469 	245	24.00
469 	 470 	141	12.00
470 	 471 	231	19.00
470 	 502 	192	15.00
474 	 475 	180	26.00
475 	 476 	252	12.00
475 	 507 	141	22.00
477 	 478 	145	28.00
478 	 479 	280	12.00
478 	 510 	274	12.00
479 	 511 	250	28.00
480 	 481 	262	12.00
481 	 513 	184	14.00
483 	 484 	229	21.00
484 	 485 	167	27.00
486 	 487 	176	18.00
486 	 518 	166	13.00
487 	 488 	201	17.00
488 	 489 	237	16.00
490 	 491 	208	18.00
494 	 495 	277	23.00
494 	 526 	146	22.00
495 	 496 	130	12.00
496 	 497 	201	27.00
499 	 500 	271	26.00
500 	 501 	205	24.00
500 	 532 	126	12.00
502 	 503 	185	21.00
503 	 504 	224	27.00
503 	 535 	202	28.00
504 	 505 	256	18.00
505 	 506 	233	17.00
508 	 509 	177	28.00
509 	 510 	193	17.00
509 	 541 	249	28.00
512 	 513 	147	15.00
512 	 544 	232	27.00
513 	 514 	133	25.00
513 	 545 	136	28.00
514 	 515 	251	22.00
515 	 516 	169	25.00
515 	 547 	244	20.00
516 	 517 	204	18.00
516 	 548 	260	28.00
518 	 519 	256	16.00
518 	 550 	255	27.00
519 	 520 	142	14.00
521 	 522 	171	27.00
522 	 523 	123	25.00
523 	 524 	154	24.00
523 	 555 	252	12.00
524 	 525 	215	15.00
524 	 556 	144	18.00
525 	 526 	179	27.00
526 	 527 	243	20.00
527 	 528 	252	18.00
528 	 529 	159	26.00
530 	 531 	125	20.00
530 	 562 	214	13.00
531 	 532 	168	28.00
531 	 563 	260	13.00
532 	 533 	246	18.00
532 	 564 	202	24.00
533 	 534 	168	14.00
534 	 535 	275	16.00
535 	 536 	122	12.00
537 	 538 	165	27.00
537 	 569 	172	19.00
538 	 539 	149	19.00
538 	 570 	191	26.00
540 	 541 	198	15.00
540 	 572 	238	14.00
541 	 542 	245	17.00
541 	 573 	221	25.00
542 	 543 	254	24.00
542 	 574 	151	13.00
546 	 547 	140	24.00
549 	 550 	182	19.00
550 	 551 	131	28.00
551 	 552 	155	26.00
551 	 583 	205	16.00
552 	 553 	140	15.00
553 	 554 	257	18.00
556 	 557 	190	23.00
556 	 588 	233	22.00
557 	 558 	269	12.00
558 	 559 	234	14.00
558 	 590 	191	22.00
559 	 560 	201	12.00
560 	 561 	250	15.00
565 	 566 	147	23.00
565 	 597 	246	19.00
566 	 567 	268	25.00
567 	 568 	239	13.00
568 	 569 	192	26.00
568 	 600 	169	15.00
571 	 572 	264	17.00
571 	 603 	239	22.00
572 	 604 	278	26.00
575 	 607 	205	22.00
576 	 577 	269	16.00
576 	 608 	130	17.00
578 	 579 	185	21.00
578 	 610 	225	16.00
579 	 580 	230	21.00
580 	 581 	241	20.00
580 	 612 	144	14.00
581 	 582 	274	15.00
582 	 614 	269	24.00
584 	 585 	269	22.00
585 	 586 	221	22.00
586 	 587 	201	17.00
587 	 588 	197	15.00
588 	 589 	235	13.00
588 	 620 	128	24.00
590 	 591 	274	21.00
591 	 592 	259	21.00
593 	 594 	253	23.00
593 	 625 	191	23.00
594 	 595 	128	22.00
594 	 626 	248	27.00
595 	 596 	230	14.00
596 	 597 	260	23.00
598 	 599 	159	16.00
598 	 630 	280	24.00
600 	 601 	186	16.00
601 	 602 	123	12.00
601 	 633 	270	21.00
604 	 605 	243	28.00
604 	 636 	262	28.00
605 	 606 	172	15.00
605 	 637 	133	14.00
606 	 607 	270	14.00
608 	 609 	210	21.00
608 	 640 	262	27.00
611 	 612 	138	18.00
613 	 614 	159	19.00
614 	 615 	161	27.00
614 	 646 	278	21.00
616 	 617 	158	21.00
616 	 648 	160	17.00
618 	 619 	179	15.00
618 	 650 	163	24.00
619 	 620 	160	28.00
620 	 621 	248	24.00
621 	 622 	184	16.00
621 	 653 	142	21.00
622 	 623 	180	27.00
623 	 624 	226	26.00
623 	 655 	142	15.00
626 	 627 	203	18.00
626 	 658 	226	26.00
627 	 628 	207	17.00
628 	 629 	194	12.00
630 	 631 	144	27.00
630 	 662 	170	12.00
631 	 632 	244	18.00
634 	 635 	274	27.00
634 	 666 	190	12.00
635 	 636 	169	22.00
637 	 638 	227	27.00
637 	 669 	267	24.00
638 	 639 	135	17.00
640 	 641 	199	17.00
641 	 642 	124	25.00
642 	 643 	156	28.00
643 	 644 	266	27.00
644 	 645 	187	18.00
644 	 676 	256	14.00
646 	 647 	156	16.00
646 	 678 	223	24.00
647 	 648 	229	12.00
648 	 649 	203	24.00
648 	 680 	183	15.00
649 	 650 	124	19.00
649 	 681 	227	19.00
650 	 651 	203	19.00
650 	 682 	125	24.00
652 	 653 	258	23.00
652 	 684 	232	21.00
654 	 655 	219	12.00
654 	 686 	133	12.00
655 	 656 	187	27.00
657 	 658 	258	22.00
657 	 689 	266	19.00
658 	 659 	180	14.00
658 	 690 	154	17.00
659 	 660 	238	15.00
659 	 691 	130	28.00
660 	 661 	177	13.00
660 	 692 	247	25.00
662 	 663 	250	28.00
662 	 694 	276	21.00
663 	 664 	165	12.00
665 	 666 	127	12.00
666 	 667 	239	15.00
668 	 669 	205	20.00
668 	 700 	216	27.00
669 	 670 	222	21.00
669 	 701 	142	14.00
670 	 671 	124	19.00
672 	 673 	193	26.00
672 	 704 	259	23.00
673 	 674 	277	28.00
674 	 675 	240	24.00
675 	 676 	176	27.00
676 	 677 	256	17.00
677 	 709 	209	20.00
679 	 711 	211	27.00
683 	 715 	230	24.00
685 	 686 	131	15.00
685 	 717 	120	15.00
686 	 687 	234	26.00
687 	 688 	166	21.00
687 	 719 	188	15.00
688 	 689 	133	20.00
688 	 720 	123	18.00
689 	 721 	160	22.00
693 	 694 	185	24.00
694 	 695 	148	25.00
695 	 696 	218	16.00
695 	 727 	246	23.00
696 	 697 	197	24.00
697 	 698 	217	17.00
698 	 699 	239	28.00
701 	 702 	184	24.00
702 	 703 	182	23.00
703 	 735 	186	15.00
704 	 705 	229	23.00
705 	 706 	126	21.00
705 	 737 	260	17.00
707 	 708 	223	28.00
708 	 709 	250	24.00
709 	 710 	146	12.00
710 	 711 	156	26.00
711 	 712 	120	12.00
711 	 743 	204	24.00
712 	 713 	182	23.00
713 	 714 	187	26.00
715 	 716 	158	18.00
716 	 717 	246	21.00
716 	 748 	222	27.00
718 	 719 	236	12.00
720 	 752 	139	20.00
722 	 723 	276	14.00
723 	 724 	134	23.00
724 	 725 	162	21.00
725 	 726 	236	17.00
725 	 757 	135	13.00
727 	 728 	206	20.00
728 	 729 	136	26.00
728 	 760 	237	21.00
729 	 730 	232	19.00
730 	 731 	138	17.00
731 	 732 	277	26.00
731 	 763 	172	14.00
733 	 734 	244	13.00
733 	 765 	246	22.00
735 	 767 	238	26.00
736 	 737 	165	16.00
736 	 768 	252	14.00
737 	 738 	171	13.00
738 	 739 	139	17.00
740 	 741 	162	22.00
741 	 742 	205	23.00
742 	 743 	206	26.00
742 	 774 	136	13.00
743 	 744 	220	13.00
743 	 775 	188	27.00
744 	 745 	205	24.00
746 	 747 	260	18.00
747 	 748 	191	26.00
747 	 779 	148	19.00
749 	 750 	242	20.00
749 	 781 	189	15.00
750 	 751 	254	13.00
751 	 752 	211	16.00
751 	 783 	150	12.00
752 	 753 	184	27.00
752 	 784 	225	16.00
753 	 754 	151	22.00
755 	 756 	194	14.00
755 	 787 	130	22.00
757 	 758 	224	27.00
757 	 789 	270	17.00
758 	 759 	136	28.00
759 	 760 	156	26.00
761 	 762 	158	24.00
761 	 793 	124	21.00
764 	 765 	221	12.00
765 	 766 	231	21.00
766 	 767 	140	24.00
766 	 798 	195	26.00
767 	 799 	270	28.00
768 	 769 	197	12.00
770 	 771 	216	17.00
771 	 772 	217	16.00
771 	 803 	208	27.00
773 	 774 	244	13.00
775 	 776 	139	26.00
775 	 807 	152	13.00
776 	 777 	199	28.00
776 	 808 	141	23.00
777 	 778 	145	22.00
777 	 809 	204	15.00
778 	 779 	276	16.00
778 	 810 	211	28.00
780 	 781 	193	17.00
782 	 783 	223	23.00
782 	 814 	246	13.00
784 	 785 	211	14.00
784 	 816 	250	13.00
785 	 786 	161	16.00
786 	 787 	122	21.00
787 	 788 	163	19.00
788 	 789 	139	23.00
789 	 790 	159	13.00
790 	 791 	279	25.00
791 	 792 	240	24.00
792 	 793 	142	15.00
793 	 794 	265	24.00
794 	 795 	223	17.00
796 	 797 	259	12.00
797 	 798 	125	27.00
797 	 829 	250	20.00
800 	 801 	125	17.00
801 	 802 	121	16.00
802 	 803 	164	21.00
803 	 804 	227	21.00
803 	 835 	127	18.00
804 	 805 	173	14.00
806 	 807 	256	15.00
806 	 838 	216	27.00
811 	 812 	178	19.00
811 	 843 	234	19.00
812 	 813 	202	27.00
812 	 844 	186	12.00
814 	 815 	200	26.00
814 	 846 	142	18.00
816 	 817 	224	22.00
816 	 848 	155	18.00
817 	 818 	258	28.00
818 	 819 	142	12.00
820 	 821 	247	24.00
820 	 852 	207	17.00
821 	 822 	182	18.00
822 	 823 	201	13.00
823 	 824 	248	22.00
823 	 855 	214	14.00
824 	 825 	222	16.00
825 	 826 	249	18.00
827 	 828 	224	18.00
828 	 829 	211	22.00
828 	 860 	264	24.00
829 	 830 	185	16.00
829 	 861 	277	16.00
830 	 831 	169	17.00
830 	 862 	165	12.00
832 	 833 	140	12.00
832 	 864 	201	15.00
833 	 834 	204	16.00
833 	 865 	189	13.00
834 	 835 	179	13.00
835 	 836 	191	19.00
836 	 837 	189	21.00
836 	 868 	267	27.00
837 	 838 	146	27.00
837 	 869 	161	18.00
838 	 839 	122	17.00
839 	 840 	202	17.00
841 	 842 	180	27.00
842 	 843 	150	24.00
842 	 874 	241	19.00
845 	 877 	213	25.00
847 	 848 	269	22.00
848 	 849 	272	12.00
848 	 880 	189	15.00
849 	 850 	207	25.00
850 	 851 	203	21.00
850 	 882 	250	27.00
851 	 852 	143	14.00
852 	 853 	187	20.00
853 	 854 	228	13.00
853 	 885 	203	20.00
855 	 856 	169	17.00
856 	 857 	122	22.00
856 	 888 	207	20.00
857 	 858 	165	27.00
857 	 889 	229	22.00
858 	 859 	177	20.00
862 	 863 	257	18.00
862 	 894 	123	16.00
863 	 895 	265	20.00
866 	 867 	236	20.00
866 	 898 	197	14.00
869 	 870 	277	14.00
869 	 901 	243	19.00
870 	 871 	147	18.00
872 	 873 	217	27.00
872 	 904 	182	15.00
874 	 875 	149	18.00
875 	 876 	192	12.00
876 	 877 	160	27.00
876 	 908 	161	25.00
877 	 878 	128	17.00
878 	 879 	252	14.00
878 	 910 	178	22.00
879 	 880 	267	15.00
879 	 911 	146	20.00
881 	 882 	220	24.00
882 	 883 	259	12.00
884 	 885 	254	27.00
884 	 916 	235	24.00
885 	 886 	153	24.00
887 	 888 	195	12.00
888 	 920 	274	14.00
890 	 891 	188	12.00
890 	 922 	157	15.00
891 	 892 	240	24.00
891 	 923 	210	13.00
893 	 894 	167	24.00
893 	 925 	256	12.00
896 	 897 	120	26.00
897 	 898 	204	20.00
898 	 899 	168	21.00
898 	 930 	274	19.00
899 	 900 	194	25.00
901 	 902 	261	17.00
901 	 933 	147	28.00
903 	 904 	228	27.00
904 	 905 	280	27.00
904 	 936 	158	26.00
905 	 906 	239	14.00
905 	 937 	266	24.00
907 	 908 	223	20.00
908 	 909 	155	28.00
911 	 912 	167	23.00
912 	 913 	264	26.00
913 	 914 	277	13.00
914 	 915 	268	19.00
914 	 946 	260	13.00
917 	 918 	212	16.00
918 	 919 	273	18.00
919 	 920 	280	19.00
919 	 951 	269	13.00
920 	 921 	185	20.00
921 	 922 	270	21.00
924 	 925 	148	19.00
924 	 956 	142	13.00
925 	 926 	250	13.00
926 	 927 	267	20.00
926 	 958 	176	27.00
928 	 929 	256	26.00
929 	 930 	204	18.00
929 	 961 	185	22.00
930 	 931 	180	23.00
930 	 962 	261	18.00
932 	 933 	212	28.00
932 	 964 	180	22.00
934 	 935 	223	18.00
934 	 966 	121	19.00
937 	 938 	199	18.00
937 	 969 	207	14.00
938 	 939 	151	17.00
938 	 970 	143	23.00
939 	 940 	155	27.00
941 	 942 	228	25.00
942 	 943 	156	22.00
942 	 974 	226	19.00
943 	 944 	234	24.00
944 	 945 	162	20.00
944 	 976 	156	18.00
945 	 946 	214	16.00
946 	 947 	234	22.00
947 	 948 	137	22.00
948 	 949 	175	14.00
948 	 980 	232	19.00
949 	 950 	210	25.00
949 	 981 	203	15.00
952 	 953 	239	23.00
952 	 984 	243	22.00
953 	 954 	249	19.00
954 	 955 	169	13.00
954 	 986 	134	17.00
955 	 956 	251	13.00
957 	 958 	262	17.00
957 	 989 	164	22.00
958 	 959 	193	16.00
960 	 961 	236	16.00
962 	 963 	259	23.00
962 	 994 	273	25.00
963 	 964 	206	25.00
963 	 995 	249	15.00
964 	 965 	272	14.00
965 	 966 	126	15.00
965 	 997 	191	27.00
966 	 967 	142	28.00
967 	 968 	249	18.00
968 	 969 	123	16.00
968 	 1000 	193	12.00
969 	 1001 	137	13.00
971 	 972 	218	25.00
972 	 973 	150	18.00
972 	 1004 	211	19.00
973 	 974 	171	22.00
974 	 975 	198	24.00
974 	 1006 	221	12.00
977 	 978 	239	17.00
977 	 1009 	209	28.00
978 	 979 	183	13.00
981 	 982 	256	15.00
981 	 1013 	177	16.00
982 	 983 	120	24.00
982 	 1014 	234	22.00
983 	 984 	137	28.00
983 	 1015 	274	16.00
985 	 986 	275	23.00
985 	 1017 	184	15.00
986 	 987 	147	22.00
988 	 989 	207	22.00
988 	 1020 	213	24.00
989 	 990 	149	21.00
990 	 991 	199	25.00
991 	 1023 	273	23.00
992 	 993 	160	19.00
993 	 994 	192	19.00
995 	 996 	187	16.00
997 	 998 	178	16.00
999 	 1000 	132	25.00
1002 	 1003 	248	25.00
1003 	 1004 	249	20.00
1005 	 1006 	142	18.00
1006 	 1007 	120	18.00
1007 	 1008 	174	15.00
1008 	 1009 	176	22.00
1009 	 1010 	261	15.00
1010 	 1011 	197	17.00
1011 	 1012 	217	27.00
1015 	 1016 	205	21.00
1018 	 1019 	198	25.00
1019 	 1020 	233	26.00
1020 	 1021 	179	20.00
1022 	 1023 	241	22.00
