1024 	 1023 	 20 	 0.30 
 
-12	5	0
111	21	0
202	38	0
277	-13	0
402	-6	0
510	-40	0
594	3	0
737	-2	6
778	-32	6
874	-11	6
988	21	6
1110	5	6
1175	-14	6
1326	12	6
1439	-33	6
1474	-3	5
1633	3	5
1699	17	5
1804	-36	5
1881	-25	5
2020	35	5
2107	-3	5
2223	3	5
2276	14	3
2382	25	3
2502	-41	3
2627	-3	3
2701	31	3
2841	6	3
2911	-3	3
3028	-26	3
3061	2	3
10	94	0
91	69	0
203	97	0
276	99	0
387	77	0
496	97	0
615	83	0
683	83	0
774	135	0
879	106	6
989	95	6
1112	83	6
1173	120	6
1260	71	6
1421	129	5
1490	65	5
1596	87	5
1704	62	5
1787	138	5
1867	120	5
2025	98	5
2111	111	5
2248	68	3
2300	54	3
2439	105	3
2499	109	3
2578	104	3
2689	114	3
2784	77	3
2898	96	3
3015	123	3
3131	122	3
-22	216	0
85	215	0
192	222	0
309	205	0
423	195	0
488	178	0
599	181	0
727	175	0
777	227	0
892	189	0
1043	203	6
1125	159	6
1204	201	6
1296	238	6
1385	161	6
1494	193	5
1590	192	5
1722	182	5
1760	215	5
1878	191	5
2021	225	5
2075	195	5
2229	200	3
2253	201	3
2354	195	3
2536	214	3
2588	167	3
2719	169	3
2797	194	3
2911	203	3
2979	234	3
3085	178	3
-43	274	0
87	316	0
220	313	0
320	298	0
401	330	0
504	325	0
603	255	0
724	293	0
797	296	0
948	321	6
955	321	6
1080	293	6
1183	266	6
1266	259	6
1422	291	5
1506	321	5
1595	279	5
1722	336	5
1810	259	5
1856	314	5
1961	296	5
2100	311	5
2239	309	3
2299	270	3
2389	278	3
2496	323	3
2605	266	3
2719	311	3
2814	327	3
2915	267	3
3047	289	3
3098	287	3
35	413	0
80	377	0
208	387	0
301	393	0
400	388	0
529	383	0
612	368	0
718	405	0
760	372	0
909	393	6
995	412	6
1094	400	6
1205	409	6
1315	399	5
1407	414	5
1498	407	5
1570	385	5
1663	412	5
1795	392	5
1915	368	5
2012	401	5
2120	380	5
2204	408	5
2329	383	3
2396	429	3
2498	383	3
2565	429	3
2684	408	3
2818	427	3
2883	426	3
3007	390	3
3073	389	3
-34	470	0
126	480	0
161	467	0
280	540	0
368	494	0
463	491	0
590	492	0
702	477	0
823	528	6
911	513	6
1020	502	6
1077	516	6
1216	492	6
1308	454	5
1390	488	6
1532	519	5
1572	469	5
1674	478	5
1789	524	5
1902	497	5
1971	524	5
2105	496	5
2179	530	5
2296	503	18
2416	513	3
2497	498	3
2591	494	3
2705	490	3
2827	518	3
2940	496	3
2974	505	3
3110	486	3
21	581	0
94	612	0
206	613	0
271	613	0
435	611	0
493	641	0
567	567	0
740	602	6
815	611	6
894	613	6
966	597	6
1102	617	6
1197	577	6
1301	570	6
1422	608	6
1482	610	6
1600	622	5
1704	594	5
1779	568	5
1898	561	5
1995	615	5
2068	567	5
2246	581	5
2307	604	18
2407	587	3
2512	650	19
2604	642	3
2677	566	3
2801	631	3
2891	607	3
3000	602	3
3093	599	3
-9	709	11
104	722	0
202	668	0
329	716	0
442	734	0
511	670	0
592	714	0
741	714	6
835	704	6
913	694	6
1003	708	6
1116	687	6
1220	727	6
1300	711	6
1359	699	6
1507	723	6
1609	707	6
1729	672	5
1821	712	5
1893	722	5
2010	672	5
2099	696	5
2199	729	18
2330	668	18
2385	705	3
2467	708	3
2635	699	3
2701	700	3
2791	709	8
2905	740	8
3037	695	8
3099	711	8
-33	815	11
90	796	11
192	777	0
318	776	0
378	810	0
505	804	11
604	800	11
707	788	11
799	797	6
912	826	6
1018	801	6
1110	800	6
1224	797	6
1317	780	6
1414	790	6
1475	772	6
1607	802	13
1706	827	13
1812	831	5
1929	816	5
2045	812	5
2120	807	18
2209	819	18
2320	818	8
2412	840	8
2507	837	8
2579	844	3
2694	816	3
2799	780	8
2886	777	8
3005	805	8
3111	795	8
21	915	11
83	907	11
203	919	11
289	908	0
411	943	11
533	912	11
577	921	11
705	890	11
827	882	6
920	895	6
985	862	6
1144	890	6
1192	916	6
1307	887	6
1422	918	13
1545	896	13
1578	869	13
1697	912	13
1826	872	5
1900	897	5
1998	906	13
2081	870	13
2225	900	18
2321	914	8
2394	874	8
2515	912	8
2639	904	8
2723	904	3
2771	911	8
2902	922	8
3023	877	8
3124	863	8
-11	1011	11
59	1007	11
176	1042	11
302	1022	11
415	984	11
491	978	11
608	998	11
679	965	11
793	1004	11
889	998	11
962	981	11
1081	1017	6
1218	1003	13
1284	990	13
1386	1019	13
1503	982	13
1632	1018	13
1693	1020	13
1806	1019	13
1896	967	13
1982	984	13
2123	996	18
2195	964	18
2271	983	18
2423	1004	8
2493	1019	8
2628	974	8
2695	1007	8
2816	991	8
2871	1030	8
3026	988	8
3074	992	8
-22	1096	11
72	1123	11
193	1063	11
287	1084	11
407	1107	11
491	1129	11
627	1147	11
667	1086	11
837	1084	11
943	1095	11
976	1107	11
1137	1112	13
1187	1104	13
1295	1079	13
1394	1147	13
1495	1085	13
1585	1072	13
1739	1129	13
1811	1119	13
1855	1093	13
1973	1078	13
2139	1108	13
2235	1075	8
2306	1091	8
2410	1083	8
2494	1117	8
2622	1138	8
2712	1123	8
2798	1102	8
2900	1062	8
3010	1110	8
3095	1095	8
8	1214	11
114	1202	11
209	1224	11
304	1191	11
366	1182	11
483	1178	11
600	1223	11
694	1168	11
773	1207	11
929	1234	11
1030	1192	11
1094	1201	12
1190	1171	13
1260	1168	13
1400	1226	13
1487	1230	13
1563	1204	13
1699	1207	13
1786	1201	13
1915	1178	13
2031	1193	13
2122	1223	16
2229	1242	8
2274	1190	8
2439	1187	8
2510	1210	8
2596	1181	8
2657	1163	8
2778	1240	8
2893	1199	8
3015	1192	8
3107	1176	8
-7	1336	11
106	1329	11
203	1305	11
286	1301	11
414	1333	11
481	1276	11
635	1276	11
677	1263	11
835	1273	11
895	1300	14
975	1278	14
1078	1327	12
1212	1304	12
1273	1264	13
1423	1295	13
1494	1285	13
1590	1290	13
1712	1292	13
1771	1321	13
1909	1286	13
2030	1292	13
2097	1320	16
2217	1295	16
2323	1321	8
2396	1336	8
2530	1329	8
2622	1289	8
2725	1290	8
2826	1298	8
2924	1292	8
3020	1316	8
3098	1309	8
-3	1409	11
91	1436	11
161	1400	11
317	1383	11
432	1410	11
526	1417	11
600	1407	11
692	1393	11
829	1435	12
946	1411	12
969	1387	12
1119	1379	12
1167	1419	12
1295	1409	12
1419	1384	13
1489	1396	13
1606	1392	13
1687	1413	13
1809	1382	13
1917	1403	13
1980	1434	13
2117	1383	13
2246	1427	15
2343	1414	15
2389	1422	15
2473	1393	17
2597	1370	8
2708	1394	8
2792	1412	8
2915	1444	8
3015	1397	8
3092	1365	8
40	1501	11
134	1487	11
208	1500	10
295	1469	10
429	1507	10
499	1494	10
606	1507	11
720	1494	12
804	1479	12
883	1504	12
1000	1466	12
1100	1511	12
1176	1528	12
1305	1503	12
1406	1491	12
1520	1472	13
1622	1479	13
1732	1475	13
1771	1496	13
1897	1457	13
2042	1508	15
2101	1532	13
2240	1492	15
2284	1526	15
2428	1487	15
2502	1468	17
2576	1524	8
2678	1496	9
2843	1528	8
2897	1538	8
3000	1536	8
3125	1540	8
41	1599	10
81	1601	10
249	1603	10
317	1602	10
424	1588	10
530	1624	10
618	1634	10
704	1576	12
790	1634	12
914	1620	12
986	1590	12
1069	1597	12
1196	1568	12
1284	1566	12
1404	1631	12
1487	1620	12
1568	1590	12
1703	1595	13
1763	1602	13
1922	1579	13
1976	1608	15
2120	1596	15
2205	1566	15
2305	1584	15
2436	1614	9
2497	1604	9
2583	1603	9
2703	1619	9
2770	1625	8
2898	1614	8
2986	1586	9
3094	1606	9
-28	1697	10
80	1691	10
186	1682	10
331	1687	10
433	1737	10
501	1688	10
605	1701	10
681	1709	10
792	1684	12
862	1691	12
986	1678	12
1107	1685	12
1233	1660	12
1322	1707	12
1392	1707	12
1499	1688	12
1585	1655	12
1731	1679	13
1806	1733	15
1891	1701	13
2019	1700	15
2118	1715	15
2200	1683	15
2283	1737	9
2410	1717	9
2504	1723	9
2613	1706	9
2692	1737	9
2770	1743	9
2919	1692	9
2983	1690	9
3071	1708	9
-2	1782	10
83	1766	10
209	1796	10
302	1762	10
384	1830	10
497	1823	10
588	1819	10
690	1846	10
791	1836	10
905	1774	12
978	1830	12
1123	1758	12
1180	1773	12
1254	1798	12
1382	1809	12
1545	1831	12
1556	1817	12
1660	1791	13
1837	1818	15
1910	1769	15
2032	1815	15
2095	1829	15
2191	1834	15
2264	1843	9
2425	1808	9
2475	1839	9
2573	1824	9
2737	1798	9
2814	1818	9
2918	1797	9
3033	1822	9
3120	1814	9
36	1916	10
84	1860	10
161	1940	10
320	1905	10
399	1898	10
535	1930	10
644	1897	10
732	1878	10
791	1899	10
923	1893	12
968	1911	12
1061	1910	12
1200	1920	12
1318	1908	12
1389	1922	12
1534	1913	12
1626	1937	15
1731	1909	15
1791	1869	15
1921	1864	15
2019	1928	15
2065	1918	15
2206	1900	9
2322	1891	9
2382	1916	9
2517	1922	9
2593	1933	9
2680	1916	9
2796	1915	9
2876	1877	9
3042	1914	9
3117	1910	9
15	2009	10
86	2026	10
197	2018	10
348	2009	10
411	2005	10
482	1981	10
618	2031	10
734	1992	10
779	1982	10
887	1989	12
1004	2017	12
1064	2027	12
1208	1988	12
1291	1971	12
1389	2009	12
1473	2003	12
1566	2019	15
1721	2014	15
1795	2000	15
1926	1985	15
1987	1991	15
2118	2005	15
2204	2008	9
2321	1971	9
2367	2006	9
2539	1997	9
2601	1991	9
2692	2018	9
2845	1983	9
2899	1991	9
2973	1999	9
3110	2032	9
-15	2093	10
140	2121	10
160	2114	10
315	2099	10
412	2084	10
539	2083	10
614	2105	10
702	2100	10
808	2111	12
901	2121	12
1013	2104	12
1079	2067	12
1199	2088	12
1314	2102	12
1364	2071	12
1487	2091	15
1609	2057	15
1710	2088	15
1838	2118	15
1902	2091	15
1993	2103	15
2130	2094	15
2167	2064	15
2316	2110	9
2377	2059	9
2503	2079	9
2598	2090	9
2699	2074	9
2813	2100	9
2866	2104	9
2977	2120	9
3095	2097	9
-10	2199	10
113	2218	10
160	2174	10
274	2224	10
422	2184	10
469	2189	10
594	2192	10
675	2189	10
816	2161	10
913	2210	7
1010	2198	7
1094	2188	7
1193	2173	7
1274	2197	7
1377	2211	15
1516	2164	15
1569	2184	15
1650	2203	15
1772	2211	15
1901	2187	15
2024	2190	15
2131	2179	15
2201	2178	15
2284	2191	15
2408	2218	9
2492	2203	9
2589	2179	9
2686	2187	9
2809	2204	2
2927	2167	9
3027	2174	9
3077	2197	9
-20	2274	10
118	2335	10
221	2288	1
303	2280	1
409	2348	1
516	2317	1
607	2300	10
708	2320	7
846	2286	7
884	2328	7
998	2288	7
1111	2321	7
1196	2296	7
1328	2300	7
1418	2269	15
1516	2260	15
1621	2308	4
1727	2282	15
1788	2291	4
1911	2262	15
2003	2275	4
2051	2296	4
2201	2284	15
2262	2302	15
2425	2308	15
2484	2278	9
2594	2313	9
2731	2285	2
2800	2260	2
2873	2297	2
2991	2309	9
3108	2300	9
-24	2395	1
102	2414	1
205	2359	1
305	2423	1
413	2356	1
465	2434	1
572	2402	1
735	2376	7
785	2403	7
898	2404	7
979	2419	7
1122	2400	7
1191	2387	7
1294	2358	7
1382	2407	7
1476	2400	7
1628	2382	4
1705	2396	4
1789	2364	4
1891	2441	4
1972	2392	4
2089	2409	4
2180	2425	15
2301	2383	15
2436	2394	15
2476	2397	15
2604	2383	2
2709	2422	2
2810	2402	2
2904	2405	2
3004	2392	2
3115	2371	9
0	2538	1
101	2463	1
203	2466	1
272	2518	1
414	2491	1
499	2490	1
595	2531	1
744	2485	7
830	2469	7
901	2494	7
991	2505	7
1129	2488	7
1197	2464	7
1302	2453	7
1374	2514	7
1496	2509	7
1637	2478	4
1731	2502	4
1814	2534	4
1929	2474	4
1990	2502	4
2119	2469	4
2173	2481	4
2302	2531	15
2415	2517	2
2482	2504	2
2646	2518	2
2656	2510	2
2794	2486	2
2902	2541	2
3003	2489	2
3128	2512	2
7	2604	1
65	2611	1
203	2609	1
270	2578	1
418	2613	1
502	2616	1
596	2561	1
697	2624	1
829	2604	7
895	2603	7
1017	2605	7
1118	2616	7
1179	2593	7
1254	2601	7
1394	2614	7
1546	2603	4
1572	2605	4
1690	2615	4
1767	2559	4
1932	2611	4
2022	2615	4
2093	2625	4
2215	2606	4
2325	2566	15
2386	2615	15
2478	2592	15
2612	2626	2
2662	2574	2
2818	2590	2
2911	2587	2
3003	2603	2
3133	2594	2
-4	2722	1
85	2694	1
239	2715	1
310	2670	1
422	2679	1
469	2671	1
603	2661	1
738	2700	1
838	2690	1
934	2678	7
1013	2672	7
1073	2727	7
1171	2685	7
1283	2718	7
1414	2708	7
1508	2669	4
1583	2731	4
1700	2682	4
1782	2695	4
1924	2702	4
2000	2683	4
2113	2703	4
2225	2678	2
2262	2704	2
2406	2691	2
2517	2669	2
2554	2705	2
2673	2671	2
2782	2692	2
2876	2708	2
3021	2712	2
3063	2696	2
-15	2791	1
104	2756	1
194	2842	1
292	2768	1
427	2787	1
498	2793	1
562	2778	1
684	2836	1
788	2809	1
906	2784	7
1005	2804	7
1118	2809	7
1192	2800	7
1280	2806	7
1399	2818	4
1484	2775	4
1631	2844	4
1744	2768	4
1777	2784	4
1884	2790	4
2014	2807	4
2091	2805	4
2205	2803	2
2295	2785	2
2410	2837	2
2514	2831	2
2612	2774	2
2652	2791	2
2814	2811	2
2893	2775	2
3031	2801	2
3098	2767	2
28	2905	1
102	2904	1
201	2914	1
300	2909	1
425	2926	1
491	2890	1
611	2927	1
702	2866	1
792	2922	7
931	2892	7
1019	2897	7
1097	2873	7
1210	2935	7
1304	2868	7
1437	2901	4
1499	2907	4
1587	2887	4
1706	2900	4
1828	2875	4
1896	2888	4
1985	2872	4
2095	2906	4
2193	2914	4
2315	2889	2
2388	2892	2
2505	2866	2
2598	2901	2
2726	2931	2
2807	2860	2
2901	2907	2
2995	2895	2
3131	2916	2
25	2981	1
61	3008	1
192	3010	1
349	2966	1
391	2998	1
465	3006	1
600	2955	1
708	3043	1
784	2967	7
887	2971	7
1017	2998	7
1132	2990	7
1181	3000	7
1279	3007	7
1365	2980	4
1457	2982	4
1593	3034	4
1710	3015	4
1812	3039	4
1925	2979	4
2002	3013	4
2100	2984	4
2180	2997	4
2299	2960	2
2438	3018	2
2487	3030	2
2597	3032	2
2680	3012	2
2786	2978	2
2855	2994	2
3015	2998	2
3083	3031	2
4	3107	1
121	3058	1
216	3083	1
286	3139	1
424	3101	1
514	3091	1
585	3067	1
683	3100	1
810	3081	7
924	3115	7
978	3078	7
1104	3100	7
1160	3083	7
1289	3127	7
1389	3075	4
1512	3089	4
1612	3094	4
1708	3088	4
1804	3053	4
1899	3074	4
1994	3131	4
2114	3081	4
2182	3139	4
2268	3053	4
2385	3115	2
2527	3090	2
2563	3116	2
2737	3147	2
2770	3084	2
2894	3126	2
3002	3117	2
3109	3104	2

0 	 1 	185	21.00
1 	 2 	222	12.00
2 	 3 	216	24.00
2 	 34 	221	14.00
3 	 4 	206	16.00
4 	 5 	238	22.00
4 	 36 	194	15.00
5 	 6 	191	24.00
6 	 7 	204	23.00
7 	 8 	208	14.00
8 	 9 	231	20.00
9 	 10 	211	16.00
9 	 41 	187	15.00
10 	 11 	233	12.00
12 	 13 	192	24.00
12 	 44 	171	14.00
13 	 14 	224	24.00
15 	 16 	191	17.00
15 	 47 	184	26.00
16 	 17 	186	20.00
17 	 18 	211	20.00
18 	 19 	219	26.00
19 	 20 	191	12.00
20 	 21 	173	25.00
21 	 22 	179	14.00
23 	 24 	214	24.00
23 	 55 	183	27.00
24 	 25 	227	23.00
25 	 26 	204	18.00
27 	 28 	172	26.00
27 	 59 	161	19.00
28 	 29 	212	16.00
29 	 30 	178	17.00
29 	 61 	232	21.00
30 	 31 	210	18.00
31 	 63 	169	19.00
32 	 33 	233	17.00
32 	 64 	197	22.00
33 	 34 	239	28.00
35 	 36 	167	16.00
36 	 37 	168	19.00
36 	 68 	178	19.00
38 	 39 	230	27.00
38 	 70 	162	15.00
39 	 40 	219	13.00
40 	 41 	212	24.00
40 	 72 	196	22.00
41 	 42 	174	22.00
42 	 43 	179	18.00
42 	 74 	190	15.00
43 	 44 	196	21.00
44 	 45 	207	14.00
45 	 46 	216	14.00
47 	 48 	225	17.00
48 	 49 	240	23.00
48 	 80 	193	16.00
49 	 50 	192	13.00
50 	 51 	220	22.00
50 	 82 	213	13.00
51 	 52 	206	15.00
52 	 53 	164	19.00
52 	 84 	231	12.00
53 	 54 	184	22.00
54 	 55 	178	14.00
54 	 86 	164	20.00
55 	 56 	219	27.00
56 	 57 	216	21.00
57 	 58 	162	15.00
58 	 59 	236	28.00
60 	 61 	166	15.00
61 	 62 	196	14.00
61 	 93 	233	24.00
64 	 65 	234	27.00
64 	 96 	166	18.00
65 	 66 	199	28.00
65 	 97 	210	13.00
66 	 67 	189	17.00
66 	 98 	189	24.00
69 	 70 	211	26.00
69 	 101 	161	18.00
70 	 71 	227	15.00
72 	 73 	182	28.00
72 	 104 	174	17.00
75 	 76 	184	15.00
76 	 77 	206	17.00
77 	 78 	178	15.00
78 	 79 	191	28.00
79 	 80 	183	19.00
79 	 111 	220	26.00
80 	 81 	215	16.00
82 	 83 	169	27.00
85 	 86 	168	25.00
85 	 117 	191	15.00
86 	 87 	203	26.00
87 	 88 	199	25.00
89 	 90 	185	12.00
89 	 121 	205	14.00
90 	 91 	168	23.00
91 	 92 	169	17.00
93 	 94 	227	18.00
93 	 125 	212	24.00
95 	 127 	160	17.00
98 	 99 	206	16.00
100 	 101 	174	18.00
101 	 102 	216	16.00
101 	 133 	226	24.00
103 	 104 	232	13.00
104 	 105 	218	22.00
104 	 136 	174	25.00
105 	 106 	214	15.00
106 	 107 	229	13.00
106 	 138 	191	19.00
107 	 108 	212	21.00
109 	 110 	215	25.00
110 	 111 	229	26.00
111 	 112 	209	22.00
111 	 143 	186	18.00
113 	 114 	175	18.00
114 	 115 	176	25.00
115 	 116 	236	22.00
116 	 117 	216	16.00
117 	 118 	228	22.00
118 	 119 	161	18.00
118 	 150 	182	25.00
119 	 120 	170	25.00
120 	 121 	189	13.00
120 	 152 	203	15.00
121 	 122 	183	26.00
121 	 153 	230	16.00
122 	 123 	169	12.00
123 	 124 	195	20.00
125 	 126 	217	19.00
126 	 127 	160	13.00
128 	 129 	174	19.00
129 	 130 	194	23.00
129 	 161 	185	12.00
130 	 131 	181	18.00
131 	 132 	218	17.00
131 	 163 	179	18.00
132 	 133 	213	16.00
132 	 164 	187	23.00
133 	 134 	176	22.00
134 	 135 	163	22.00
136 	 137 	210	16.00
138 	 139 	198	18.00
139 	 140 	212	22.00
140 	 141 	221	21.00
140 	 172 	183	19.00
141 	 142 	205	25.00
142 	 143 	200	16.00
143 	 144 	222	14.00
145 	 146 	198	13.00
145 	 177 	197	17.00
146 	 147 	233	12.00
147 	 148 	188	26.00
147 	 179 	177	20.00
149 	 150 	166	15.00
150 	 151 	215	26.00
154 	 155 	191	16.00
154 	 186 	180	19.00
155 	 156 	180	27.00
156 	 157 	177	16.00
156 	 188 	174	13.00
157 	 158 	208	19.00
159 	 191 	176	18.00
160 	 161 	183	15.00
162 	 163 	208	15.00
162 	 194 	227	27.00
165 	 166 	205	14.00
166 	 167 	163	19.00
166 	 198 	190	12.00
167 	 168 	232	19.00
168 	 169 	230	28.00
168 	 200 	194	14.00
169 	 170 	200	25.00
169 	 201 	174	26.00
170 	 171 	201	13.00
171 	 172 	213	19.00
172 	 173 	177	13.00
173 	 174 	190	22.00
173 	 205 	180	20.00
174 	 175 	192	26.00
174 	 206 	215	19.00
176 	 177 	221	17.00
177 	 178 	165	16.00
177 	 209 	240	24.00
179 	 180 	170	17.00
180 	 181 	197	25.00
180 	 212 	160	26.00
181 	 182 	208	16.00
181 	 213 	193	16.00
182 	 183 	162	23.00
182 	 214 	190	22.00
183 	 184 	223	21.00
184 	 185 	182	24.00
184 	 216 	176	16.00
187 	 188 	188	15.00
187 	 219 	212	28.00
189 	 190 	204	20.00
190 	 191 	172	22.00
190 	 222 	167	17.00
192 	 193 	189	15.00
192 	 224 	178	22.00
193 	 194 	171	13.00
193 	 225 	234	17.00
195 	 196 	193	13.00
196 	 197 	208	20.00
197 	 198 	178	21.00
197 	 229 	170	21.00
198 	 199 	218	13.00
201 	 202 	238	25.00
202 	 203 	233	17.00
203 	 204 	197	18.00
203 	 235 	199	12.00
206 	 207 	198	17.00
206 	 238 	192	25.00
207 	 208 	202	25.00
208 	 209 	178	15.00
209 	 210 	217	24.00
211 	 243 	227	15.00
215 	 216 	174	18.00
217 	 218 	195	18.00
218 	 219 	220	13.00
219 	 220 	224	26.00
220 	 221 	185	19.00
220 	 252 	201	24.00
221 	 222 	161	24.00
222 	 223 	174	25.00
223 	 255 	226	23.00
225 	 226 	209	27.00
227 	 228 	216	15.00
228 	 229 	213	23.00
228 	 260 	166	26.00
229 	 230 	172	23.00
229 	 261 	180	19.00
231 	 232 	194	26.00
231 	 263 	177	25.00
233 	 234 	174	13.00
234 	 235 	196	20.00
235 	 236 	197	18.00
235 	 267 	210	17.00
237 	 238 	223	26.00
238 	 239 	177	22.00
239 	 240 	207	14.00
240 	 241 	205	24.00
242 	 243 	209	18.00
243 	 244 	194	23.00
244 	 245 	163	14.00
244 	 276 	194	25.00
245 	 246 	163	19.00
245 	 277 	174	23.00
246 	 247 	212	17.00
247 	 248 	161	13.00
247 	 279 	226	22.00
248 	 249 	188	22.00
249 	 250 	231	12.00
250 	 251 	182	26.00
250 	 282 	162	18.00
251 	 252 	228	20.00
252 	 253 	162	12.00
253 	 254 	191	24.00
256 	 257 	213	14.00
257 	 258 	212	13.00
257 	 289 	200	19.00
259 	 260 	204	26.00
262 	 263 	240	15.00
262 	 294 	197	26.00
264 	 265 	238	22.00
264 	 296 	236	17.00
266 	 267 	231	13.00
267 	 268 	239	25.00
267 	 299 	169	22.00
268 	 269 	182	15.00
270 	 271 	207	27.00
271 	 272 	211	20.00
271 	 303 	184	18.00
273 	 274 	170	21.00
274 	 275 	183	15.00
274 	 306 	171	24.00
275 	 276 	236	13.00
275 	 307 	232	14.00
278 	 279 	235	26.00
279 	 280 	213	27.00
280 	 281 	233	17.00
283 	 284 	191	23.00
283 	 315 	178	17.00
284 	 285 	197	24.00
285 	 286 	205	24.00
286 	 287 	189	16.00
286 	 318 	232	13.00
288 	 289 	226	15.00
288 	 320 	221	15.00
289 	 290 	211	27.00
290 	 291 	200	20.00
292 	 293 	192	27.00
293 	 294 	183	24.00
294 	 295 	178	15.00
295 	 296 	216	20.00
296 	 297 	178	19.00
296 	 328 	166	18.00
297 	 298 	184	27.00
298 	 299 	169	27.00
299 	 300 	186	25.00
300 	 301 	189	20.00
300 	 332 	171	20.00
301 	 302 	210	23.00
302 	 303 	212	24.00
303 	 304 	185	18.00
303 	 335 	174	12.00
305 	 337 	178	22.00
307 	 308 	225	24.00
307 	 339 	172	16.00
308 	 309 	208	14.00
308 	 340 	199	19.00
309 	 310 	214	15.00
310 	 311 	201	13.00
310 	 342 	209	24.00
311 	 312 	207	16.00
312 	 313 	211	24.00
313 	 314 	204	28.00
313 	 345 	197	19.00
314 	 315 	230	14.00
315 	 316 	178	18.00
317 	 318 	196	20.00
318 	 319 	194	26.00
318 	 350 	212	25.00
320 	 321 	229	16.00
321 	 322 	185	26.00
322 	 323 	210	20.00
322 	 354 	215	26.00
323 	 324 	234	18.00
324 	 325 	222	23.00
325 	 326 	207	28.00
326 	 327 	174	26.00
327 	 328 	233	28.00
327 	 359 	173	26.00
328 	 329 	212	26.00
329 	 330 	210	23.00
330 	 331 	213	22.00
330 	 362 	198	12.00
333 	 334 	184	24.00
333 	 365 	212	27.00
335 	 336 	167	17.00
336 	 337 	230	22.00
337 	 338 	168	20.00
337 	 369 	167	23.00
338 	 339 	217	15.00
338 	 370 	201	12.00
341 	 342 	190	18.00
341 	 373 	170	14.00
343 	 344 	160	12.00
344 	 345 	194	28.00
344 	 376 	231	24.00
345 	 346 	216	21.00
347 	 348 	208	28.00
347 	 379 	162	28.00
349 	 350 	208	26.00
350 	 351 	229	23.00
351 	 383 	160	15.00
352 	 353 	216	13.00
352 	 384 	206	27.00
353 	 354 	227	23.00
353 	 385 	236	22.00
354 	 355 	164	14.00
354 	 386 	164	27.00
355 	 356 	218	26.00
355 	 387 	226	17.00
356 	 357 	226	18.00
357 	 358 	199	26.00
360 	 361 	201	20.00
361 	 393 	224	18.00
363 	 364 	201	24.00
363 	 395 	170	18.00
365 	 366 	201	26.00
365 	 397 	198	27.00
366 	 367 	227	18.00
367 	 368 	212	25.00
368 	 369 	192	17.00
368 	 400 	182	12.00
370 	 371 	194	15.00
370 	 402 	187	15.00
371 	 372 	226	23.00
374 	 375 	238	17.00
375 	 376 	219	14.00
375 	 407 	169	19.00
376 	 377 	182	12.00
378 	 379 	216	13.00
379 	 380 	240	18.00
379 	 411 	202	13.00
380 	 381 	188	14.00
381 	 382 	193	18.00
383 	 415 	225	15.00
387 	 388 	162	19.00
387 	 419 	171	16.00
388 	 389 	229	27.00
389 	 390 	214	27.00
389 	 421 	166	21.00
390 	 391 	183	28.00
391 	 392 	205	25.00
392 	 393 	216	27.00
393 	 394 	175	20.00
393 	 425 	206	22.00
395 	 396 	176	17.00
395 	 427 	228	17.00
396 	 397 	221	17.00
396 	 428 	196	21.00
398 	 399 	183	28.00
398 	 430 	170	12.00
399 	 400 	171	13.00
399 	 431 	191	20.00
401 	 402 	197	16.00
402 	 403 	180	22.00
402 	 434 	218	24.00
403 	 404 	231	12.00
403 	 435 	169	28.00
404 	 405 	178	19.00
404 	 436 	200	13.00
405 	 406 	172	18.00
405 	 437 	164	26.00
407 	 408 	172	25.00
408 	 409 	221	17.00
409 	 410 	171	22.00
410 	 411 	227	22.00
410 	 442 	200	21.00
412 	 413 	212	24.00
413 	 414 	194	25.00
413 	 445 	197	23.00
414 	 415 	163	13.00
414 	 446 	236	28.00
415 	 447 	198	16.00
416 	 417 	195	14.00
416 	 448 	223	28.00
417 	 418 	185	25.00
420 	 421 	204	27.00
421 	 422 	168	25.00
422 	 423 	222	27.00
422 	 454 	203	28.00
423 	 424 	181	13.00
425 	 426 	238	18.00
429 	 430 	221	22.00
432 	 433 	203	27.00
433 	 434 	223	18.00
433 	 465 	233	27.00
435 	 467 	168	28.00
438 	 439 	238	20.00
438 	 470 	217	28.00
439 	 440 	169	22.00
440 	 441 	239	21.00
440 	 472 	198	16.00
441 	 442 	160	23.00
441 	 473 	184	26.00
442 	 443 	221	15.00
443 	 444 	166	18.00
443 	 475 	218	18.00
448 	 449 	166	14.00
449 	 450 	204	27.00
449 	 481 	179	14.00
450 	 451 	233	15.00
450 	 482 	185	22.00
451 	 452 	239	23.00
452 	 453 	216	15.00
452 	 484 	167	22.00
453 	 454 	195	24.00
455 	 456 	166	21.00
456 	 457 	219	24.00
456 	 488 	193	25.00
457 	 458 	215	19.00
458 	 459 	233	27.00
458 	 490 	231	16.00
459 	 460 	183	14.00
460 	 461 	223	16.00
460 	 492 	192	19.00
461 	 462 	230	22.00
461 	 493 	174	28.00
462 	 463 	190	15.00
462 	 494 	170	25.00
464 	 465 	196	17.00
464 	 496 	225	24.00
466 	 467 	219	15.00
466 	 498 	172	22.00
468 	 469 	228	28.00
469 	 470 	217	13.00
470 	 471 	177	22.00
470 	 502 	238	19.00
474 	 475 	161	24.00
475 	 476 	211	19.00
475 	 507 	196	20.00
477 	 478 	162	13.00
478 	 479 	239	22.00
478 	 510 	234	27.00
479 	 511 	211	19.00
480 	 481 	232	13.00
481 	 513 	240	22.00
483 	 484 	212	13.00
484 	 485 	222	15.00
486 	 487 	203	27.00
486 	 518 	216	26.00
487 	 488 	206	13.00
488 	 489 	176	17.00
490 	 491 	182	23.00
494 	 495 	233	22.00
494 	 526 	177	28.00
495 	 496 	182	22.00
496 	 497 	189	25.00
499 	 500 	209	28.00
500 	 501 	195	22.00
500 	 532 	232	26.00
502 	 503 	174	18.00
503 	 504 	228	16.00
503 	 535 	230	27.00
504 	 505 	239	19.00
505 	 506 	206	25.00
508 	 509 	166	17.00
509 	 510 	189	25.00
509 	 541 	169	16.00
512 	 513 	173	25.00
512 	 544 	183	24.00
513 	 514 	188	26.00
513 	 545 	224	16.00
514 	 515 	203	19.00
515 	 516 	232	17.00
515 	 547 	238	22.00
516 	 517 	170	22.00
516 	 548 	203	27.00
518 	 519 	237	18.00
518 	 550 	167	22.00
519 	 520 	223	24.00
521 	 522 	196	12.00
522 	 523 	215	20.00
523 	 524 	205	12.00
523 	 555 	234	13.00
524 	 525 	237	19.00
524 	 556 	197	22.00
525 	 526 	179	28.00
526 	 527 	189	18.00
527 	 528 	196	22.00
528 	 529 	200	23.00
530 	 531 	217	22.00
530 	 562 	174	13.00
531 	 532 	237	12.00
531 	 563 	239	22.00
532 	 533 	235	27.00
532 	 564 	181	16.00
533 	 534 	160	28.00
534 	 535 	199	28.00
535 	 536 	174	27.00
537 	 538 	179	27.00
537 	 569 	209	16.00
538 	 539 	181	12.00
538 	 570 	212	25.00
540 	 541 	235	18.00
540 	 572 	195	17.00
541 	 542 	163	18.00
541 	 573 	171	12.00
542 	 543 	165	27.00
542 	 574 	240	28.00
546 	 547 	206	27.00
549 	 550 	168	18.00
550 	 551 	238	20.00
551 	 552 	238	21.00
551 	 583 	233	23.00
552 	 553 	217	24.00
553 	 554 	221	23.00
556 	 557 	197	14.00
556 	 588 	234	24.00
557 	 558 	171	12.00
558 	 559 	231	24.00
558 	 590 	185	24.00
559 	 560 	224	18.00
560 	 561 	199	18.00
565 	 566 	193	12.00
565 	 597 	199	24.00
566 	 567 	207	13.00
567 	 568 	182	27.00
568 	 569 	220	22.00
568 	 600 	195	25.00
571 	 572 	227	12.00
571 	 603 	221	24.00
572 	 604 	212	28.00
575 	 607 	224	19.00
576 	 577 	224	25.00
576 	 608 	223	17.00
578 	 579 	215	13.00
578 	 610 	203	27.00
579 	 580 	192	22.00
580 	 581 	208	20.00
580 	 612 	229	15.00
581 	 582 	212	24.00
582 	 614 	161	17.00
584 	 585 	169	16.00
585 	 586 	190	18.00
586 	 587 	211	14.00
587 	 588 	161	20.00
588 	 589 	238	25.00
588 	 620 	238	13.00
590 	 591 	193	25.00
591 	 592 	240	22.00
593 	 594 	186	21.00
593 	 625 	219	28.00
594 	 595 	161	28.00
594 	 626 	191	27.00
595 	 596 	186	24.00
596 	 597 	203	21.00
598 	 599 	212	21.00
598 	 630 	223	15.00
600 	 601 	230	14.00
601 	 602 	181	26.00
601 	 633 	213	28.00
604 	 605 	223	24.00
604 	 636 	177	18.00
605 	 606 	160	28.00
605 	 637 	214	18.00
606 	 607 	178	17.00
608 	 609 	216	15.00
608 	 640 	171	13.00
611 	 612 	176	20.00
613 	 614 	168	26.00
614 	 615 	223	17.00
614 	 646 	192	23.00
616 	 617 	173	24.00
616 	 648 	234	14.00
618 	 619 	214	13.00
618 	 650 	179	21.00
619 	 620 	160	17.00
620 	 621 	194	12.00
621 	 622 	187	21.00
621 	 653 	223	18.00
622 	 623 	164	25.00
623 	 624 	170	18.00
623 	 655 	221	27.00
626 	 627 	169	17.00
626 	 658 	171	16.00
627 	 628 	199	17.00
628 	 629 	205	21.00
630 	 631 	207	21.00
630 	 662 	217	23.00
631 	 632 	215	13.00
634 	 635 	210	19.00
634 	 666 	194	19.00
635 	 636 	198	26.00
637 	 638 	218	22.00
637 	 669 	212	16.00
638 	 639 	161	17.00
640 	 641 	206	17.00
641 	 642 	240	23.00
642 	 643 	165	20.00
643 	 644 	162	15.00
644 	 645 	239	12.00
644 	 676 	208	14.00
646 	 647 	218	18.00
646 	 678 	220	22.00
647 	 648 	200	16.00
648 	 649 	204	16.00
648 	 680 	237	26.00
649 	 650 	230	19.00
649 	 681 	213	26.00
650 	 651 	198	20.00
650 	 682 	162	22.00
652 	 653 	200	27.00
652 	 684 	226	20.00
654 	 655 	162	26.00
654 	 686 	180	13.00
655 	 656 	165	14.00
657 	 658 	195	23.00
657 	 689 	168	22.00
658 	 659 	191	26.00
658 	 690 	231	16.00
659 	 660 	193	24.00
659 	 691 	215	22.00
660 	 661 	160	27.00
660 	 692 	169	20.00
662 	 663 	172	15.00
662 	 694 	205	22.00
663 	 664 	202	12.00
665 	 666 	163	24.00
666 	 667 	217	18.00
668 	 669 	231	20.00
668 	 700 	209	17.00
669 	 670 	218	28.00
669 	 701 	224	23.00
670 	 671 	174	20.00
672 	 673 	237	28.00
672 	 704 	201	18.00
673 	 674 	224	25.00
674 	 675 	197	23.00
675 	 676 	169	18.00
676 	 677 	186	16.00
677 	 709 	219	28.00
679 	 711 	181	16.00
683 	 715 	230	20.00
685 	 686 	230	13.00
685 	 717 	229	14.00
686 	 687 	201	26.00
687 	 688 	160	14.00
687 	 719 	236	26.00
688 	 689 	230	24.00
688 	 720 	229	20.00
689 	 721 	168	24.00
693 	 694 	233	19.00
694 	 695 	169	12.00
695 	 696 	224	21.00
695 	 727 	191	28.00
696 	 697 	188	23.00
697 	 698 	197	13.00
698 	 699 	235	28.00
701 	 702 	173	25.00
702 	 703 	230	23.00
703 	 735 	168	24.00
704 	 705 	180	28.00
705 	 706 	226	22.00
705 	 737 	191	28.00
707 	 708 	212	19.00
708 	 709 	206	23.00
709 	 710 	213	12.00
710 	 711 	199	22.00
711 	 712 	220	20.00
711 	 743 	196	21.00
712 	 713 	191	28.00
713 	 714 	220	18.00
715 	 716 	197	20.00
716 	 717 	238	15.00
716 	 748 	239	17.00
718 	 719 	232	28.00
720 	 752 	235	18.00
722 	 723 	235	25.00
723 	 724 	202	12.00
724 	 725 	210	22.00
725 	 726 	163	24.00
725 	 757 	215	13.00
727 	 728 	198	17.00
728 	 729 	204	18.00
728 	 760 	229	28.00
729 	 730 	203	22.00
730 	 731 	203	22.00
731 	 732 	191	17.00
731 	 763 	188	19.00
733 	 734 	238	21.00
733 	 765 	200	13.00
735 	 767 	226	13.00
736 	 737 	222	12.00
736 	 768 	170	12.00
737 	 738 	170	23.00
738 	 739 	206	22.00
740 	 741 	228	27.00
741 	 742 	180	22.00
742 	 743 	168	25.00
742 	 774 	209	21.00
743 	 744 	174	23.00
743 	 775 	221	12.00
744 	 745 	169	12.00
746 	 747 	180	28.00
747 	 748 	218	16.00
747 	 779 	185	12.00
749 	 750 	164	16.00
749 	 781 	194	22.00
750 	 751 	194	23.00
751 	 752 	218	26.00
751 	 783 	211	25.00
752 	 753 	189	12.00
752 	 784 	213	22.00
753 	 754 	236	25.00
755 	 756 	237	20.00
755 	 787 	197	13.00
757 	 758 	196	28.00
757 	 789 	169	17.00
758 	 759 	168	14.00
759 	 760 	194	26.00
761 	 762 	236	24.00
761 	 793 	239	22.00
764 	 765 	225	16.00
765 	 766 	202	27.00
766 	 767 	186	27.00
766 	 798 	240	23.00
767 	 799 	182	21.00
768 	 769 	174	27.00
770 	 771 	190	25.00
771 	 772 	227	25.00
771 	 803 	233	26.00
773 	 774 	174	27.00
775 	 776 	179	19.00
775 	 807 	219	27.00
776 	 777 	161	21.00
776 	 808 	237	16.00
777 	 778 	170	25.00
777 	 809 	227	24.00
778 	 779 	172	20.00
778 	 810 	192	26.00
780 	 781 	212	24.00
782 	 783 	215	24.00
782 	 814 	194	14.00
784 	 785 	237	14.00
784 	 816 	188	23.00
785 	 786 	169	26.00
786 	 787 	196	20.00
787 	 788 	205	21.00
788 	 789 	162	28.00
789 	 790 	201	20.00
790 	 791 	182	13.00
791 	 792 	221	15.00
792 	 793 	191	26.00
793 	 794 	237	21.00
794 	 795 	200	19.00
796 	 797 	166	20.00
797 	 798 	230	18.00
797 	 829 	164	17.00
800 	 801 	188	12.00
801 	 802 	223	21.00
802 	 803 	174	18.00
803 	 804 	188	12.00
803 	 835 	186	18.00
804 	 805 	214	26.00
806 	 807 	180	13.00
806 	 838 	191	16.00
811 	 812 	219	19.00
811 	 843 	181	28.00
812 	 813 	183	26.00
812 	 844 	206	28.00
814 	 815 	198	21.00
814 	 846 	179	16.00
816 	 817 	224	21.00
816 	 848 	178	18.00
817 	 818 	231	17.00
818 	 819 	211	21.00
820 	 821 	205	27.00
820 	 852 	229	23.00
821 	 822 	179	13.00
822 	 823 	237	12.00
823 	 824 	160	21.00
823 	 855 	224	14.00
824 	 825 	191	27.00
825 	 826 	165	18.00
827 	 828 	213	17.00
828 	 829 	239	22.00
828 	 860 	190	18.00
829 	 830 	195	25.00
829 	 861 	238	15.00
830 	 831 	199	23.00
830 	 862 	180	18.00
832 	 833 	217	21.00
832 	 864 	222	23.00
833 	 834 	192	13.00
833 	 865 	165	13.00
834 	 835 	201	12.00
835 	 836 	240	13.00
836 	 837 	211	18.00
836 	 868 	184	25.00
837 	 838 	225	24.00
837 	 869 	219	16.00
838 	 839 	213	18.00
839 	 840 	186	20.00
841 	 842 	227	21.00
842 	 843 	160	22.00
842 	 874 	176	27.00
845 	 877 	218	23.00
847 	 848 	202	19.00
848 	 849 	209	28.00
848 	 880 	188	23.00
849 	 850 	210	27.00
850 	 851 	169	22.00
850 	 882 	204	20.00
851 	 852 	191	19.00
852 	 853 	164	19.00
853 	 854 	176	23.00
853 	 885 	162	23.00
855 	 856 	204	17.00
856 	 857 	214	14.00
856 	 888 	183	17.00
857 	 858 	175	25.00
857 	 889 	210	27.00
858 	 859 	169	28.00
862 	 863 	170	24.00
862 	 894 	201	24.00
863 	 895 	220	25.00
866 	 867 	185	13.00
866 	 898 	227	28.00
869 	 870 	175	27.00
869 	 901 	222	13.00
870 	 871 	168	13.00
872 	 873 	161	13.00
872 	 904 	176	21.00
874 	 875 	183	17.00
875 	 876 	201	26.00
876 	 877 	180	14.00
876 	 908 	203	21.00
877 	 878 	222	15.00
878 	 879 	193	26.00
878 	 910 	213	28.00
879 	 880 	193	14.00
879 	 911 	188	21.00
881 	 882 	208	16.00
882 	 883 	236	12.00
884 	 885 	173	12.00
884 	 916 	201	20.00
885 	 886 	193	22.00
887 	 888 	208	25.00
888 	 920 	230	24.00
890 	 891 	180	20.00
890 	 922 	172	23.00
891 	 892 	171	24.00
891 	 923 	192	13.00
893 	 894 	218	15.00
893 	 925 	227	18.00
896 	 897 	160	23.00
897 	 898 	214	12.00
898 	 899 	226	21.00
898 	 930 	166	27.00
899 	 900 	181	19.00
901 	 902 	202	17.00
901 	 933 	172	22.00
903 	 904 	231	28.00
904 	 905 	240	27.00
904 	 936 	228	15.00
905 	 906 	164	27.00
905 	 937 	237	26.00
907 	 908 	184	27.00
908 	 909 	180	22.00
911 	 912 	173	22.00
912 	 913 	216	17.00
913 	 914 	204	28.00
914 	 915 	183	28.00
914 	 946 	230	19.00
917 	 918 	225	25.00
918 	 919 	187	12.00
919 	 920 	234	21.00
919 	 951 	189	14.00
920 	 921 	165	20.00
921 	 922 	238	13.00
924 	 925 	217	17.00
924 	 956 	211	26.00
925 	 926 	172	13.00
926 	 927 	180	21.00
926 	 958 	216	14.00
928 	 929 	169	25.00
929 	 930 	199	23.00
929 	 961 	227	26.00
930 	 931 	229	27.00
930 	 962 	187	28.00
932 	 933 	231	15.00
932 	 964 	224	22.00
934 	 935 	207	13.00
934 	 966 	200	18.00
937 	 938 	192	14.00
937 	 969 	202	17.00
938 	 939 	206	21.00
938 	 970 	187	13.00
939 	 940 	239	26.00
941 	 942 	210	21.00
942 	 943 	235	22.00
942 	 974 	237	26.00
943 	 944 	232	12.00
944 	 945 	212	20.00
944 	 976 	199	20.00
945 	 946 	224	24.00
946 	 947 	193	22.00
947 	 948 	220	21.00
948 	 949 	213	16.00
948 	 980 	180	13.00
949 	 950 	188	14.00
949 	 981 	160	19.00
952 	 953 	214	13.00
952 	 984 	232	19.00
953 	 954 	212	27.00
954 	 955 	228	20.00
954 	 986 	171	16.00
955 	 956 	221	19.00
957 	 958 	188	15.00
957 	 989 	185	26.00
958 	 959 	195	28.00
960 	 961 	209	13.00
962 	 963 	175	21.00
962 	 994 	182	13.00
963 	 964 	221	16.00
963 	 995 	185	19.00
964 	 965 	240	19.00
965 	 966 	221	15.00
965 	 997 	189	17.00
966 	 967 	232	27.00
967 	 968 	209	17.00
968 	 969 	162	22.00
968 	 1000 	174	19.00
969 	 1001 	185	22.00
971 	 972 	189	25.00
972 	 973 	194	13.00
972 	 1004 	205	24.00
973 	 974 	209	28.00
974 	 975 	178	23.00
974 	 1006 	189	21.00
977 	 978 	209	25.00
977 	 1009 	218	16.00
978 	 979 	213	16.00
981 	 982 	176	15.00
981 	 1013 	214	15.00
982 	 983 	207	21.00
982 	 1014 	205	17.00
983 	 984 	182	12.00
983 	 1015 	205	28.00
985 	 986 	221	12.00
985 	 1017 	228	14.00
986 	 987 	234	17.00
988 	 989 	223	17.00
988 	 1020 	230	27.00
989 	 990 	168	17.00
990 	 991 	165	23.00
991 	 1023 	232	25.00
992 	 993 	215	16.00
993 	 994 	205	20.00
995 	 996 	234	21.00
997 	 998 	223	24.00
999 	 1000 	218	17.00
1002 	 1003 	208	23.00
1003 	 1004 	229	15.00
1005 	 1006 	237	28.00
1006 	 1007 	209	25.00
1007 	 1008 	190	24.00
1008 	 1009 	182	12.00
1009 	 1010 	224	27.00
1010 	 1011 	240	24.00
1011 	 1012 	211	27.00
1015 	 1016 	184	19.00
1018 	 1019 	168	15.00
1019 	 1020 	161	25.00
1020 	 1021 	172	22.00
1022 	 1023 	170	15.00
