1024 	 1023 	 20 	 0.30 
 
13	-3	0
101	42	0
187	29	0
272	-18	0
413	-43	0
510	-25	0
618	11	0
744	32	6
814	2	6
900	-16	6
994	19	6
1128	14	6
1207	-9	6
1288	-25	6
1436	-25	6
1484	-10	5
1599	22	5
1667	12	5
1810	-13	5
1899	13	5
2021	8	5
2074	26	5
2198	6	5
2298	25	5
2377	8	3
2533	-26	3
2622	-27	3
2695	-2	3
2809	47	3
2899	-5	3
3021	-38	3
3064	-1	3
25	112	0
86	86	0
192	138	0
284	79	0
398	80	0
464	88	0
615	65	0
699	102	0
760	122	0
868	117	6
1001	108	6
1080	110	6
1174	122	6
1257	94	6
1444	119	6
1496	54	6
1567	88	5
1707	66	5
1777	128	5
1867	128	5
2030	114	5
2089	102	5
2204	69	5
2262	99	3
2413	71	3
2454	138	3
2571	78	3
2692	95	3
2791	89	3
2881	88	3
2986	89	3
3100	83	3
8	229	0
98	229	0
193	198	0
281	234	0
435	206	0
497	208	0
576	212	0
700	175	0
777	207	0
878	184	6
1036	220	6
1080	190	6
1204	221	6
1269	239	6
1372	193	6
1468	168	5
1561	168	5
1716	199	5
1801	245	5
1880	195	5
2017	207	5
2109	229	5
2195	157	5
2297	174	3
2366	222	3
2504	200	3
2611	153	3
2735	193	3
2781	228	3
2889	212	3
2962	239	3
3085	221	3
-1	267	0
75	314	0
207	312	0
319	277	0
373	307	0
507	307	0
604	257	0
713	309	0
831	275	0
921	302	6
977	317	6
1092	296	6
1222	278	6
1310	280	6
1406	279	6
1470	301	5
1632	259	5
1729	316	5
1793	264	5
1881	338	5
1959	312	5
2082	313	5
2239	288	3
2299	301	3
2424	262	3
2497	303	3
2587	270	3
2695	302	3
2782	340	3
2911	253	3
3033	264	3
3099	302	3
32	412	0
68	389	0
173	384	0
300	374	0
403	390	0
509	401	0
599	373	0
692	415	0
785	405	0
900	357	6
984	376	6
1093	387	6
1218	406	6
1338	393	6
1404	374	5
1485	400	5
1592	375	5
1683	395	5
1800	381	5
1902	382	5
2007	407	5
2102	418	5
2207	418	5
2321	423	3
2407	403	3
2492	431	3
2568	410	3
2704	392	3
2811	426	3
2910	420	3
3009	433	3
3066	375	3
-10	474	0
110	516	0
177	506	0
285	510	0
391	508	0
490	510	0
561	520	0
700	454	0
813	521	6
930	502	6
990	503	6
1097	532	6
1210	470	6
1318	481	6
1391	458	5
1491	518	5
1605	502	5
1662	509	5
1824	516	5
1930	482	5
2001	547	5
2091	473	5
2213	519	5
2324	501	3
2388	500	3
2478	510	19
2608	513	3
2697	480	3
2806	508	3
2919	479	3
3012	501	3
3117	488	3
25	584	0
87	601	0
182	603	0
289	597	0
415	620	0
480	603	0
567	606	0
697	584	0
766	610	6
866	579	6
967	592	6
1092	624	6
1189	602	6
1303	602	6
1406	605	6
1502	610	6
1580	613	6
1669	578	5
1796	556	5
1881	582	5
2004	641	5
2098	607	5
2244	599	5
2303	588	5
2421	599	3
2489	613	3
2588	626	3
2679	594	3
2784	633	3
2912	567	3
3034	588	3
3118	596	3
8	663	0
97	700	0
223	706	0
321	715	0
441	708	0
497	696	0
601	702	6
700	704	6
821	720	6
901	727	6
1004	692	6
1129	688	6
1190	691	6
1280	701	6
1380	674	6
1485	691	6
1597	698	5
1737	667	5
1815	711	5
1888	704	5
1997	658	5
2065	687	5
2173	714	17
2283	680	5
2377	700	7
2470	684	7
2613	694	3
2720	667	3
2780	691	3
2886	737	7
3033	730	7
3101	692	7
-27	799	11
79	787	11
186	760	0
303	761	0
372	785	0
513	798	11
607	774	11
696	799	6
767	827	11
933	790	6
990	775	6
1098	808	6
1229	817	6
1313	802	6
1425	803	13
1489	759	6
1618	834	13
1692	797	5
1828	809	5
1891	832	5
2020	847	5
2120	778	5
2216	824	17
2318	822	7
2419	824	7
2488	821	3
2611	839	3
2663	823	3
2780	806	3
2888	785	3
3003	816	7
3114	792	7
4	901	11
103	902	11
193	884	11
311	919	11
419	899	11
548	867	11
561	883	11
687	878	11
795	875	11
880	941	11
981	888	6
1114	900	6
1174	887	13
1331	904	13
1404	944	13
1543	868	13
1601	890	13
1672	906	13
1848	911	13
1920	908	5
2018	899	5
2098	898	5
2238	910	7
2348	895	7
2372	916	7
2508	915	7
2612	930	7
2723	903	7
2793	911	7
2913	947	7
2986	885	7
3126	896	7
6	1005	11
96	982	11
173	1036	11
295	1008	11
374	994	11
475	992	11
579	1015	11
714	973	11
824	1043	11
896	994	11
961	994	11
1096	996	6
1234	1038	13
1309	978	13
1373	1004	13
1516	982	13
1603	1035	13
1701	1027	13
1830	1034	13
1931	973	15
1992	989	15
2116	1020	7
2167	964	7
2301	977	7
2399	997	7
2514	1017	7
2605	997	7
2664	1023	7
2776	1005	7
2893	1035	7
3029	978	7
3076	994	7
-33	1120	11
109	1107	11
211	1076	11
300	1079	11
404	1074	11
475	1140	11
626	1111	11
702	1113	11
831	1111	11
943	1090	11
998	1115	11
1104	1140	13
1207	1118	13
1287	1076	13
1391	1117	13
1512	1117	13
1579	1075	13
1734	1120	13
1822	1139	13
1869	1066	15
2010	1076	14
2121	1070	7
2214	1095	7
2339	1110	7
2387	1089	7
2501	1111	7
2627	1120	7
2731	1120	7
2814	1066	7
2914	1056	7
2974	1095	7
3079	1110	7
-2	1218	11
109	1202	11
216	1187	11
311	1198	11
398	1220	11
481	1196	11
572	1205	11
736	1171	11
776	1214	11
906	1207	11
1005	1164	13
1071	1219	13
1220	1164	13
1309	1193	13
1425	1210	13
1534	1194	13
1558	1228	13
1725	1215	13
1798	1213	13
1895	1208	14
2024	1201	14
2083	1221	14
2210	1231	14
2317	1170	7
2421	1167	7
2516	1193	7
2566	1177	7
2667	1202	7
2772	1227	7
2879	1224	7
3040	1170	7
3104	1188	7
-7	1311	11
109	1319	11
186	1306	11
263	1281	11
431	1312	11
479	1288	11
606	1284	11
713	1278	11
840	1299	11
912	1287	11
978	1298	13
1089	1303	13
1217	1313	13
1278	1270	13
1414	1291	13
1490	1288	13
1617	1308	13
1682	1325	13
1779	1308	13
1874	1274	13
2025	1260	14
2116	1327	14
2195	1308	14
2334	1338	7
2430	1288	7
2493	1330	7
2599	1281	7
2733	1311	7
2806	1273	7
2918	1275	7
3022	1300	7
3072	1293	7
20	1412	11
112	1410	11
199	1412	11
324	1360	11
409	1374	11
512	1412	11
617	1403	11
682	1358	11
812	1438	13
900	1404	13
984	1418	13
1119	1393	13
1163	1396	13
1320	1422	13
1391	1391	13
1492	1375	13
1589	1407	13
1666	1380	13
1818	1394	13
1890	1389	14
1987	1415	14
2118	1375	14
2230	1400	14
2303	1391	7
2358	1399	7
2454	1395	7
2591	1403	7
2738	1402	4
2797	1384	4
2924	1414	4
3014	1368	7
3069	1364	7
12	1482	10
105	1530	10
177	1492	10
309	1453	10
414	1525	10
489	1509	10
603	1525	10
719	1466	11
822	1473	11
871	1497	12
960	1485	13
1092	1464	13
1194	1509	12
1295	1537	12
1363	1510	13
1505	1480	13
1613	1527	13
1743	1474	13
1774	1486	13
1882	1490	13
2030	1496	14
2103	1521	14
2219	1466	14
2311	1506	14
2416	1500	7
2474	1490	7
2607	1534	4
2693	1503	18
2802	1529	4
2872	1525	4
2980	1511	4
3108	1512	4
22	1625	10
122	1583	10
206	1595	10
296	1562	10
403	1592	10
538	1615	10
623	1637	10
715	1602	16
791	1607	16
947	1634	12
980	1611	13
1089	1587	12
1195	1602	12
1268	1597	12
1430	1601	12
1518	1613	12
1604	1570	13
1659	1614	13
1805	1589	13
1909	1562	14
2008	1581	14
2095	1573	14
2182	1584	14
2321	1597	14
2413	1636	4
2477	1595	7
2607	1627	4
2729	1633	4
2809	1633	4
2906	1581	4
3021	1585	4
3105	1596	4
-3	1713	10
96	1706	10
215	1691	10
308	1704	10
433	1717	10
512	1729	10
568	1728	10
710	1710	10
773	1665	16
908	1695	12
955	1659	12
1090	1694	12
1225	1660	12
1310	1698	12
1396	1735	12
1493	1691	12
1589	1673	12
1733	1723	13
1835	1717	14
1907	1708	14
2004	1667	14
2120	1711	14
2165	1702	14
2299	1710	4
2425	1716	4
2487	1711	4
2582	1676	4
2731	1698	4
2767	1729	4
2898	1726	4
2985	1674	4
3106	1725	4
-5	1764	10
92	1776	10
191	1800	10
333	1776	10
379	1802	10
511	1815	10
582	1805	10
694	1840	10
770	1833	10
895	1807	12
978	1816	12
1111	1785	12
1183	1786	12
1278	1767	12
1423	1820	12
1515	1817	12
1563	1819	12
1683	1789	14
1806	1803	14
1895	1767	14
1993	1826	14
2067	1822	14
2190	1818	14
2271	1804	14
2414	1803	14
2506	1821	4
2600	1788	4
2701	1764	4
2782	1844	4
2919	1786	4
3046	1777	4
3108	1839	4
31	1933	10
87	1881	10
190	1900	10
276	1865	10
420	1917	10
535	1880	10
633	1851	10
729	1915	10
770	1922	10
914	1889	12
974	1908	12
1067	1899	12
1190	1894	12
1296	1903	12
1375	1922	12
1506	1893	12
1593	1904	12
1737	1870	14
1788	1897	14
1934	1892	14
1995	1940	14
2098	1916	14
2210	1909	14
2295	1917	14
2407	1902	4
2528	1894	4
2599	1912	4
2667	1869	4
2817	1906	4
2881	1887	4
3005	1918	4
3102	1891	4
-8	2011	10
95	2032	10
220	2006	10
303	2043	10
393	1960	10
526	1989	10
638	2026	10
725	2006	10
792	2006	10
896	2007	12
1002	1976	12
1105	2009	12
1193	2005	12
1279	1997	12
1355	2015	12
1483	2039	12
1599	2014	12
1736	2004	12
1795	1998	14
1929	2019	14
2012	1997	14
2080	2030	14
2197	2003	14
2309	2013	4
2376	1958	4
2537	1994	4
2591	2025	4
2683	2042	4
2839	1967	4
2891	1997	4
2983	1954	4
3119	2005	4
-13	2089	10
118	2125	10
180	2097	10
348	2100	10
417	2103	10
529	2075	10
591	2097	10
679	2106	10
812	2145	12
896	2118	12
966	2130	12
1086	2066	12
1159	2089	12
1309	2075	12
1355	2062	12
1501	2092	12
1586	2098	12
1695	2052	12
1811	2087	14
1879	2114	14
1994	2091	14
2097	2072	14
2185	2071	14
2319	2087	14
2397	2098	4
2528	2082	4
2598	2122	4
2672	2091	4
2808	2102	4
2858	2116	4
2966	2103	4
3116	2056	4
0	2210	10
93	2226	10
206	2193	10
307	2193	10
402	2208	10
491	2238	10
592	2194	10
712	2176	10
812	2179	12
903	2196	12
972	2211	9
1114	2167	9
1201	2185	12
1321	2187	12
1371	2220	12
1534	2201	12
1591	2210	12
1670	2224	12
1766	2234	14
1917	2181	14
2013	2189	14
2096	2186	14
2237	2178	14
2278	2173	14
2430	2230	4
2510	2235	4
2603	2193	4
2708	2210	4
2775	2204	4
2922	2203	2
2986	2177	4
3086	2192	4
-21	2306	1
107	2311	1
218	2326	1
306	2313	1
406	2332	1
509	2301	10
575	2274	10
718	2305	9
835	2275	9
886	2283	9
962	2269	9
1105	2292	9
1206	2316	9
1320	2310	12
1397	2276	12
1498	2259	12
1633	2290	12
1707	2294	14
1799	2254	14
1888	2271	8
2026	2296	8
2054	2284	8
2226	2316	8
2283	2267	14
2394	2292	14
2482	2270	4
2629	2272	4
2738	2263	2
2775	2284	4
2890	2281	2
2976	2295	4
3123	2268	4
0	2375	1
83	2411	1
221	2382	1
312	2410	1
389	2378	1
465	2406	1
600	2382	1
705	2398	9
807	2379	9
855	2384	9
981	2396	9
1113	2434	9
1208	2394	9
1321	2394	9
1392	2364	12
1483	2358	12
1620	2413	12
1710	2399	8
1814	2378	14
1917	2409	8
1975	2404	8
2111	2423	8
2217	2443	8
2293	2408	14
2427	2409	14
2460	2408	14
2613	2392	2
2679	2391	2
2812	2386	2
2929	2422	2
3004	2394	2
3093	2403	2
-4	2534	1
105	2464	1
183	2515	1
256	2505	1
375	2490	1
504	2488	1
603	2531	1
700	2469	9
826	2501	9
927	2518	9
988	2498	9
1130	2508	9
1207	2471	9
1303	2483	9
1351	2479	9
1515	2496	9
1627	2466	8
1719	2522	8
1818	2511	8
1944	2501	8
2028	2481	8
2090	2490	8
2200	2470	8
2318	2512	8
2401	2477	8
2494	2524	2
2613	2495	2
2654	2463	2
2763	2486	2
2882	2505	2
3013	2502	2
3104	2520	2
4	2606	1
72	2627	1
204	2624	1
289	2593	1
398	2633	1
505	2604	1
600	2561	1
688	2626	1
825	2576	9
895	2629	9
969	2555	9
1126	2616	9
1192	2626	9
1260	2578	9
1435	2615	9
1547	2620	8
1580	2567	8
1695	2646	8
1789	2595	8
1893	2589	8
1990	2633	8
2120	2592	8
2220	2638	8
2322	2607	2
2401	2634	2
2478	2567	2
2572	2614	2
2692	2594	2
2796	2623	2
2910	2578	2
2975	2610	2
3098	2601	2
-36	2709	1
80	2694	1
237	2687	1
311	2681	1
409	2705	1
508	2658	1
600	2697	1
699	2666	1
799	2675	1
938	2699	9
1014	2695	9
1063	2689	9
1178	2709	9
1304	2735	9
1406	2694	9
1503	2670	8
1599	2685	8
1676	2698	8
1775	2729	8
1937	2694	8
1978	2679	8
2075	2703	8
2196	2682	8
2301	2713	2
2433	2720	2
2509	2667	2
2583	2707	2
2674	2672	2
2813	2666	2
2875	2691	2
3011	2708	2
3091	2674	2
-1	2766	1
117	2795	1
194	2828	1
300	2790	1
391	2803	1
516	2832	1
594	2779	1
677	2804	1
752	2819	1
879	2770	1
1012	2801	9
1097	2827	9
1195	2816	9
1302	2805	9
1388	2806	9
1499	2788	8
1596	2799	8
1737	2758	8
1769	2785	8
1895	2775	8
1993	2788	8
2073	2821	8
2204	2810	8
2303	2809	2
2427	2830	2
2543	2799	2
2601	2804	2
2667	2800	2
2797	2837	2
2903	2802	2
3015	2819	2
3126	2797	2
-3	2872	1
135	2905	1
193	2896	1
320	2888	1
430	2916	1
507	2888	1
622	2898	1
670	2885	1
796	2908	9
913	2887	9
1002	2870	9
1108	2892	9
1201	2906	9
1310	2898	9
1438	2875	9
1458	2904	9
1584	2922	8
1714	2893	8
1812	2906	8
1893	2898	8
2015	2886	8
2076	2945	8
2198	2920	8
2322	2896	2
2391	2875	2
2538	2899	2
2587	2929	2
2710	2928	2
2813	2898	2
2885	2887	2
3005	2891	2
3107	2872	2
23	2983	1
82	3014	1
212	3031	1
321	2957	1
402	3016	1
495	3003	1
592	2963	1
661	3002	1
773	2965	9
874	2994	9
1035	2970	9
1116	2996	9
1177	3002	9
1313	3020	9
1352	2981	9
1454	2984	9
1555	3006	8
1693	3011	8
1808	3033	8
1915	2992	8
1957	2995	8
2114	2987	8
2199	2985	8
2294	2987	8
2436	2997	2
2511	3036	2
2605	3029	2
2718	2999	2
2795	3004	2
2899	3011	2
2973	2995	2
3064	3009	2
-38	3112	1
86	3085	1
189	3098	1
306	3131	1
415	3076	1
513	3063	1
615	3070	1
700	3085	9
812	3052	9
877	3089	9
995	3086	9
1143	3107	9
1185	3091	9
1272	3095	9
1371	3096	9
1486	3086	9
1633	3116	8
1708	3121	8
1787	3095	8
1897	3120	8
1996	3129	8
2133	3088	8
2190	3109	8
2287	3072	8
2370	3106	8
2517	3076	2
2585	3090	2
2726	3147	2
2801	3089	2
2925	3105	2
2984	3094	2
3111	3089	2

0 	 1 	225	16.00
1 	 2 	225	22.00
2 	 3 	205	13.00
2 	 34 	228	19.00
3 	 4 	164	14.00
4 	 5 	230	17.00
4 	 36 	174	12.00
5 	 6 	223	16.00
6 	 7 	232	23.00
7 	 8 	207	15.00
8 	 9 	167	19.00
9 	 10 	191	12.00
9 	 41 	240	27.00
10 	 11 	201	28.00
12 	 13 	172	17.00
12 	 44 	227	12.00
13 	 14 	188	21.00
15 	 16 	171	12.00
15 	 47 	216	13.00
16 	 17 	174	20.00
17 	 18 	235	27.00
18 	 19 	192	26.00
19 	 20 	179	26.00
20 	 21 	240	19.00
21 	 22 	204	12.00
23 	 24 	230	15.00
23 	 55 	237	20.00
24 	 25 	227	13.00
25 	 26 	180	19.00
27 	 28 	215	15.00
27 	 59 	233	26.00
28 	 29 	187	14.00
29 	 30 	237	22.00
29 	 61 	168	27.00
30 	 31 	182	21.00
31 	 63 	209	13.00
32 	 33 	206	20.00
32 	 64 	216	22.00
33 	 34 	227	24.00
35 	 36 	177	18.00
36 	 37 	230	20.00
36 	 68 	172	13.00
38 	 39 	221	15.00
38 	 70 	201	26.00
39 	 40 	180	23.00
40 	 41 	207	24.00
40 	 72 	160	27.00
41 	 42 	175	27.00
42 	 43 	162	24.00
42 	 74 	174	22.00
43 	 44 	198	13.00
44 	 45 	165	16.00
45 	 46 	218	27.00
47 	 48 	217	16.00
48 	 49 	164	20.00
48 	 80 	200	19.00
49 	 50 	219	26.00
50 	 51 	163	28.00
50 	 82 	238	12.00
51 	 52 	180	26.00
52 	 53 	169	24.00
52 	 84 	201	17.00
53 	 54 	214	17.00
54 	 55 	175	12.00
54 	 86 	169	15.00
55 	 56 	217	17.00
56 	 57 	229	18.00
57 	 58 	238	12.00
58 	 59 	200	26.00
60 	 61 	173	27.00
61 	 62 	234	20.00
61 	 93 	221	28.00
64 	 65 	183	16.00
64 	 96 	222	22.00
65 	 66 	196	22.00
65 	 97 	236	27.00
66 	 67 	201	20.00
66 	 98 	235	25.00
69 	 70 	163	26.00
69 	 101 	189	25.00
70 	 71 	228	26.00
72 	 73 	232	28.00
72 	 104 	193	20.00
75 	 76 	207	15.00
76 	 77 	173	20.00
77 	 78 	240	22.00
78 	 79 	213	21.00
79 	 80 	204	18.00
79 	 111 	237	15.00
80 	 81 	176	27.00
82 	 83 	163	15.00
85 	 86 	197	23.00
85 	 117 	189	26.00
86 	 87 	210	22.00
87 	 88 	223	19.00
89 	 90 	163	19.00
89 	 121 	232	15.00
90 	 91 	222	21.00
91 	 92 	169	13.00
93 	 94 	161	19.00
93 	 125 	230	27.00
95 	 127 	238	13.00
98 	 99 	169	12.00
100 	 101 	195	17.00
101 	 102 	228	18.00
101 	 133 	219	20.00
103 	 104 	225	24.00
104 	 105 	234	21.00
104 	 136 	209	21.00
105 	 106 	190	21.00
106 	 107 	213	17.00
106 	 138 	227	20.00
107 	 108 	193	17.00
109 	 110 	233	21.00
110 	 111 	198	14.00
111 	 112 	178	16.00
111 	 143 	239	20.00
113 	 114 	169	17.00
114 	 115 	239	27.00
115 	 116 	196	13.00
116 	 117 	203	17.00
117 	 118 	197	28.00
118 	 119 	189	16.00
118 	 150 	235	12.00
119 	 120 	168	25.00
120 	 121 	208	28.00
120 	 152 	240	23.00
121 	 122 	191	12.00
121 	 153 	234	26.00
122 	 123 	172	16.00
123 	 124 	230	22.00
125 	 126 	216	23.00
126 	 127 	183	16.00
128 	 129 	233	20.00
129 	 130 	174	21.00
129 	 161 	199	26.00
130 	 131 	207	21.00
131 	 132 	185	17.00
131 	 163 	189	17.00
132 	 133 	175	24.00
132 	 164 	221	24.00
133 	 134 	205	13.00
134 	 135 	191	14.00
136 	 137 	230	20.00
138 	 139 	201	24.00
139 	 140 	205	13.00
140 	 141 	215	25.00
140 	 172 	164	19.00
141 	 142 	238	13.00
142 	 143 	173	13.00
143 	 144 	173	15.00
145 	 146 	180	26.00
145 	 177 	205	25.00
146 	 147 	164	26.00
147 	 148 	230	25.00
147 	 179 	177	18.00
149 	 150 	197	24.00
150 	 151 	196	14.00
154 	 155 	216	19.00
154 	 186 	221	21.00
155 	 156 	223	17.00
156 	 157 	164	19.00
156 	 188 	194	21.00
157 	 158 	203	21.00
159 	 191 	239	12.00
160 	 161 	230	22.00
162 	 163 	222	22.00
162 	 194 	228	12.00
165 	 166 	174	27.00
166 	 167 	181	22.00
166 	 198 	174	23.00
167 	 168 	185	19.00
168 	 169 	163	12.00
168 	 200 	215	16.00
169 	 170 	209	28.00
169 	 201 	230	26.00
170 	 171 	170	17.00
171 	 172 	199	13.00
172 	 173 	168	24.00
173 	 174 	234	20.00
173 	 205 	165	24.00
174 	 175 	202	13.00
174 	 206 	168	28.00
176 	 177 	163	24.00
177 	 178 	208	28.00
177 	 209 	170	14.00
179 	 180 	163	17.00
180 	 181 	184	24.00
180 	 212 	224	27.00
181 	 182 	183	26.00
181 	 213 	214	17.00
182 	 183 	233	12.00
182 	 214 	226	25.00
183 	 184 	217	13.00
184 	 185 	229	28.00
184 	 216 	239	24.00
187 	 188 	211	23.00
187 	 219 	222	17.00
189 	 190 	212	27.00
190 	 191 	177	27.00
190 	 222 	210	23.00
192 	 193 	170	12.00
192 	 224 	186	14.00
193 	 194 	203	16.00
193 	 225 	161	20.00
195 	 196 	162	14.00
196 	 197 	164	21.00
197 	 198 	233	18.00
197 	 229 	232	23.00
198 	 199 	227	15.00
201 	 202 	239	20.00
202 	 203 	200	16.00
203 	 204 	200	17.00
203 	 235 	235	15.00
206 	 207 	207	13.00
206 	 238 	236	12.00
207 	 208 	165	25.00
208 	 209 	172	28.00
209 	 210 	190	13.00
211 	 243 	219	20.00
215 	 216 	223	25.00
217 	 218 	187	13.00
218 	 219 	167	21.00
219 	 220 	169	28.00
220 	 221 	168	13.00
220 	 252 	174	23.00
221 	 222 	213	12.00
222 	 223 	172	19.00
223 	 255 	181	25.00
225 	 226 	213	17.00
227 	 228 	190	14.00
228 	 229 	160	19.00
228 	 260 	211	15.00
229 	 230 	185	21.00
229 	 261 	228	19.00
231 	 232 	193	21.00
231 	 263 	185	12.00
233 	 234 	177	13.00
234 	 235 	166	20.00
235 	 236 	215	19.00
235 	 267 	232	14.00
237 	 238 	199	18.00
238 	 239 	201	14.00
239 	 240 	219	18.00
240 	 241 	181	19.00
242 	 243 	174	19.00
243 	 244 	163	25.00
244 	 245 	216	28.00
244 	 276 	164	19.00
245 	 246 	234	18.00
245 	 277 	225	14.00
246 	 247 	187	25.00
247 	 248 	183	19.00
247 	 279 	162	24.00
248 	 249 	204	16.00
249 	 250 	222	18.00
250 	 251 	161	21.00
250 	 282 	203	23.00
251 	 252 	218	26.00
252 	 253 	217	16.00
253 	 254 	167	22.00
256 	 257 	197	28.00
257 	 258 	223	12.00
257 	 289 	229	28.00
259 	 260 	179	13.00
262 	 263 	223	12.00
262 	 294 	224	20.00
264 	 265 	233	25.00
264 	 296 	164	17.00
266 	 267 	166	28.00
267 	 268 	234	15.00
267 	 299 	170	17.00
268 	 269 	181	18.00
270 	 271 	201	24.00
271 	 272 	228	17.00
271 	 303 	178	23.00
273 	 274 	236	16.00
274 	 275 	179	13.00
274 	 306 	223	18.00
275 	 276 	185	16.00
275 	 307 	183	25.00
278 	 279 	192	20.00
279 	 280 	181	19.00
280 	 281 	176	13.00
283 	 284 	236	24.00
283 	 315 	179	17.00
284 	 285 	214	12.00
285 	 286 	163	17.00
286 	 287 	171	18.00
286 	 318 	174	28.00
288 	 289 	236	25.00
288 	 320 	193	23.00
289 	 290 	208	15.00
290 	 291 	209	18.00
292 	 293 	177	19.00
293 	 294 	220	27.00
294 	 295 	170	17.00
295 	 296 	191	18.00
296 	 297 	207	22.00
296 	 328 	187	20.00
297 	 298 	188	27.00
298 	 299 	217	23.00
299 	 300 	173	21.00
300 	 301 	224	26.00
300 	 332 	222	19.00
301 	 302 	185	22.00
302 	 303 	185	22.00
303 	 304 	238	20.00
303 	 335 	177	20.00
305 	 337 	176	15.00
307 	 308 	168	13.00
307 	 339 	184	16.00
308 	 309 	200	25.00
308 	 340 	171	13.00
309 	 310 	184	17.00
310 	 311 	163	20.00
310 	 342 	161	25.00
311 	 312 	194	14.00
312 	 313 	232	22.00
313 	 314 	174	15.00
313 	 345 	231	20.00
314 	 315 	177	21.00
315 	 316 	215	19.00
317 	 318 	214	12.00
318 	 319 	203	17.00
318 	 350 	213	22.00
320 	 321 	229	24.00
321 	 322 	181	18.00
322 	 323 	239	16.00
322 	 354 	195	26.00
323 	 324 	232	18.00
324 	 325 	161	14.00
325 	 326 	203	25.00
326 	 327 	172	22.00
327 	 328 	171	13.00
327 	 359 	216	12.00
328 	 329 	165	26.00
329 	 330 	178	12.00
330 	 331 	191	18.00
330 	 362 	194	26.00
333 	 334 	170	18.00
333 	 365 	175	17.00
335 	 336 	228	12.00
336 	 337 	209	26.00
337 	 338 	160	22.00
337 	 369 	185	21.00
338 	 339 	233	12.00
338 	 370 	240	14.00
341 	 342 	206	13.00
341 	 373 	232	28.00
343 	 344 	212	22.00
344 	 345 	237	22.00
344 	 376 	193	18.00
345 	 346 	169	28.00
347 	 348 	185	21.00
347 	 379 	172	15.00
349 	 350 	169	12.00
350 	 351 	196	28.00
351 	 383 	231	18.00
352 	 353 	160	27.00
352 	 384 	236	22.00
353 	 354 	214	15.00
353 	 385 	214	14.00
354 	 355 	195	19.00
354 	 386 	196	17.00
355 	 356 	162	23.00
355 	 387 	170	19.00
356 	 357 	173	22.00
357 	 358 	168	18.00
360 	 361 	197	22.00
361 	 393 	176	19.00
363 	 364 	181	17.00
363 	 395 	229	22.00
365 	 366 	184	28.00
365 	 397 	194	23.00
366 	 367 	196	14.00
367 	 368 	231	28.00
368 	 369 	168	28.00
368 	 400 	165	19.00
370 	 371 	188	22.00
370 	 402 	226	21.00
371 	 372 	210	25.00
374 	 375 	211	25.00
375 	 376 	207	28.00
375 	 407 	176	17.00
376 	 377 	193	25.00
378 	 379 	194	18.00
379 	 380 	236	26.00
379 	 411 	239	16.00
380 	 381 	176	22.00
381 	 382 	220	16.00
383 	 415 	236	23.00
387 	 388 	163	15.00
387 	 419 	197	23.00
388 	 389 	178	23.00
389 	 390 	232	16.00
389 	 421 	190	21.00
390 	 391 	174	15.00
391 	 392 	169	16.00
392 	 393 	187	12.00
393 	 394 	210	16.00
393 	 425 	238	15.00
395 	 396 	169	17.00
395 	 427 	228	20.00
396 	 397 	170	15.00
396 	 428 	209	13.00
398 	 399 	190	25.00
398 	 430 	170	12.00
399 	 400 	179	15.00
399 	 431 	184	28.00
401 	 402 	209	28.00
402 	 403 	219	12.00
402 	 434 	213	23.00
403 	 404 	224	15.00
403 	 435 	209	24.00
404 	 405 	203	19.00
404 	 436 	232	25.00
405 	 406 	181	18.00
405 	 437 	194	12.00
407 	 408 	165	27.00
408 	 409 	161	14.00
409 	 410 	161	13.00
410 	 411 	224	18.00
410 	 442 	176	19.00
412 	 413 	162	14.00
413 	 414 	165	15.00
413 	 445 	166	15.00
414 	 415 	183	18.00
414 	 446 	173	13.00
415 	 447 	208	19.00
416 	 417 	176	25.00
416 	 448 	211	19.00
417 	 418 	186	13.00
420 	 421 	185	14.00
421 	 422 	194	14.00
422 	 423 	189	28.00
422 	 454 	193	13.00
423 	 424 	238	21.00
425 	 426 	186	15.00
429 	 430 	197	25.00
432 	 433 	206	18.00
433 	 434 	178	21.00
433 	 465 	228	21.00
435 	 467 	163	25.00
438 	 439 	240	14.00
438 	 470 	188	27.00
439 	 440 	202	16.00
440 	 441 	223	25.00
440 	 472 	211	15.00
441 	 442 	170	15.00
441 	 473 	233	17.00
442 	 443 	168	18.00
443 	 444 	165	15.00
443 	 475 	218	12.00
448 	 449 	169	24.00
449 	 450 	201	16.00
449 	 481 	190	25.00
450 	 451 	235	17.00
450 	 482 	212	16.00
451 	 452 	200	16.00
452 	 453 	180	24.00
452 	 484 	213	27.00
453 	 454 	209	21.00
455 	 456 	194	12.00
456 	 457 	183	22.00
456 	 488 	194	24.00
457 	 458 	209	16.00
458 	 459 	178	23.00
458 	 490 	183	25.00
459 	 460 	196	12.00
460 	 461 	184	23.00
460 	 492 	164	17.00
461 	 462 	171	26.00
461 	 493 	234	18.00
462 	 463 	223	14.00
462 	 494 	180	24.00
464 	 465 	225	23.00
464 	 496 	186	28.00
466 	 467 	180	15.00
466 	 498 	213	23.00
468 	 469 	232	24.00
469 	 470 	206	24.00
470 	 471 	209	17.00
470 	 502 	182	21.00
474 	 475 	177	16.00
475 	 476 	205	15.00
475 	 507 	199	22.00
477 	 478 	165	28.00
478 	 479 	204	25.00
478 	 510 	205	14.00
479 	 511 	199	13.00
480 	 481 	169	14.00
481 	 513 	179	13.00
483 	 484 	231	27.00
484 	 485 	195	18.00
486 	 487 	204	25.00
486 	 518 	223	26.00
487 	 488 	181	21.00
488 	 489 	161	14.00
490 	 491 	181	23.00
494 	 495 	181	19.00
494 	 526 	216	17.00
495 	 496 	185	23.00
496 	 497 	226	14.00
499 	 500 	205	19.00
500 	 501 	218	23.00
500 	 532 	212	26.00
502 	 503 	204	28.00
503 	 504 	210	18.00
503 	 535 	226	17.00
504 	 505 	224	25.00
505 	 506 	240	18.00
508 	 509 	235	22.00
509 	 510 	202	16.00
509 	 541 	228	28.00
512 	 513 	165	25.00
512 	 544 	213	16.00
513 	 514 	196	23.00
513 	 545 	236	24.00
514 	 515 	183	14.00
515 	 516 	227	19.00
515 	 547 	175	14.00
516 	 517 	164	21.00
516 	 548 	217	22.00
518 	 519 	188	27.00
518 	 550 	214	24.00
519 	 520 	176	15.00
521 	 522 	194	21.00
522 	 523 	185	17.00
523 	 524 	174	20.00
523 	 555 	199	28.00
524 	 525 	200	22.00
524 	 556 	227	24.00
525 	 526 	224	20.00
526 	 527 	193	14.00
527 	 528 	225	18.00
528 	 529 	183	12.00
530 	 531 	238	16.00
530 	 562 	216	28.00
531 	 532 	219	12.00
531 	 563 	160	13.00
532 	 533 	219	24.00
532 	 564 	217	16.00
533 	 534 	209	12.00
534 	 535 	184	12.00
535 	 536 	218	21.00
537 	 538 	223	23.00
537 	 569 	238	23.00
538 	 539 	239	26.00
538 	 570 	162	24.00
540 	 541 	216	18.00
540 	 572 	193	22.00
541 	 542 	225	24.00
541 	 573 	190	21.00
542 	 543 	217	13.00
542 	 574 	201	16.00
546 	 547 	200	12.00
549 	 550 	174	28.00
550 	 551 	239	19.00
551 	 552 	181	20.00
551 	 583 	161	23.00
552 	 553 	214	23.00
553 	 554 	183	25.00
556 	 557 	229	19.00
556 	 588 	166	15.00
557 	 558 	226	21.00
558 	 559 	174	14.00
558 	 590 	211	12.00
559 	 560 	237	17.00
560 	 561 	193	22.00
565 	 566 	186	19.00
565 	 597 	160	24.00
566 	 567 	179	20.00
567 	 568 	238	23.00
568 	 569 	199	22.00
568 	 600 	213	28.00
571 	 572 	190	14.00
571 	 603 	175	24.00
572 	 604 	225	28.00
575 	 607 	180	15.00
576 	 577 	193	24.00
576 	 608 	215	17.00
578 	 579 	190	26.00
578 	 610 	171	26.00
579 	 580 	196	27.00
580 	 581 	186	15.00
580 	 612 	206	13.00
581 	 582 	184	16.00
582 	 614 	239	18.00
584 	 585 	179	25.00
585 	 586 	223	18.00
586 	 587 	196	12.00
587 	 588 	185	20.00
588 	 589 	230	15.00
588 	 620 	191	17.00
590 	 591 	230	14.00
591 	 592 	223	14.00
593 	 594 	167	24.00
593 	 625 	217	20.00
594 	 595 	179	14.00
594 	 626 	168	13.00
595 	 596 	166	21.00
596 	 597 	238	16.00
598 	 599 	215	14.00
598 	 630 	173	26.00
600 	 601 	194	19.00
601 	 602 	186	19.00
601 	 633 	235	15.00
604 	 605 	215	12.00
604 	 636 	186	21.00
605 	 606 	162	27.00
605 	 637 	226	27.00
606 	 607 	200	25.00
608 	 609 	170	28.00
608 	 640 	222	27.00
611 	 612 	198	20.00
613 	 614 	186	27.00
614 	 615 	187	25.00
614 	 646 	208	12.00
616 	 617 	194	24.00
616 	 648 	235	17.00
618 	 619 	208	28.00
618 	 650 	188	18.00
619 	 620 	197	14.00
620 	 621 	165	18.00
621 	 622 	192	15.00
621 	 653 	213	16.00
622 	 623 	171	18.00
623 	 624 	218	27.00
623 	 655 	221	17.00
626 	 627 	240	22.00
626 	 658 	226	12.00
627 	 628 	219	19.00
628 	 629 	162	23.00
630 	 631 	226	15.00
630 	 662 	193	24.00
631 	 632 	170	21.00
634 	 635 	211	22.00
634 	 666 	178	18.00
635 	 636 	172	14.00
637 	 638 	204	19.00
637 	 669 	160	14.00
638 	 639 	215	20.00
640 	 641 	219	18.00
641 	 642 	200	19.00
642 	 643 	185	12.00
643 	 644 	166	14.00
644 	 645 	176	13.00
644 	 676 	231	21.00
646 	 647 	210	15.00
646 	 678 	163	21.00
647 	 648 	209	28.00
648 	 649 	168	18.00
648 	 680 	199	13.00
649 	 650 	168	25.00
649 	 681 	203	21.00
650 	 651 	199	26.00
650 	 682 	166	15.00
652 	 653 	224	25.00
652 	 684 	213	16.00
654 	 655 	161	25.00
654 	 686 	237	16.00
655 	 656 	227	22.00
657 	 658 	197	20.00
657 	 689 	184	21.00
658 	 659 	204	13.00
658 	 690 	240	16.00
659 	 660 	171	27.00
659 	 691 	196	19.00
660 	 661 	170	16.00
660 	 692 	196	16.00
662 	 663 	232	15.00
662 	 694 	175	22.00
663 	 664 	236	26.00
665 	 666 	163	18.00
666 	 667 	229	24.00
668 	 669 	213	24.00
668 	 700 	229	25.00
669 	 670 	168	28.00
669 	 701 	202	13.00
670 	 671 	231	15.00
672 	 673 	169	27.00
672 	 704 	195	14.00
673 	 674 	227	28.00
674 	 675 	209	26.00
675 	 676 	172	28.00
676 	 677 	204	15.00
677 	 709 	204	18.00
679 	 711 	233	13.00
683 	 715 	233	27.00
685 	 686 	163	19.00
685 	 717 	217	22.00
686 	 687 	190	25.00
687 	 688 	174	16.00
687 	 719 	220	17.00
688 	 689 	196	27.00
688 	 720 	237	25.00
689 	 721 	227	25.00
693 	 694 	217	28.00
694 	 695 	162	20.00
695 	 696 	200	27.00
695 	 727 	172	26.00
696 	 697 	219	23.00
697 	 698 	186	22.00
698 	 699 	239	24.00
701 	 702 	219	18.00
702 	 703 	215	15.00
703 	 735 	209	25.00
704 	 705 	226	24.00
705 	 706 	182	16.00
705 	 737 	164	12.00
707 	 708 	179	17.00
708 	 709 	237	20.00
709 	 710 	191	22.00
710 	 711 	200	17.00
711 	 712 	178	17.00
711 	 743 	238	13.00
712 	 713 	174	26.00
713 	 714 	179	26.00
715 	 716 	201	26.00
716 	 717 	211	27.00
716 	 748 	167	21.00
718 	 719 	194	27.00
720 	 752 	192	13.00
722 	 723 	173	15.00
723 	 724 	193	12.00
724 	 725 	184	20.00
725 	 726 	200	25.00
725 	 757 	195	20.00
727 	 728 	225	17.00
728 	 729 	180	14.00
728 	 760 	205	23.00
729 	 730 	208	23.00
730 	 731 	192	27.00
731 	 732 	163	23.00
731 	 763 	189	17.00
733 	 734 	234	12.00
733 	 765 	236	19.00
735 	 767 	166	15.00
736 	 737 	173	26.00
736 	 768 	214	20.00
737 	 738 	202	12.00
738 	 739 	227	15.00
740 	 741 	235	15.00
741 	 742 	168	28.00
742 	 743 	178	14.00
742 	 774 	181	15.00
743 	 744 	202	25.00
743 	 775 	183	12.00
744 	 745 	177	14.00
746 	 747 	189	20.00
747 	 748 	194	24.00
747 	 779 	207	22.00
749 	 750 	204	21.00
749 	 781 	212	22.00
750 	 751 	228	22.00
751 	 752 	166	13.00
751 	 783 	179	22.00
752 	 753 	222	15.00
752 	 784 	193	28.00
753 	 754 	213	23.00
755 	 756 	232	12.00
755 	 787 	219	18.00
757 	 758 	211	18.00
757 	 789 	225	24.00
758 	 759 	191	12.00
759 	 760 	167	13.00
761 	 762 	193	25.00
761 	 793 	196	19.00
764 	 765 	179	23.00
765 	 766 	207	23.00
766 	 767 	172	24.00
766 	 798 	200	14.00
767 	 799 	177	26.00
768 	 769 	219	22.00
770 	 771 	204	22.00
771 	 772 	237	25.00
771 	 803 	187	14.00
773 	 774 	185	26.00
775 	 776 	185	20.00
775 	 807 	189	23.00
776 	 777 	200	14.00
776 	 808 	192	26.00
777 	 778 	240	12.00
777 	 809 	229	21.00
778 	 779 	197	13.00
778 	 810 	199	12.00
780 	 781 	210	27.00
782 	 783 	179	28.00
782 	 814 	220	12.00
784 	 785 	204	25.00
784 	 816 	165	26.00
785 	 786 	217	23.00
786 	 787 	232	14.00
787 	 788 	229	24.00
788 	 789 	209	28.00
789 	 790 	203	25.00
790 	 791 	192	28.00
791 	 792 	203	26.00
792 	 793 	175	12.00
793 	 794 	188	28.00
794 	 795 	168	16.00
796 	 797 	212	21.00
797 	 798 	203	21.00
797 	 829 	225	17.00
800 	 801 	187	20.00
801 	 802 	180	28.00
802 	 803 	237	13.00
803 	 804 	164	21.00
803 	 835 	167	13.00
804 	 805 	228	14.00
806 	 807 	232	16.00
806 	 838 	176	19.00
811 	 812 	182	17.00
811 	 843 	193	22.00
812 	 813 	236	23.00
812 	 844 	223	14.00
814 	 815 	238	25.00
814 	 846 	223	27.00
816 	 817 	224	20.00
816 	 848 	181	16.00
817 	 818 	177	28.00
818 	 819 	211	28.00
820 	 821 	239	12.00
820 	 852 	221	17.00
821 	 822 	183	26.00
822 	 823 	190	12.00
823 	 824 	234	25.00
823 	 855 	204	26.00
824 	 825 	164	26.00
825 	 826 	179	20.00
827 	 828 	183	20.00
828 	 829 	161	28.00
828 	 860 	173	19.00
829 	 830 	162	24.00
829 	 861 	166	16.00
830 	 831 	196	14.00
830 	 862 	229	23.00
832 	 833 	175	25.00
832 	 864 	201	16.00
833 	 834 	230	15.00
833 	 865 	181	26.00
834 	 835 	202	19.00
835 	 836 	183	19.00
836 	 837 	189	27.00
836 	 868 	191	14.00
837 	 838 	218	28.00
837 	 869 	210	12.00
838 	 839 	238	22.00
839 	 840 	193	16.00
841 	 842 	219	13.00
842 	 843 	227	19.00
842 	 874 	233	19.00
845 	 877 	219	22.00
847 	 848 	180	24.00
848 	 849 	196	17.00
848 	 880 	213	20.00
849 	 850 	207	28.00
850 	 851 	183	23.00
850 	 882 	163	17.00
851 	 852 	173	24.00
852 	 853 	191	13.00
853 	 854 	187	18.00
853 	 885 	202	25.00
855 	 856 	221	27.00
856 	 857 	217	26.00
856 	 888 	214	22.00
857 	 858 	231	25.00
857 	 889 	230	15.00
858 	 859 	166	25.00
862 	 863 	227	18.00
862 	 894 	164	19.00
863 	 895 	175	12.00
866 	 867 	204	21.00
866 	 898 	179	26.00
869 	 870 	226	16.00
869 	 901 	195	25.00
870 	 871 	189	27.00
872 	 873 	160	26.00
872 	 904 	217	24.00
874 	 875 	204	28.00
875 	 876 	232	13.00
876 	 877 	188	19.00
876 	 908 	174	16.00
877 	 878 	238	24.00
878 	 879 	203	21.00
878 	 910 	196	24.00
879 	 880 	203	27.00
879 	 911 	167	22.00
881 	 882 	228	20.00
882 	 883 	180	22.00
884 	 885 	182	22.00
884 	 916 	167	15.00
885 	 886 	197	15.00
887 	 888 	192	26.00
888 	 920 	210	13.00
890 	 891 	231	25.00
890 	 922 	165	27.00
891 	 892 	222	15.00
891 	 923 	225	19.00
893 	 894 	199	17.00
893 	 925 	189	24.00
896 	 897 	205	12.00
897 	 898 	205	24.00
898 	 899 	166	27.00
898 	 930 	169	20.00
899 	 900 	171	21.00
901 	 902 	184	19.00
901 	 933 	163	28.00
903 	 904 	216	15.00
904 	 905 	228	17.00
904 	 936 	163	19.00
905 	 906 	229	16.00
905 	 937 	239	19.00
907 	 908 	165	21.00
908 	 909 	196	20.00
911 	 912 	170	12.00
912 	 913 	168	26.00
913 	 914 	170	26.00
914 	 915 	165	14.00
914 	 946 	175	28.00
917 	 918 	202	15.00
918 	 919 	160	23.00
919 	 920 	227	16.00
919 	 951 	195	26.00
920 	 921 	223	19.00
921 	 922 	178	22.00
924 	 925 	216	18.00
924 	 956 	222	28.00
925 	 926 	164	20.00
926 	 927 	192	23.00
926 	 958 	236	28.00
928 	 929 	203	23.00
929 	 930 	230	24.00
929 	 961 	216	18.00
930 	 931 	221	15.00
930 	 962 	179	14.00
932 	 933 	231	12.00
932 	 964 	218	23.00
934 	 935 	226	27.00
934 	 966 	173	19.00
937 	 938 	182	21.00
937 	 969 	162	26.00
938 	 939 	177	24.00
938 	 970 	198	12.00
939 	 940 	202	24.00
941 	 942 	240	24.00
942 	 943 	189	28.00
942 	 974 	170	19.00
943 	 944 	181	18.00
944 	 945 	210	14.00
944 	 976 	184	24.00
945 	 946 	181	23.00
946 	 947 	208	19.00
947 	 948 	183	12.00
948 	 949 	177	16.00
948 	 980 	186	28.00
949 	 950 	216	14.00
949 	 981 	173	21.00
952 	 953 	197	23.00
952 	 984 	176	17.00
953 	 954 	225	14.00
954 	 955 	231	17.00
954 	 986 	222	17.00
955 	 956 	196	16.00
957 	 958 	231	18.00
957 	 989 	203	15.00
958 	 959 	164	26.00
960 	 961 	211	13.00
962 	 963 	233	19.00
962 	 994 	168	20.00
963 	 964 	222	13.00
963 	 995 	188	25.00
964 	 965 	207	18.00
965 	 966 	164	13.00
965 	 997 	178	25.00
966 	 967 	170	19.00
967 	 968 	195	15.00
968 	 969 	229	14.00
968 	 1000 	202	20.00
969 	 1001 	161	25.00
971 	 972 	190	18.00
972 	 973 	195	16.00
972 	 1004 	239	21.00
973 	 974 	231	12.00
974 	 975 	164	12.00
974 	 1006 	229	16.00
977 	 978 	206	26.00
977 	 1009 	229	26.00
978 	 979 	192	18.00
981 	 982 	233	19.00
981 	 1013 	175	26.00
982 	 983 	210	19.00
982 	 1014 	181	27.00
983 	 984 	188	17.00
983 	 1015 	176	15.00
985 	 986 	192	19.00
985 	 1017 	224	15.00
986 	 987 	183	27.00
988 	 989 	171	13.00
988 	 1020 	175	16.00
989 	 990 	189	16.00
990 	 991 	237	21.00
991 	 1023 	215	25.00
992 	 993 	160	16.00
993 	 994 	164	19.00
995 	 996 	203	18.00
997 	 998 	171	21.00
999 	 1000 	229	16.00
1002 	 1003 	238	24.00
1003 	 1004 	216	13.00
1005 	 1006 	160	12.00
1006 	 1007 	171	21.00
1007 	 1008 	190	18.00
1008 	 1009 	221	24.00
1009 	 1010 	219	12.00
1010 	 1011 	196	16.00
1011 	 1012 	168	23.00
1015 	 1016 	167	22.00
1018 	 1019 	233	24.00
1019 	 1020 	173	21.00
1020 	 1021 	235	15.00
1022 	 1023 	192	23.00
