512	976	10	0.30

22	 5	 0
105	 36	 0
209	 1	 0
308	 7	 0
428	 -16	 0
505	 11	 0
570	 10	 0
698	 31	 0
795	 -27	 0
900	 -12	 7
1001	 -34	 7
1081	 27	 7
1239	 34	 7
1300	 -5	 5
1396	 -5	 5
1497	 16	 5
1602	 -11	 5
1707	 -37	 5
1771	 4	 5
1889	 -5	 5
1995	 -34	 5
2110	 -10	 5
2202	 -16	 5
2329	 -20	 5
2358	 3	 3
2513	 40	 3
2554	 -25	 3
2669	 -18	 3
2782	 9	 3
2920	 -4	 3
3035	 -16	 3
3091	 -39	 3
28	 100	 0
79	 124	 0
186	 76	 0
324	 105	 0
417	 123	 0
491	 61	 0
585	 145	 0
724	 142	 0
761	 88	 0
877	 102	 7
990	 99	 7
1084	 112	 7
1182	 82	 7
1288	 107	 7
1418	 82	 5
1455	 102	 5
1623	 106	 5
1692	 126	 5
1768	 108	 5
1915	 71	 5
2001	 139	 5
2069	 111	 5
2196	 64	 5
2313	 136	 3
2395	 85	 3
2520	 120	 3
2574	 90	 3
2680	 74	 3
2777	 58	 3
2905	 77	 3
3003	 95	 3
3135	 95	 3
9	 246	 0
89	 236	 0
173	 179	 0
320	 202	 0
367	 202	 0
542	 208	 0
607	 200	 0
692	 217	 0
833	 199	 0
882	 193	 7
988	 205	 7
1083	 214	 7
1175	 241	 7
1309	 179	 7
1375	 242	 5
1512	 210	 5
1572	 194	 5
1700	 215	 5
1768	 193	 5
1884	 195	 5
2022	 197	 5
2089	 200	 5
2232	 218	 5
2292	 182	 3
2372	 212	 3
2518	 207	 3
2604	 182	 3
2691	 194	 3
2773	 190	 3
2853	 181	 3
3020	 177	 3
3085	 194	 3
9	 335	 0
104	 301	 0
201	 322	 0
314	 325	 0
362	 300	 0
473	 331	 0
585	 282	 0
683	 282	 0
798	 315	 0
900	 289	 7
1015	 260	 7
1099	 275	 7
1200	 290	 7
1326	 296	 7
1401	 272	 5
1508	 309	 5
1566	 280	 5
1730	 304	 5
1799	 323	 5
1933	 327	 5
2030	 322	 5
2105	 312	 5
2182	 341	 3
2290	 271	 3
2419	 311	 3
2488	 318	 3
2630	 297	 3
2704	 263	 3
2786	 293	 3
2913	 310	 3
3019	 342	 3
3099	 333	 3
-5	 375	 0
70	 410	 0
200	 425	 0
265	 425	 0
407	 435	 0
548	 371	 0
586	 426	 0
704	 393	 0
810	 415	 0
931	 396	 7
1002	 428	 7
1088	 356	 7
1184	 380	 7
1263	 402	 7
1388	 389	 5
1506	 388	 5
1603	 393	 5
1687	 375	 5
1811	 394	 5
1920	 417	 5
1960	 411	 5
2109	 416	 5
2197	 393	 3
2293	 389	 3
2431	 402	 3
2469	 375	 3
2571	 428	 3
2686	 411	 3
2787	 447	 3
2893	 429	 3
3001	 399	 3
3078	 415	 3
32	 451	 0
75	 492	 0
206	 470	 0
330	 514	 0
400	 484	 0
484	 527	 0
609	 538	 0
665	 506	 0
808	 493	 0
867	 533	 7
1015	 489	 7
1109	 532	 6
1213	 463	 7
1272	 511	 7
1401	 486	 5
1519	 529	 5
1557	 524	 5
1699	 462	 5
1834	 541	 5
1891	 516	 5
1974	 457	 5
2083	 519	 5
2189	 493	 5
2320	 511	 3
2371	 500	 3
2527	 523	 3
2568	 528	 3
2691	 494	 3
2756	 494	 3
2917	 501	 3
3016	 539	 3
3075	 499	 3
-31	 601	 0
61	 601	 0
213	 604	 0
301	 613	 0
383	 588	 0
523	 568	 0
593	 592	 0
730	 581	 7
796	 576	 7
871	 592	 7
1020	 618	 6
1117	 597	 6
1176	 598	 6
1313	 574	 6
1410	 587	 5
1517	 636	 5
1591	 559	 5
1696	 603	 5
1771	 566	 5
1919	 600	 5
2019	 608	 5
2086	 631	 4
2227	 575	 5
2252	 573	 8
2393	 604	 3
2473	 609	 3
2611	 595	 3
2699	 623	 3
2782	 567	 3
2888	 596	 3
2952	 577	 3
3137	 594	 3
15	 677	 0
138	 705	 0
214	 707	 0
304	 662	 0
433	 723	 0
532	 676	 0
645	 673	 7
722	 716	 7
810	 724	 7
893	 684	 7
992	 697	 6
1116	 697	 6
1173	 700	 6
1298	 734	 6
1371	 707	 6
1523	 689	 5
1606	 722	 5
1711	 728	 5
1833	 699	 5
1927	 701	 4
2016	 724	 4
2065	 704	 4
2232	 723	 4
2327	 728	 8
2390	 690	 3
2506	 715	 2
2595	 683	 2
2687	 717	 2
2793	 679	 2
2897	 696	 3
3015	 717	 3
3137	 684	 3
20	 792	 1
133	 754	 1
181	 843	 1
322	 761	 0
446	 809	 1
462	 794	 0
624	 789	 1
687	 806	 7
774	 783	 7
891	 805	 6
1028	 793	 6
1094	 780	 6
1194	 799	 6
1294	 772	 6
1386	 784	 6
1500	 782	 6
1578	 805	 6
1726	 815	 4
1791	 786	 4
1931	 782	 4
1983	 820	 4
2120	 801	 4
2204	 805	 4
2322	 829	 4
2401	 768	 9
2495	 761	 9
2578	 818	 2
2666	 774	 2
2836	 785	 2
2884	 796	 2
2978	 802	 2
3083	 829	 3
14	 900	 1
103	 887	 1
199	 885	 1
307	 905	 1
433	 902	 1
500	 888	 1
593	 904	 1
694	 911	 1
818	 946	 6
905	 894	 6
1019	 887	 6
1108	 886	 6
1220	 876	 6
1295	 889	 6
1375	 903	 6
1456	 903	 6
1586	 904	 6
1697	 885	 4
1783	 897	 4
1905	 916	 4
1997	 921	 4
2146	 890	 4
2196	 902	 4
2337	 893	 4
2410	 867	 9
2498	 871	 2
2571	 888	 2
2681	 926	 2
2790	 860	 2
2902	 932	 2
2979	 888	 2
3118	 873	 2
0	 965	 1
120	 1002	 1
168	 1003	 1
279	 1005	 1
409	 998	 1
521	 1002	 1
623	 995	 1
693	 1003	 1
798	 980	 1
898	 973	 6
1020	 970	 6
1109	 989	 6
1169	 993	 6
1273	 995	 6
1392	 986	 6
1503	 1023	 4
1593	 970	 4
1685	 975	 4
1785	 1043	 4
1927	 979	 4
2012	 985	 4
2128	 1034	 4
2185	 1000	 4
2291	 1014	 4
2411	 1000	 2
2469	 1036	 2
2589	 992	 2
2743	 997	 2
2782	 1018	 2
2863	 991	 2
2981	 954	 2
3114	 1036	 2
-5	 1130	 1
110	 1090	 1
198	 1133	 1
328	 1088	 1
368	 1115	 1
496	 1107	 1
597	 1093	 1
723	 1102	 1
785	 1103	 1
912	 1080	 6
1001	 1142	 6
1100	 1091	 6
1177	 1088	 6
1299	 1096	 6
1392	 1073	 6
1499	 1071	 6
1596	 1102	 4
1704	 1081	 4
1801	 1072	 4
1902	 1095	 4
1979	 1099	 4
2127	 1108	 4
2153	 1145	 4
2324	 1104	 2
2372	 1125	 2
2501	 1118	 2
2564	 1083	 2
2695	 1061	 2
2782	 1118	 2
2928	 1137	 2
2995	 1121	 2
3107	 1076	 2
29	 1204	 1
95	 1213	 1
245	 1214	 1
319	 1216	 1
418	 1207	 1
489	 1221	 1
599	 1176	 1
664	 1201	 1
812	 1181	 1
886	 1224	 1
987	 1175	 6
1094	 1217	 6
1200	 1207	 6
1289	 1192	 6
1423	 1226	 6
1470	 1244	 4
1583	 1243	 4
1732	 1158	 4
1758	 1152	 4
1885	 1197	 4
2012	 1215	 4
2100	 1213	 4
2218	 1191	 4
2316	 1193	 2
2397	 1171	 2
2497	 1192	 2
2572	 1204	 2
2699	 1196	 2
2801	 1209	 2
2887	 1162	 2
3001	 1196	 2
3089	 1192	 2
-16	 1307	 1
54	 1294	 1
161	 1300	 1
333	 1273	 1
405	 1308	 1
482	 1299	 1
598	 1294	 1
718	 1301	 1
800	 1314	 1
897	 1315	 6
1028	 1282	 6
1077	 1335	 6
1211	 1295	 6
1323	 1346	 6
1391	 1342	 6
1495	 1293	 4
1625	 1291	 4
1670	 1309	 4
1779	 1251	 4
1862	 1267	 4
1983	 1284	 4
2130	 1322	 4
2158	 1314	 4
2330	 1282	 2
2376	 1304	 2
2526	 1311	 2
2639	 1287	 2
2694	 1335	 2
2820	 1289	 2
2911	 1318	 2
2994	 1301	 2
3092	 1285	 2
43	 1371	 1
97	 1418	 1
180	 1365	 1
294	 1381	 1
400	 1410	 1
503	 1390	 1
648	 1383	 1
696	 1388	 1
775	 1364	 1
871	 1366	 6
1041	 1370	 6
1125	 1372	 6
1225	 1379	 6
1259	 1375	 6
1426	 1396	 6
1516	 1405	 4
1585	 1389	 4
1715	 1408	 4
1794	 1395	 4
1914	 1409	 4
1985	 1436	 4
2058	 1390	 4
2194	 1378	 4
2295	 1421	 2
2439	 1392	 2
2489	 1355	 2
2616	 1378	 2
2670	 1400	 2
2807	 1436	 2
2868	 1379	 2
2996	 1411	 2
3123	 1373	 2
36	 1517	 1
76	 1519	 1
224	 1533	 1
281	 1508	 1
390	 1550	 1
484	 1521	 1
604	 1498	 1
703	 1506	 1
810	 1515	 1
878	 1487	 6
1004	 1512	 6
1109	 1521	 6
1167	 1508	 6
1334	 1495	 6
1413	 1515	 6
1501	 1541	 6
1576	 1529	 4
1738	 1480	 4
1808	 1459	 4
1915	 1471	 4
1986	 1497	 4
2068	 1507	 4
2194	 1482	 4
2343	 1537	 4
2358	 1482	 2
2495	 1509	 2
2597	 1480	 2
2717	 1506	 2
2793	 1509	 2
2861	 1522	 2
2979	 1516	 2
3068	 1471	 2

0	 1	 214	 25.00
0	 32	 186	 26.00
1	 2	 163	 25.00
1	 33	 182	 15.00
2	 3	 182	 23.00
2	 34	 200	 13.00
3	 4	 235	 16.00
3	 35	 256	 24.00
4	 5	 221	 25.00
4	 36	 261	 23.00
5	 6	 246	 13.00
5	 37	 255	 13.00
6	 7	 276	 22.00
6	 38	 228	 17.00
7	 8	 133	 13.00
7	 39	 124	 20.00
8	 9	 134	 21.00
8	 40	 175	 15.00
9	 10	 229	 17.00
9	 41	 268	 13.00
10	 11	 255	 24.00
10	 42	 203	 26.00
11	 12	 179	 17.00
11	 43	 244	 16.00
12	 13	 162	 26.00
12	 44	 256	 16.00
13	 14	 278	 28.00
13	 45	 185	 13.00
14	 15	 131	 14.00
14	 46	 257	 25.00
15	 16	 186	 27.00
15	 47	 265	 16.00
16	 17	 200	 13.00
16	 48	 275	 18.00
17	 18	 204	 27.00
17	 49	 165	 27.00
18	 19	 154	 20.00
18	 50	 177	 14.00
19	 20	 196	 23.00
19	 51	 235	 23.00
20	 21	 225	 27.00
20	 52	 252	 21.00
21	 22	 170	 23.00
21	 53	 190	 18.00
22	 23	 134	 27.00
22	 54	 126	 26.00
23	 24	 188	 14.00
23	 55	 258	 14.00
24	 25	 276	 22.00
24	 56	 257	 20.00
25	 26	 277	 17.00
25	 57	 181	 14.00
26	 27	 180	 23.00
26	 58	 232	 20.00
27	 28	 126	 16.00
27	 59	 263	 21.00
28	 29	 146	 26.00
28	 60	 276	 24.00
29	 30	 221	 16.00
29	 61	 267	 15.00
30	 31	 176	 24.00
30	 62	 172	 26.00
31	 63	 208	 25.00
32	 33	 279	 18.00
32	 64	 218	 25.00
33	 34	 168	 24.00
33	 65	 270	 15.00
34	 35	 160	 25.00
34	 66	 134	 14.00
35	 36	 124	 18.00
35	 67	 185	 26.00
36	 37	 144	 17.00
36	 68	 221	 13.00
37	 38	 169	 27.00
37	 69	 268	 19.00
38	 39	 176	 19.00
38	 70	 222	 28.00
39	 40	 136	 19.00
39	 71	 187	 19.00
40	 41	 183	 24.00
40	 72	 126	 15.00
41	 42	 123	 15.00
41	 73	 129	 12.00
42	 43	 196	 14.00
42	 74	 225	 25.00
43	 44	 156	 13.00
43	 75	 127	 13.00
44	 45	 189	 25.00
44	 76	 273	 15.00
45	 46	 235	 21.00
45	 77	 196	 25.00
46	 47	 191	 14.00
46	 78	 157	 22.00
47	 48	 147	 23.00
47	 79	 196	 21.00
48	 49	 178	 18.00
48	 80	 181	 24.00
49	 50	 136	 18.00
49	 81	 152	 13.00
50	 51	 249	 20.00
50	 82	 180	 22.00
51	 52	 201	 28.00
51	 83	 164	 16.00
52	 53	 171	 23.00
52	 84	 193	 14.00
53	 54	 279	 15.00
53	 85	 251	 16.00
54	 55	 198	 12.00
54	 86	 185	 21.00
55	 56	 156	 13.00
55	 87	 242	 20.00
56	 57	 160	 12.00
56	 88	 146	 23.00
57	 58	 274	 15.00
57	 89	 126	 17.00
58	 59	 207	 21.00
58	 90	 277	 22.00
59	 60	 192	 24.00
59	 91	 204	 13.00
60	 61	 280	 17.00
60	 92	 271	 12.00
61	 62	 230	 16.00
61	 93	 141	 12.00
62	 63	 254	 13.00
62	 94	 184	 26.00
63	 95	 156	 20.00
64	 65	 231	 16.00
64	 96	 129	 21.00
65	 66	 192	 16.00
65	 97	 185	 19.00
66	 67	 266	 23.00
66	 98	 222	 12.00
67	 68	 236	 17.00
67	 99	 121	 12.00
68	 69	 213	 21.00
68	 100	 157	 23.00
69	 70	 154	 26.00
69	 101	 168	 28.00
70	 71	 190	 21.00
70	 102	 276	 18.00
71	 72	 276	 13.00
71	 103	 211	 18.00
72	 73	 257	 24.00
72	 104	 173	 21.00
73	 74	 248	 28.00
73	 105	 214	 27.00
74	 75	 258	 22.00
74	 106	 146	 18.00
75	 76	 176	 24.00
75	 107	 197	 18.00
76	 77	 178	 26.00
76	 108	 185	 19.00
77	 78	 210	 18.00
77	 109	 148	 22.00
78	 79	 193	 23.00
78	 110	 211	 23.00
79	 80	 254	 25.00
79	 111	 279	 28.00
80	 81	 132	 13.00
80	 112	 173	 24.00
81	 82	 241	 23.00
81	 113	 198	 26.00
82	 83	 168	 16.00
82	 114	 248	 23.00
83	 84	 124	 14.00
83	 115	 207	 16.00
84	 85	 210	 22.00
84	 116	 207	 17.00
85	 86	 165	 18.00
85	 117	 196	 24.00
86	 87	 213	 26.00
86	 118	 253	 18.00
87	 88	 149	 25.00
87	 119	 134	 19.00
88	 89	 266	 25.00
88	 120	 248	 20.00
89	 90	 167	 28.00
89	 121	 279	 25.00
90	 91	 232	 15.00
90	 122	 163	 22.00
91	 92	 199	 22.00
91	 123	 228	 14.00
92	 93	 137	 16.00
92	 124	 161	 19.00
93	 94	 132	 20.00
93	 125	 161	 20.00
94	 95	 197	 21.00
94	 126	 124	 23.00
95	 127	 153	 22.00
96	 97	 245	 27.00
96	 128	 143	 22.00
97	 98	 147	 21.00
97	 129	 193	 25.00
98	 99	 249	 17.00
98	 130	 263	 12.00
99	 100	 276	 25.00
99	 131	 270	 19.00
100	 101	 164	 16.00
100	 132	 233	 26.00
101	 102	 158	 27.00
101	 133	 153	 13.00
102	 103	 270	 18.00
102	 134	 219	 28.00
103	 104	 141	 16.00
103	 135	 216	 22.00
104	 105	 259	 18.00
104	 136	 173	 22.00
105	 106	 200	 28.00
105	 137	 232	 24.00
106	 107	 127	 17.00
106	 138	 265	 20.00
107	 108	 188	 15.00
107	 139	 194	 26.00
108	 109	 217	 27.00
108	 140	 234	 26.00
109	 110	 254	 14.00
109	 141	 267	 19.00
110	 111	 242	 25.00
110	 142	 137	 19.00
111	 112	 154	 13.00
111	 143	 202	 21.00
112	 113	 211	 27.00
112	 144	 155	 13.00
113	 114	 187	 26.00
113	 145	 274	 18.00
114	 115	 144	 15.00
114	 146	 278	 24.00
115	 116	 230	 15.00
115	 147	 164	 23.00
116	 117	 237	 23.00
116	 148	 162	 20.00
117	 118	 202	 13.00
117	 149	 187	 21.00
118	 119	 260	 13.00
118	 150	 252	 26.00
119	 120	 180	 26.00
119	 151	 126	 26.00
120	 121	 184	 24.00
120	 152	 172	 24.00
121	 122	 223	 24.00
121	 153	 158	 12.00
122	 123	 265	 25.00
122	 154	 224	 24.00
123	 124	 278	 14.00
123	 155	 200	 17.00
124	 125	 136	 25.00
124	 156	 160	 19.00
125	 126	 163	 19.00
125	 157	 258	 24.00
126	 127	 157	 27.00
126	 158	 179	 16.00
127	 159	 191	 24.00
128	 129	 262	 24.00
128	 160	 235	 24.00
129	 130	 262	 21.00
129	 161	 205	 17.00
130	 131	 274	 25.00
130	 162	 278	 16.00
131	 132	 137	 22.00
131	 163	 145	 25.00
132	 133	 157	 15.00
132	 164	 132	 23.00
133	 134	 158	 27.00
133	 165	 168	 21.00
134	 135	 195	 23.00
134	 166	 232	 22.00
135	 136	 222	 27.00
135	 167	 154	 26.00
136	 137	 137	 17.00
136	 168	 244	 13.00
137	 138	 253	 14.00
137	 169	 210	 14.00
138	 139	 199	 20.00
138	 170	 188	 25.00
139	 140	 251	 27.00
139	 171	 137	 26.00
140	 141	 219	 17.00
140	 172	 171	 16.00
141	 142	 134	 13.00
141	 173	 181	 20.00
142	 143	 261	 15.00
142	 174	 199	 14.00
143	 144	 223	 21.00
143	 175	 239	 23.00
144	 145	 169	 21.00
144	 176	 154	 21.00
145	 146	 262	 23.00
145	 177	 166	 17.00
146	 147	 174	 18.00
146	 178	 136	 27.00
147	 148	 198	 18.00
147	 179	 257	 26.00
148	 149	 232	 12.00
148	 180	 171	 27.00
149	 150	 263	 28.00
149	 181	 179	 20.00
150	 151	 238	 21.00
150	 182	 142	 22.00
151	 152	 160	 22.00
151	 183	 132	 14.00
152	 153	 210	 28.00
152	 184	 272	 12.00
153	 154	 195	 28.00
153	 185	 268	 22.00
154	 155	 165	 26.00
154	 186	 244	 14.00
155	 156	 214	 24.00
155	 187	 216	 27.00
156	 157	 213	 13.00
156	 188	 125	 19.00
157	 158	 262	 15.00
157	 189	 157	 18.00
158	 159	 231	 17.00
158	 190	 136	 27.00
159	 191	 123	 18.00
160	 161	 271	 23.00
160	 192	 195	 21.00
161	 162	 177	 23.00
161	 193	 171	 13.00
162	 163	 238	 20.00
162	 194	 246	 26.00
163	 164	 199	 17.00
163	 195	 235	 16.00
164	 165	 211	 26.00
164	 196	 247	 19.00
165	 166	 229	 12.00
165	 197	 148	 18.00
166	 167	 217	 23.00
166	 198	 252	 23.00
167	 168	 142	 28.00
167	 199	 148	 26.00
168	 169	 221	 19.00
168	 200	 207	 12.00
169	 170	 130	 15.00
169	 201	 242	 12.00
170	 171	 139	 13.00
170	 202	 139	 24.00
171	 172	 163	 17.00
171	 203	 254	 16.00
172	 173	 136	 15.00
172	 204	 183	 18.00
173	 174	 185	 24.00
173	 205	 196	 17.00
174	 175	 149	 23.00
174	 206	 162	 17.00
175	 176	 260	 20.00
175	 207	 167	 26.00
176	 177	 130	 24.00
176	 208	 250	 13.00
177	 178	 224	 22.00
177	 209	 195	 12.00
178	 179	 217	 23.00
178	 210	 233	 13.00
179	 180	 264	 27.00
179	 211	 209	 14.00
180	 181	 235	 12.00
180	 212	 260	 28.00
181	 182	 220	 23.00
181	 213	 173	 22.00
182	 183	 160	 15.00
182	 214	 212	 21.00
183	 184	 254	 25.00
183	 215	 218	 12.00
184	 185	 244	 14.00
184	 216	 172	 18.00
185	 186	 202	 14.00
185	 217	 172	 12.00
186	 187	 169	 25.00
186	 218	 167	 28.00
187	 188	 209	 23.00
187	 219	 238	 15.00
188	 189	 197	 25.00
188	 220	 168	 13.00
189	 190	 237	 16.00
189	 221	 280	 24.00
190	 191	 166	 26.00
190	 222	 171	 23.00
191	 223	 185	 27.00
192	 193	 217	 26.00
192	 224	 186	 24.00
193	 194	 208	 15.00
193	 225	 271	 26.00
194	 195	 190	 19.00
194	 226	 270	 21.00
195	 196	 162	 18.00
195	 227	 252	 26.00
196	 197	 120	 20.00
196	 228	 136	 18.00
197	 198	 139	 18.00
197	 229	 181	 19.00
198	 199	 266	 17.00
198	 230	 244	 25.00
199	 200	 216	 13.00
199	 231	 241	 28.00
200	 201	 204	 21.00
200	 232	 157	 27.00
201	 202	 120	 26.00
201	 233	 197	 28.00
202	 203	 221	 17.00
202	 234	 257	 17.00
203	 204	 258	 12.00
203	 235	 132	 25.00
204	 205	 232	 28.00
204	 236	 255	 28.00
205	 206	 254	 17.00
205	 237	 139	 20.00
206	 207	 250	 12.00
206	 238	 180	 21.00
207	 208	 262	 23.00
207	 239	 274	 27.00
208	 209	 165	 23.00
208	 240	 131	 14.00
209	 210	 224	 16.00
209	 241	 151	 27.00
210	 211	 200	 23.00
210	 242	 277	 28.00
211	 212	 184	 21.00
211	 243	 207	 21.00
212	 213	 177	 16.00
212	 244	 226	 20.00
213	 214	 265	 24.00
213	 245	 264	 13.00
214	 215	 220	 12.00
214	 246	 176	 14.00
215	 216	 240	 18.00
215	 247	 199	 13.00
216	 217	 216	 27.00
216	 248	 265	 13.00
217	 218	 266	 25.00
217	 249	 261	 14.00
218	 219	 253	 14.00
218	 250	 268	 26.00
219	 220	 135	 25.00
219	 251	 259	 19.00
220	 221	 256	 27.00
220	 252	 129	 28.00
221	 222	 244	 12.00
221	 253	 192	 20.00
222	 223	 127	 13.00
222	 254	 210	 26.00
223	 255	 143	 25.00
224	 225	 224	 26.00
224	 256	 260	 22.00
225	 226	 166	 24.00
225	 257	 240	 19.00
226	 227	 238	 12.00
226	 258	 232	 15.00
227	 228	 169	 14.00
227	 259	 240	 19.00
228	 229	 203	 15.00
228	 260	 141	 21.00
229	 230	 226	 12.00
229	 261	 259	 16.00
230	 231	 268	 23.00
230	 262	 274	 28.00
231	 232	 193	 21.00
231	 263	 220	 27.00
232	 233	 132	 20.00
232	 264	 172	 20.00
233	 234	 192	 28.00
233	 265	 217	 23.00
234	 235	 257	 27.00
234	 266	 180	 15.00
235	 236	 263	 27.00
235	 267	 213	 25.00
236	 237	 257	 14.00
236	 268	 214	 18.00
237	 238	 157	 12.00
237	 269	 214	 18.00
238	 239	 168	 22.00
238	 270	 207	 19.00
239	 240	 144	 25.00
239	 271	 217	 25.00
240	 241	 161	 14.00
240	 272	 243	 18.00
241	 242	 228	 21.00
241	 273	 175	 20.00
242	 243	 136	 27.00
242	 274	 180	 16.00
243	 244	 140	 25.00
243	 275	 243	 25.00
244	 245	 207	 17.00
244	 276	 222	 16.00
245	 246	 136	 21.00
245	 277	 179	 20.00
246	 247	 268	 26.00
246	 278	 232	 19.00
247	 248	 249	 20.00
247	 279	 216	 23.00
248	 249	 219	 27.00
248	 280	 266	 16.00
249	 250	 254	 18.00
249	 281	 263	 21.00
250	 251	 169	 15.00
250	 282	 275	 16.00
251	 252	 190	 24.00
251	 283	 207	 26.00
252	 253	 226	 16.00
252	 284	 210	 24.00
253	 254	 157	 17.00
253	 285	 212	 24.00
254	 255	 199	 23.00
254	 286	 199	 18.00
255	 287	 236	 19.00
256	 257	 279	 15.00
256	 288	 179	 15.00
257	 258	 127	 18.00
257	 289	 195	 27.00
258	 259	 139	 12.00
258	 290	 211	 26.00
259	 260	 134	 27.00
259	 291	 196	 23.00
260	 261	 135	 27.00
260	 292	 140	 28.00
261	 262	 174	 26.00
261	 293	 228	 14.00
262	 263	 130	 16.00
262	 294	 216	 25.00
263	 264	 247	 25.00
263	 295	 173	 18.00
264	 265	 242	 22.00
264	 296	 217	 13.00
265	 266	 247	 19.00
265	 297	 149	 20.00
266	 267	 183	 13.00
266	 298	 181	 25.00
267	 268	 279	 15.00
267	 299	 188	 18.00
268	 269	 210	 21.00
268	 300	 229	 26.00
269	 270	 234	 26.00
269	 301	 222	 23.00
270	 271	 155	 25.00
270	 302	 143	 27.00
271	 272	 228	 21.00
271	 303	 138	 20.00
272	 273	 245	 24.00
272	 304	 168	 25.00
273	 274	 202	 17.00
273	 305	 157	 18.00
274	 275	 205	 28.00
274	 306	 144	 27.00
275	 276	 217	 27.00
275	 307	 217	 14.00
276	 277	 143	 25.00
276	 308	 274	 22.00
277	 278	 212	 26.00
277	 309	 264	 12.00
278	 279	 256	 12.00
278	 310	 188	 23.00
279	 280	 198	 27.00
279	 311	 155	 16.00
280	 281	 195	 26.00
280	 312	 240	 14.00
281	 282	 158	 16.00
281	 313	 194	 15.00
282	 283	 265	 26.00
282	 314	 126	 22.00
283	 284	 227	 14.00
283	 315	 279	 13.00
284	 285	 269	 23.00
284	 316	 198	 13.00
285	 286	 221	 13.00
285	 317	 179	 23.00
286	 287	 166	 18.00
286	 318	 139	 13.00
287	 319	 163	 25.00
288	 289	 267	 16.00
288	 320	 149	 26.00
289	 290	 138	 17.00
289	 321	 168	 22.00
290	 291	 248	 23.00
290	 322	 245	 24.00
291	 292	 224	 20.00
291	 323	 123	 25.00
292	 293	 134	 18.00
292	 324	 131	 19.00
293	 294	 218	 20.00
293	 325	 253	 24.00
294	 295	 202	 14.00
294	 326	 178	 15.00
295	 296	 229	 13.00
295	 327	 172	 28.00
296	 297	 120	 27.00
296	 328	 251	 23.00
297	 298	 271	 20.00
297	 329	 229	 26.00
298	 299	 174	 24.00
298	 330	 280	 19.00
299	 300	 264	 17.00
299	 331	 183	 20.00
300	 301	 129	 26.00
300	 332	 230	 25.00
301	 302	 204	 16.00
301	 333	 245	 17.00
302	 303	 198	 14.00
302	 334	 170	 16.00
303	 304	 198	 20.00
303	 335	 140	 22.00
304	 305	 271	 21.00
304	 336	 154	 26.00
305	 306	 214	 14.00
305	 337	 152	 19.00
306	 307	 234	 18.00
306	 338	 246	 17.00
307	 308	 216	 22.00
307	 339	 141	 16.00
308	 309	 226	 22.00
308	 340	 176	 19.00
309	 310	 167	 27.00
309	 341	 182	 19.00
310	 311	 279	 15.00
310	 342	 191	 14.00
311	 312	 159	 15.00
311	 343	 200	 12.00
312	 313	 247	 27.00
312	 344	 232	 26.00
313	 314	 179	 24.00
313	 345	 174	 26.00
314	 315	 156	 27.00
314	 346	 195	 19.00
315	 316	 183	 18.00
315	 347	 183	 18.00
316	 317	 160	 19.00
316	 348	 139	 15.00
317	 318	 263	 28.00
317	 349	 164	 17.00
318	 319	 181	 16.00
318	 350	 121	 25.00
319	 351	 215	 26.00
320	 321	 178	 18.00
320	 352	 162	 25.00
321	 322	 131	 16.00
321	 353	 256	 23.00
322	 323	 256	 23.00
322	 354	 242	 17.00
323	 324	 166	 17.00
323	 355	 164	 14.00
324	 325	 280	 26.00
324	 356	 253	 14.00
325	 326	 217	 18.00
325	 357	 127	 14.00
326	 327	 245	 13.00
326	 358	 133	 23.00
327	 328	 163	 24.00
327	 359	 186	 14.00
328	 329	 124	 22.00
328	 360	 140	 23.00
329	 330	 228	 15.00
329	 361	 203	 16.00
330	 331	 146	 21.00
330	 362	 249	 21.00
331	 332	 272	 27.00
331	 363	 227	 22.00
332	 333	 214	 15.00
332	 364	 271	 18.00
333	 334	 166	 19.00
333	 365	 192	 25.00
334	 335	 205	 12.00
334	 366	 145	 26.00
335	 336	 190	 13.00
335	 367	 130	 13.00
336	 337	 262	 22.00
336	 368	 242	 15.00
337	 338	 160	 25.00
337	 369	 151	 24.00
338	 339	 207	 13.00
338	 370	 274	 18.00
339	 340	 154	 19.00
339	 371	 156	 14.00
340	 341	 271	 18.00
340	 372	 256	 16.00
341	 342	 159	 17.00
341	 373	 133	 13.00
342	 343	 167	 20.00
342	 374	 243	 17.00
343	 344	 238	 20.00
343	 375	 222	 22.00
344	 345	 144	 26.00
344	 376	 226	 14.00
345	 346	 136	 16.00
345	 377	 126	 23.00
346	 347	 264	 19.00
346	 378	 199	 18.00
347	 348	 156	 12.00
347	 379	 220	 18.00
348	 349	 141	 21.00
348	 380	 251	 18.00
349	 350	 194	 27.00
349	 381	 253	 14.00
350	 351	 227	 15.00
350	 382	 146	 28.00
351	 383	 171	 14.00
352	 353	 153	 15.00
352	 384	 242	 16.00
353	 354	 275	 22.00
353	 385	 196	 19.00
354	 355	 223	 15.00
354	 386	 267	 28.00
355	 356	 228	 12.00
355	 387	 158	 19.00
356	 357	 159	 28.00
356	 388	 197	 26.00
357	 358	 166	 23.00
357	 389	 276	 17.00
358	 359	 268	 20.00
358	 390	 271	 16.00
359	 360	 164	 22.00
359	 391	 189	 15.00
360	 361	 221	 23.00
360	 392	 177	 19.00
361	 362	 181	 15.00
361	 393	 217	 12.00
362	 363	 186	 17.00
362	 394	 278	 26.00
363	 364	 274	 14.00
363	 395	 260	 17.00
364	 365	 271	 27.00
364	 396	 198	 18.00
365	 366	 161	 28.00
365	 397	 233	 22.00
366	 367	 188	 20.00
366	 398	 143	 27.00
367	 368	 209	 28.00
367	 399	 234	 20.00
368	 369	 225	 16.00
368	 400	 263	 17.00
369	 370	 234	 17.00
369	 401	 157	 27.00
370	 371	 132	 27.00
370	 402	 241	 13.00
371	 372	 183	 16.00
371	 403	 174	 12.00
372	 373	 175	 14.00
372	 404	 188	 19.00
373	 374	 262	 14.00
373	 405	 225	 27.00
374	 375	 253	 15.00
374	 406	 120	 16.00
375	 376	 215	 25.00
375	 407	 244	 26.00
376	 377	 257	 22.00
376	 408	 188	 23.00
377	 378	 273	 28.00
377	 409	 208	 21.00
378	 379	 168	 26.00
378	 410	 220	 26.00
379	 380	 145	 25.00
379	 411	 239	 18.00
380	 381	 202	 22.00
380	 412	 251	 16.00
381	 382	 186	 18.00
381	 413	 244	 17.00
382	 383	 182	 24.00
382	 414	 209	 25.00
383	 415	 143	 12.00
384	 385	 248	 14.00
384	 416	 156	 26.00
385	 386	 259	 13.00
385	 417	 222	 16.00
386	 387	 160	 17.00
386	 418	 203	 17.00
387	 388	 152	 16.00
387	 419	 275	 16.00
388	 389	 151	 26.00
388	 420	 248	 22.00
389	 390	 261	 25.00
389	 421	 228	 18.00
390	 391	 280	 23.00
390	 422	 246	 18.00
391	 392	 121	 14.00
391	 423	 280	 25.00
392	 393	 186	 25.00
392	 424	 207	 19.00
393	 394	 254	 18.00
393	 425	 179	 22.00
394	 395	 199	 15.00
394	 426	 138	 22.00
395	 396	 171	 24.00
395	 427	 157	 28.00
396	 397	 260	 17.00
396	 428	 199	 26.00
397	 398	 134	 23.00
397	 429	 143	 14.00
398	 399	 157	 15.00
398	 430	 128	 24.00
399	 400	 178	 17.00
399	 431	 211	 19.00
400	 401	 148	 24.00
400	 432	 126	 17.00
401	 402	 215	 23.00
401	 433	 278	 13.00
402	 403	 200	 16.00
402	 434	 247	 15.00
403	 404	 128	 17.00
403	 435	 269	 23.00
404	 405	 247	 24.00
404	 436	 229	 19.00
405	 406	 138	 12.00
405	 437	 181	 16.00
406	 407	 267	 15.00
406	 438	 130	 20.00
407	 408	 161	 15.00
407	 439	 187	 18.00
408	 409	 150	 20.00
408	 440	 229	 18.00
409	 410	 169	 20.00
409	 441	 174	 26.00
410	 411	 172	 14.00
410	 442	 137	 15.00
411	 412	 238	 28.00
411	 443	 141	 13.00
412	 413	 216	 16.00
412	 444	 171	 19.00
413	 414	 189	 24.00
413	 445	 215	 21.00
414	 415	 266	 20.00
414	 446	 128	 20.00
415	 447	 222	 17.00
416	 417	 232	 25.00
416	 448	 209	 14.00
417	 418	 266	 18.00
417	 449	 151	 28.00
418	 419	 184	 25.00
418	 450	 231	 18.00
419	 420	 199	 12.00
419	 451	 269	 20.00
420	 421	 206	 24.00
420	 452	 248	 26.00
421	 422	 237	 26.00
421	 453	 233	 25.00
422	 423	 213	 28.00
422	 454	 130	 12.00
423	 424	 225	 15.00
423	 455	 154	 21.00
424	 425	 219	 12.00
424	 456	 249	 16.00
425	 426	 277	 28.00
425	 457	 172	 23.00
426	 427	 249	 27.00
426	 458	 227	 16.00
427	 428	 233	 20.00
427	 459	 181	 19.00
428	 429	 280	 24.00
428	 460	 197	 24.00
429	 430	 139	 22.00
429	 461	 173	 24.00
430	 431	 153	 13.00
430	 462	 162	 16.00
431	 432	 168	 19.00
431	 463	 178	 14.00
432	 433	 136	 28.00
432	 464	 195	 20.00
433	 434	 196	 18.00
433	 465	 203	 28.00
434	 435	 235	 21.00
434	 466	 258	 27.00
435	 436	 260	 19.00
435	 467	 143	 13.00
436	 437	 268	 20.00
436	 468	 143	 19.00
437	 438	 122	 21.00
437	 469	 194	 16.00
438	 439	 120	 24.00
438	 470	 179	 15.00
439	 440	 252	 20.00
439	 471	 232	 13.00
440	 441	 136	 27.00
440	 472	 210	 22.00
441	 442	 265	 21.00
441	 473	 152	 19.00
442	 443	 273	 28.00
442	 474	 254	 22.00
443	 444	 208	 14.00
443	 475	 193	 23.00
444	 445	 170	 19.00
444	 476	 180	 26.00
445	 446	 251	 27.00
445	 477	 189	 28.00
446	 447	 218	 19.00
446	 478	 146	 17.00
447	 479	 264	 19.00
448	 449	 141	 14.00
448	 480	 150	 21.00
449	 450	 221	 25.00
449	 481	 209	 20.00
450	 451	 144	 12.00
450	 482	 194	 25.00
451	 452	 228	 24.00
451	 483	 129	 22.00
452	 453	 171	 21.00
452	 484	 251	 24.00
453	 454	 212	 14.00
453	 485	 165	 25.00
454	 455	 263	 21.00
454	 486	 154	 26.00
455	 456	 196	 16.00
455	 487	 208	 20.00
456	 457	 158	 27.00
456	 488	 135	 12.00
457	 458	 147	 18.00
457	 489	 228	 13.00
458	 459	 261	 27.00
458	 490	 245	 23.00
459	 460	 273	 14.00
459	 491	 141	 27.00
460	 461	 269	 19.00
460	 492	 229	 25.00
461	 462	 171	 15.00
461	 493	 131	 27.00
462	 463	 150	 15.00
462	 494	 224	 16.00
463	 464	 217	 15.00
463	 495	 233	 21.00
464	 465	 177	 25.00
464	 496	 130	 27.00
465	 466	 222	 13.00
465	 497	 163	 23.00
466	 467	 205	 23.00
466	 498	 203	 23.00
467	 468	 227	 15.00
467	 499	 175	 14.00
468	 469	 159	 27.00
468	 500	 166	 21.00
469	 470	 203	 26.00
469	 501	 217	 15.00
470	 471	 259	 26.00
470	 502	 186	 13.00
471	 472	 253	 26.00
471	 503	 137	 22.00
472	 473	 216	 18.00
472	 504	 129	 14.00
473	 474	 195	 19.00
473	 505	 243	 26.00
474	 475	 219	 13.00
474	 506	 194	 16.00
475	 476	 261	 19.00
475	 507	 222	 21.00
476	 477	 197	 17.00
476	 508	 130	 16.00
477	 478	 224	 19.00
477	 509	 247	 23.00
478	 479	 166	 13.00
478	 510	 206	 23.00
479	 511	 185	 17.00
480	 481	 261	 21.00
481	 482	 154	 15.00
482	 483	 214	 22.00
483	 484	 226	 18.00
484	 485	 188	 27.00
485	 486	 160	 17.00
486	 487	 272	 16.00
487	 488	 204	 25.00
488	 489	 166	 13.00
489	 490	 207	 15.00
490	 491	 224	 23.00
491	 492	 143	 21.00
492	 493	 245	 23.00
493	 494	 188	 14.00
494	 495	 147	 15.00
495	 496	 133	 20.00
496	 497	 198	 22.00
497	 498	 170	 13.00
498	 499	 164	 14.00
499	 500	 221	 17.00
500	 501	 185	 18.00
501	 502	 265	 24.00
502	 503	 272	 12.00
503	 504	 230	 26.00
504	 505	 197	 27.00
505	 506	 217	 12.00
506	 507	 226	 18.00
507	 508	 192	 21.00
508	 509	 140	 18.00
509	 510	 141	 22.00
510	 511	 216	 24.00
