512	976	10	0.30

2	 -1	 0
122	 -5	 0
209	 14	 0
303	 -8	 0
413	 17	 0
502	 -17	 0
581	 -9	 0
703	 -2	 7
809	 -24	 7
906	 -18	 7
1017	 -11	 7
1095	 16	 7
1214	 2	 7
1306	 18	 7
1393	 6	 5
1511	 -6	 5
1599	 -1	 5
1720	 -28	 5
1774	 41	 5
1895	 -20	 5
1967	 -8	 5
2128	 4	 5
2176	 24	 5
2319	 -8	 3
2396	 5	 3
2505	 32	 3
2558	 -31	 3
2692	 -34	 3
2808	 21	 3
2936	 20	 3
3038	 7	 3
3100	 1	 3
9	 110	 0
79	 85	 0
172	 69	 0
333	 86	 0
420	 117	 0
512	 94	 0
600	 110	 0
720	 95	 7
762	 99	 7
888	 129	 7
979	 94	 7
1097	 109	 7
1160	 91	 7
1256	 96	 7
1382	 116	 5
1499	 93	 5
1629	 117	 5
1715	 106	 5
1772	 119	 5
1911	 62	 5
2004	 135	 5
2086	 92	 5
2207	 101	 5
2342	 118	 3
2373	 86	 3
2496	 129	 3
2584	 128	 3
2669	 90	 3
2780	 97	 3
2863	 106	 3
3010	 107	 3
3118	 83	 3
-1	 201	 0
134	 212	 0
177	 222	 0
297	 204	 0
401	 179	 0
499	 228	 0
579	 221	 0
680	 219	 0
818	 172	 0
893	 187	 7
977	 206	 7
1100	 181	 7
1194	 230	 7
1297	 176	 7
1352	 207	 5
1492	 190	 5
1597	 184	 5
1660	 215	 5
1800	 203	 5
1868	 207	 5
2028	 226	 5
2073	 186	 5
2217	 195	 5
2303	 216	 3
2370	 200	 3
2530	 166	 3
2570	 215	 3
2663	 201	 3
2778	 162	 3
2870	 179	 3
3031	 163	 3
3105	 186	 3
33	 300	 0
136	 303	 0
188	 324	 0
295	 296	 0
391	 328	 0
462	 299	 0
581	 288	 0
659	 308	 0
810	 270	 7
913	 321	 7
991	 307	 7
1125	 294	 7
1204	 308	 7
1337	 342	 5
1400	 284	 5
1504	 287	 5
1563	 301	 5
1704	 285	 5
1828	 298	 5
1945	 300	 5
2041	 313	 5
2120	 286	 5
2185	 307	 3
2272	 257	 3
2407	 318	 3
2508	 298	 3
2613	 272	 3
2724	 269	 3
2806	 319	 3
2901	 311	 3
3035	 301	 3
3136	 298	 3
-6	 386	 0
101	 380	 0
191	 396	 0
299	 417	 0
379	 430	 0
529	 371	 0
602	 403	 0
687	 399	 0
772	 409	 7
885	 391	 7
966	 434	 7
1098	 383	 7
1200	 407	 6
1265	 390	 5
1375	 380	 5
1489	 395	 5
1632	 382	 5
1671	 379	 5
1807	 376	 5
1931	 423	 5
1998	 397	 5
2107	 411	 5
2205	 428	 5
2311	 391	 3
2409	 412	 3
2472	 398	 3
2554	 426	 3
2714	 427	 3
2790	 430	 3
2905	 413	 3
2983	 416	 3
3110	 413	 3
31	 474	 0
66	 456	 0
171	 478	 0
328	 509	 0
382	 472	 0
476	 509	 0
601	 530	 0
689	 502	 0
789	 519	 7
900	 545	 6
1022	 496	 6
1091	 525	 6
1192	 465	 6
1294	 527	 6
1427	 462	 5
1484	 529	 5
1600	 525	 5
1682	 476	 5
1835	 522	 5
1884	 503	 5
2007	 480	 5
2103	 510	 5
2233	 477	 5
2334	 498	 3
2413	 512	 3
2512	 496	 3
2606	 528	 3
2691	 499	 3
2759	 482	 3
2914	 479	 3
3030	 524	 3
3108	 474	 3
-12	 595	 0
95	 601	 0
207	 582	 0
286	 607	 0
392	 600	 0
525	 571	 0
635	 588	 0
716	 595	 0
765	 575	 7
872	 566	 6
1031	 617	 6
1108	 582	 6
1199	 584	 6
1286	 576	 6
1398	 590	 6
1524	 628	 5
1554	 589	 5
1686	 630	 5
1781	 579	 5
1917	 595	 5
2015	 587	 4
2079	 621	 5
2197	 598	 5
2273	 582	 9
2438	 619	 3
2463	 580	 3
2621	 629	 3
2704	 602	 3
2802	 591	 3
2925	 640	 3
2974	 612	 3
3127	 626	 8
18	 702	 0
140	 712	 0
185	 701	 0
289	 682	 0
405	 709	 0
521	 690	 0
600	 707	 6
730	 713	 6
777	 689	 6
927	 711	 6
984	 655	 6
1138	 689	 6
1210	 713	 6
1311	 730	 6
1399	 721	 6
1478	 657	 5
1569	 694	 5
1728	 710	 5
1849	 687	 5
1915	 670	 5
1995	 698	 4
2072	 711	 4
2203	 748	 9
2335	 707	 9
2399	 691	 9
2492	 710	 3
2592	 684	 3
2697	 703	 3
2815	 692	 2
2904	 701	 3
2999	 688	 3
3097	 702	 8
34	 793	 0
126	 781	 0
226	 826	 0
327	 800	 0
435	 763	 0
510	 803	 1
642	 806	 6
698	 798	 6
763	 807	 1
858	 812	 6
1025	 812	 6
1132	 812	 6
1209	 804	 6
1317	 816	 6
1395	 794	 6
1504	 804	 6
1599	 807	 6
1728	 809	 4
1800	 757	 4
1935	 772	 4
1999	 814	 4
2128	 780	 4
2221	 775	 4
2330	 816	 9
2420	 794	 9
2508	 757	 3
2577	 816	 2
2694	 789	 2
2803	 808	 2
2890	 831	 2
3000	 802	 8
3118	 825	 8
31	 878	 1
101	 870	 1
172	 869	 1
319	 879	 0
417	 889	 1
522	 867	 1
591	 922	 1
698	 900	 1
785	 924	 1
923	 872	 6
991	 904	 6
1088	 896	 6
1209	 901	 6
1304	 872	 6
1369	 895	 6
1501	 907	 6
1616	 911	 4
1669	 880	 4
1822	 892	 4
1873	 897	 4
1967	 910	 4
2115	 901	 4
2190	 901	 4
2337	 920	 9
2386	 902	 9
2521	 862	 2
2568	 911	 2
2722	 942	 2
2786	 867	 2
2916	 935	 2
2980	 860	 2
3093	 887	 8
-26	 982	 1
104	 979	 1
179	 1010	 1
296	 976	 1
420	 1002	 1
536	 1000	 1
641	 1009	 1
684	 997	 1
814	 988	 1
901	 991	 6
1004	 999	 6
1139	 974	 6
1180	 1010	 6
1298	 983	 6
1408	 960	 4
1500	 1005	 4
1598	 989	 4
1687	 977	 4
1776	 1030	 4
1922	 1011	 4
2002	 1002	 4
2096	 1008	 4
2218	 1005	 4
2306	 999	 2
2426	 979	 2
2485	 1014	 2
2588	 1035	 2
2730	 1024	 2
2759	 1003	 2
2875	 1015	 2
2970	 1000	 2
3106	 1047	 2
20	 1081	 1
122	 1114	 1
201	 1134	 1
308	 1133	 1
390	 1111	 1
462	 1113	 1
603	 1105	 1
719	 1081	 1
808	 1100	 1
896	 1111	 1
1022	 1107	 6
1113	 1081	 6
1187	 1054	 6
1283	 1116	 6
1406	 1102	 4
1481	 1074	 4
1621	 1099	 4
1705	 1090	 4
1799	 1093	 4
1868	 1116	 4
1998	 1086	 4
2144	 1115	 4
2182	 1139	 4
2289	 1123	 4
2381	 1091	 2
2491	 1118	 2
2562	 1105	 2
2669	 1058	 2
2772	 1120	 2
2920	 1137	 2
2980	 1105	 2
3085	 1055	 2
23	 1186	 1
96	 1208	 1
234	 1220	 1
315	 1190	 1
389	 1211	 1
518	 1184	 1
562	 1215	 1
689	 1200	 1
802	 1196	 1
899	 1184	 1
998	 1188	 6
1060	 1197	 6
1182	 1214	 6
1273	 1165	 6
1400	 1220	 4
1467	 1215	 4
1578	 1209	 4
1715	 1153	 4
1755	 1164	 4
1904	 1184	 4
2017	 1233	 4
2101	 1201	 4
2191	 1240	 2
2289	 1202	 2
2400	 1189	 2
2499	 1208	 2
2591	 1193	 2
2699	 1203	 2
2793	 1190	 2
2877	 1196	 2
3022	 1206	 2
3102	 1199	 2
5	 1270	 1
76	 1269	 1
211	 1298	 1
309	 1279	 1
407	 1294	 1
499	 1278	 1
608	 1280	 1
678	 1317	 1
810	 1307	 1
869	 1315	 6
1012	 1306	 6
1102	 1306	 6
1229	 1316	 6
1292	 1309	 6
1397	 1334	 6
1490	 1280	 4
1618	 1312	 4
1662	 1329	 4
1772	 1300	 4
1879	 1279	 4
1971	 1327	 4
2103	 1290	 4
2162	 1297	 4
2326	 1262	 2
2385	 1326	 2
2490	 1312	 2
2641	 1292	 2
2722	 1325	 2
2828	 1301	 2
2882	 1324	 2
2965	 1342	 2
3083	 1305	 2
27	 1384	 1
123	 1395	 1
183	 1398	 1
321	 1395	 1
385	 1397	 1
498	 1355	 1
611	 1361	 1
674	 1400	 1
802	 1368	 1
892	 1381	 1
1025	 1401	 6
1125	 1382	 6
1204	 1386	 6
1270	 1379	 6
1389	 1402	 6
1526	 1373	 4
1584	 1397	 4
1714	 1431	 4
1787	 1396	 4
1899	 1408	 4
1967	 1432	 4
2082	 1371	 4
2181	 1395	 4
2308	 1408	 2
2437	 1406	 2
2485	 1382	 2
2579	 1408	 2
2664	 1393	 2
2833	 1439	 2
2859	 1395	 2
3014	 1395	 2
3114	 1369	 2
24	 1531	 1
93	 1529	 1
218	 1523	 1
308	 1480	 1
410	 1521	 1
508	 1526	 1
626	 1494	 1
698	 1458	 1
808	 1491	 1
896	 1482	 6
1012	 1519	 6
1128	 1501	 6
1180	 1518	 6
1339	 1492	 6
1428	 1520	 6
1471	 1500	 6
1566	 1531	 6
1713	 1459	 4
1805	 1470	 4
1902	 1491	 4
2030	 1518	 4
2105	 1530	 4
2174	 1516	 4
2345	 1519	 2
2363	 1471	 2
2529	 1480	 2
2577	 1479	 2
2726	 1501	 2
2810	 1497	 2
2879	 1522	 2
2970	 1517	 2
3070	 1479	 2

0	 1	 138	 18.00
0	 32	 245	 21.00
1	 2	 149	 26.00
1	 33	 274	 13.00
2	 3	 164	 20.00
2	 34	 149	 26.00
3	 4	 231	 26.00
3	 35	 213	 22.00
4	 5	 137	 12.00
4	 36	 262	 26.00
5	 6	 214	 28.00
5	 37	 260	 23.00
6	 7	 216	 21.00
6	 38	 250	 26.00
7	 8	 194	 18.00
7	 39	 135	 14.00
8	 9	 267	 26.00
8	 40	 168	 19.00
9	 10	 209	 22.00
9	 41	 144	 21.00
10	 11	 256	 18.00
10	 42	 237	 27.00
11	 12	 128	 12.00
11	 43	 217	 27.00
12	 13	 200	 14.00
12	 44	 234	 22.00
13	 14	 163	 17.00
13	 45	 272	 19.00
14	 15	 217	 23.00
14	 46	 191	 23.00
15	 16	 257	 19.00
15	 47	 160	 22.00
16	 17	 139	 26.00
16	 48	 239	 13.00
17	 18	 208	 19.00
17	 49	 199	 21.00
18	 19	 264	 14.00
18	 50	 121	 23.00
19	 20	 204	 15.00
19	 51	 133	 12.00
20	 21	 222	 28.00
20	 52	 195	 28.00
21	 22	 149	 27.00
21	 53	 259	 24.00
22	 23	 261	 26.00
22	 54	 269	 12.00
23	 24	 166	 16.00
23	 55	 163	 22.00
24	 25	 191	 17.00
24	 56	 132	 17.00
25	 26	 209	 16.00
25	 57	 214	 27.00
26	 27	 257	 19.00
26	 58	 218	 20.00
27	 28	 196	 20.00
27	 59	 258	 23.00
28	 29	 275	 15.00
28	 60	 236	 15.00
29	 30	 268	 15.00
29	 61	 167	 18.00
30	 31	 242	 19.00
30	 62	 238	 25.00
31	 63	 188	 18.00
32	 33	 259	 27.00
32	 64	 208	 17.00
33	 34	 204	 24.00
33	 65	 183	 17.00
34	 35	 211	 25.00
34	 66	 129	 19.00
35	 36	 264	 28.00
35	 67	 197	 24.00
36	 37	 120	 12.00
36	 68	 262	 21.00
37	 38	 270	 25.00
37	 69	 173	 15.00
38	 39	 189	 14.00
38	 70	 219	 12.00
39	 40	 243	 12.00
39	 71	 164	 12.00
40	 41	 177	 26.00
40	 72	 129	 19.00
41	 42	 158	 12.00
41	 73	 186	 15.00
42	 43	 240	 25.00
42	 74	 170	 20.00
43	 44	 234	 16.00
43	 75	 259	 23.00
44	 45	 217	 22.00
44	 76	 251	 19.00
45	 46	 267	 19.00
45	 77	 190	 21.00
46	 47	 224	 14.00
46	 78	 243	 28.00
47	 48	 230	 18.00
47	 79	 200	 16.00
48	 49	 226	 12.00
48	 80	 146	 24.00
49	 50	 154	 18.00
49	 81	 179	 16.00
50	 51	 202	 18.00
50	 82	 274	 17.00
51	 52	 150	 25.00
51	 83	 146	 25.00
52	 53	 185	 20.00
52	 84	 138	 24.00
53	 54	 179	 18.00
53	 85	 137	 17.00
54	 55	 184	 22.00
54	 86	 202	 21.00
55	 56	 214	 15.00
55	 87	 280	 13.00
56	 57	 175	 13.00
56	 88	 268	 26.00
57	 58	 250	 12.00
57	 89	 223	 21.00
58	 59	 180	 22.00
58	 90	 251	 17.00
59	 60	 169	 15.00
59	 91	 234	 17.00
60	 61	 162	 13.00
60	 92	 228	 26.00
61	 62	 251	 14.00
61	 93	 172	 16.00
62	 63	 151	 28.00
62	 94	 149	 15.00
63	 95	 191	 22.00
64	 65	 193	 21.00
64	 96	 125	 27.00
65	 66	 197	 13.00
65	 97	 154	 12.00
66	 67	 187	 22.00
66	 98	 276	 15.00
67	 68	 225	 26.00
67	 99	 195	 23.00
68	 69	 195	 27.00
68	 100	 222	 24.00
69	 70	 250	 16.00
69	 101	 138	 19.00
70	 71	 180	 19.00
70	 102	 162	 15.00
71	 72	 129	 17.00
71	 103	 196	 24.00
72	 73	 162	 15.00
72	 104	 199	 21.00
73	 74	 190	 22.00
73	 105	 199	 18.00
74	 75	 123	 23.00
74	 106	 195	 22.00
75	 76	 245	 19.00
75	 107	 177	 23.00
76	 77	 238	 26.00
76	 108	 214	 22.00
77	 78	 180	 20.00
77	 109	 125	 12.00
78	 79	 161	 24.00
78	 110	 179	 22.00
79	 80	 262	 27.00
79	 111	 265	 20.00
80	 81	 203	 25.00
80	 112	 141	 25.00
81	 82	 255	 15.00
81	 113	 219	 20.00
82	 83	 225	 24.00
82	 114	 165	 26.00
83	 84	 182	 12.00
83	 115	 133	 16.00
84	 85	 120	 19.00
84	 116	 167	 13.00
85	 86	 148	 13.00
85	 117	 150	 27.00
86	 87	 154	 19.00
86	 118	 259	 24.00
87	 88	 186	 19.00
87	 119	 230	 17.00
88	 89	 137	 19.00
88	 120	 179	 12.00
89	 90	 168	 25.00
89	 121	 256	 16.00
90	 91	 217	 15.00
90	 122	 244	 16.00
91	 92	 248	 15.00
91	 123	 131	 14.00
92	 93	 196	 20.00
92	 124	 120	 22.00
93	 94	 206	 16.00
93	 125	 126	 18.00
94	 95	 152	 27.00
94	 126	 168	 28.00
95	 127	 263	 28.00
96	 97	 240	 23.00
96	 128	 219	 28.00
97	 98	 173	 25.00
97	 129	 244	 15.00
98	 99	 251	 18.00
98	 130	 199	 14.00
99	 100	 208	 15.00
99	 131	 232	 19.00
100	 101	 220	 17.00
100	 132	 140	 19.00
101	 102	 228	 26.00
101	 133	 231	 21.00
102	 103	 189	 13.00
102	 134	 197	 21.00
103	 104	 240	 22.00
103	 135	 124	 23.00
104	 105	 244	 15.00
104	 136	 261	 13.00
105	 106	 156	 25.00
105	 137	 259	 18.00
106	 107	 135	 21.00
106	 138	 219	 28.00
107	 108	 165	 16.00
107	 139	 167	 12.00
108	 109	 269	 18.00
108	 140	 224	 15.00
109	 110	 239	 21.00
109	 141	 279	 24.00
110	 111	 207	 17.00
110	 142	 188	 25.00
111	 112	 272	 24.00
111	 143	 207	 24.00
112	 113	 262	 21.00
112	 144	 190	 15.00
113	 114	 171	 13.00
113	 145	 133	 25.00
114	 115	 276	 19.00
114	 146	 211	 27.00
115	 116	 148	 25.00
115	 147	 166	 22.00
116	 117	 197	 22.00
116	 148	 276	 16.00
117	 118	 178	 17.00
117	 149	 220	 13.00
118	 119	 189	 20.00
118	 150	 236	 23.00
119	 120	 155	 25.00
119	 151	 137	 24.00
120	 121	 280	 12.00
120	 152	 133	 13.00
121	 122	 128	 13.00
121	 153	 261	 12.00
122	 123	 153	 28.00
122	 154	 140	 12.00
123	 124	 230	 23.00
123	 155	 182	 25.00
124	 125	 144	 18.00
124	 156	 163	 14.00
125	 126	 241	 17.00
125	 157	 177	 18.00
126	 127	 278	 23.00
126	 158	 169	 23.00
127	 159	 276	 15.00
128	 129	 269	 21.00
128	 160	 191	 12.00
129	 130	 266	 25.00
129	 161	 272	 14.00
130	 131	 243	 22.00
130	 162	 185	 15.00
131	 132	 168	 14.00
131	 163	 162	 20.00
132	 133	 157	 12.00
132	 164	 151	 28.00
133	 134	 189	 19.00
133	 165	 236	 26.00
134	 135	 269	 19.00
134	 166	 276	 17.00
135	 136	 249	 27.00
135	 167	 168	 25.00
136	 137	 221	 27.00
136	 168	 182	 20.00
137	 138	 215	 24.00
137	 169	 222	 14.00
138	 139	 230	 24.00
138	 170	 280	 19.00
139	 140	 263	 17.00
139	 171	 123	 14.00
140	 141	 275	 21.00
140	 172	 153	 12.00
141	 142	 130	 26.00
141	 173	 154	 28.00
142	 143	 121	 16.00
142	 174	 120	 15.00
143	 144	 137	 13.00
143	 175	 249	 23.00
144	 145	 256	 15.00
144	 176	 260	 18.00
145	 146	 149	 20.00
145	 177	 178	 16.00
146	 147	 222	 20.00
146	 178	 166	 20.00
147	 148	 173	 12.00
147	 179	 144	 20.00
148	 149	 159	 15.00
148	 180	 147	 21.00
149	 150	 214	 27.00
149	 181	 250	 25.00
150	 151	 249	 15.00
150	 182	 137	 12.00
151	 152	 173	 16.00
151	 183	 169	 16.00
152	 153	 155	 16.00
152	 184	 161	 19.00
153	 154	 267	 12.00
153	 185	 198	 15.00
154	 155	 202	 22.00
154	 186	 190	 14.00
155	 156	 266	 19.00
155	 187	 120	 24.00
156	 157	 144	 28.00
156	 188	 172	 23.00
157	 158	 125	 19.00
157	 189	 138	 24.00
158	 159	 122	 16.00
158	 190	 134	 21.00
159	 191	 248	 16.00
160	 161	 223	 27.00
160	 192	 259	 13.00
161	 162	 169	 27.00
161	 193	 236	 14.00
162	 163	 274	 19.00
162	 194	 239	 18.00
163	 164	 197	 19.00
163	 195	 132	 21.00
164	 165	 196	 21.00
164	 196	 256	 17.00
165	 166	 192	 26.00
165	 197	 248	 22.00
166	 167	 192	 17.00
166	 198	 164	 12.00
167	 168	 230	 27.00
167	 199	 137	 26.00
168	 169	 245	 18.00
168	 200	 182	 15.00
169	 170	 221	 27.00
169	 201	 258	 17.00
170	 171	 182	 22.00
170	 202	 158	 14.00
171	 172	 165	 28.00
171	 203	 206	 24.00
172	 173	 216	 20.00
172	 204	 179	 23.00
173	 174	 277	 25.00
173	 205	 190	 27.00
174	 175	 225	 25.00
174	 206	 242	 12.00
175	 176	 188	 21.00
175	 207	 129	 19.00
176	 177	 257	 26.00
176	 208	 256	 20.00
177	 178	 225	 21.00
177	 209	 154	 18.00
178	 179	 184	 20.00
178	 210	 180	 24.00
179	 180	 216	 16.00
179	 211	 147	 19.00
180	 181	 213	 16.00
180	 212	 252	 23.00
181	 182	 183	 17.00
181	 213	 160	 28.00
182	 183	 157	 20.00
182	 214	 130	 27.00
183	 184	 243	 28.00
183	 215	 239	 14.00
184	 185	 209	 26.00
184	 216	 173	 15.00
185	 186	 243	 25.00
185	 217	 280	 20.00
186	 187	 257	 21.00
186	 218	 123	 20.00
187	 188	 124	 23.00
187	 219	 157	 25.00
188	 189	 136	 22.00
188	 220	 238	 18.00
189	 190	 182	 24.00
189	 221	 242	 18.00
190	 191	 166	 19.00
190	 222	 171	 26.00
191	 223	 274	 12.00
192	 193	 266	 23.00
192	 224	 145	 20.00
193	 194	 176	 27.00
193	 225	 139	 12.00
194	 195	 138	 22.00
194	 226	 133	 18.00
195	 196	 213	 20.00
195	 227	 127	 12.00
196	 197	 125	 16.00
196	 228	 210	 20.00
197	 198	 223	 12.00
197	 229	 137	 12.00
198	 199	 237	 28.00
198	 230	 279	 27.00
199	 200	 141	 22.00
199	 231	 140	 27.00
200	 201	 133	 25.00
200	 232	 140	 24.00
201	 202	 194	 24.00
201	 233	 156	 22.00
202	 203	 226	 27.00
202	 234	 143	 17.00
203	 204	 173	 14.00
203	 235	 274	 21.00
204	 205	 244	 28.00
204	 236	 275	 23.00
205	 206	 218	 14.00
205	 237	 123	 18.00
206	 207	 158	 18.00
206	 238	 153	 16.00
207	 208	 215	 19.00
207	 239	 252	 19.00
208	 209	 200	 15.00
208	 240	 279	 19.00
209	 210	 148	 28.00
209	 241	 207	 24.00
210	 211	 203	 28.00
210	 242	 221	 26.00
211	 212	 223	 20.00
211	 243	 191	 12.00
212	 213	 169	 14.00
212	 244	 253	 27.00
213	 214	 217	 15.00
213	 245	 271	 22.00
214	 215	 273	 13.00
214	 246	 168	 12.00
215	 216	 238	 15.00
215	 247	 264	 24.00
216	 217	 231	 15.00
216	 248	 259	 17.00
217	 218	 200	 18.00
217	 249	 246	 15.00
218	 219	 256	 21.00
218	 250	 244	 22.00
219	 220	 165	 24.00
219	 251	 204	 19.00
220	 221	 239	 19.00
220	 252	 186	 15.00
221	 222	 224	 25.00
221	 253	 213	 14.00
222	 223	 179	 14.00
222	 254	 261	 28.00
223	 255	 141	 14.00
224	 225	 209	 26.00
224	 256	 172	 24.00
225	 226	 196	 16.00
225	 257	 188	 15.00
226	 227	 217	 20.00
226	 258	 272	 17.00
227	 228	 271	 19.00
227	 259	 134	 27.00
228	 229	 225	 18.00
228	 260	 261	 13.00
229	 230	 274	 16.00
229	 261	 236	 18.00
230	 231	 121	 18.00
230	 262	 232	 24.00
231	 232	 121	 21.00
231	 263	 169	 17.00
232	 233	 256	 23.00
232	 264	 187	 22.00
233	 234	 237	 15.00
233	 265	 264	 18.00
234	 235	 198	 23.00
234	 266	 186	 14.00
235	 236	 127	 16.00
235	 267	 171	 15.00
236	 237	 205	 15.00
236	 268	 254	 19.00
237	 238	 189	 19.00
237	 269	 163	 25.00
238	 239	 215	 28.00
238	 270	 183	 21.00
239	 240	 121	 16.00
239	 271	 171	 14.00
240	 241	 241	 24.00
240	 272	 139	 25.00
241	 242	 213	 27.00
241	 273	 262	 25.00
242	 243	 162	 15.00
242	 274	 209	 17.00
243	 244	 224	 18.00
243	 275	 160	 26.00
244	 245	 170	 16.00
244	 276	 266	 27.00
245	 246	 174	 15.00
245	 277	 156	 28.00
246	 247	 140	 12.00
246	 278	 220	 17.00
247	 248	 230	 19.00
247	 279	 222	 22.00
248	 249	 127	 16.00
248	 280	 177	 26.00
249	 250	 218	 22.00
249	 281	 175	 19.00
250	 251	 136	 26.00
250	 282	 184	 16.00
251	 252	 188	 20.00
251	 283	 220	 24.00
252	 253	 196	 28.00
252	 284	 224	 15.00
253	 254	 169	 25.00
253	 285	 206	 19.00
254	 255	 156	 15.00
254	 286	 172	 17.00
255	 287	 207	 19.00
256	 257	 241	 24.00
256	 288	 264	 12.00
257	 258	 249	 15.00
257	 289	 276	 19.00
258	 259	 226	 16.00
258	 290	 218	 21.00
259	 260	 239	 18.00
259	 291	 226	 23.00
260	 261	 141	 21.00
260	 292	 249	 18.00
261	 262	 252	 19.00
261	 293	 209	 22.00
262	 263	 141	 23.00
262	 294	 261	 19.00
263	 264	 220	 18.00
263	 295	 222	 17.00
264	 265	 144	 14.00
264	 296	 172	 15.00
265	 266	 176	 22.00
265	 297	 120	 13.00
266	 267	 165	 17.00
266	 298	 151	 18.00
267	 268	 220	 14.00
267	 299	 156	 12.00
268	 269	 130	 25.00
268	 300	 129	 24.00
269	 270	 186	 21.00
269	 301	 275	 21.00
270	 271	 183	 16.00
270	 302	 272	 14.00
271	 272	 263	 28.00
271	 303	 151	 28.00
272	 273	 165	 21.00
272	 304	 233	 26.00
273	 274	 136	 21.00
273	 305	 130	 27.00
274	 275	 132	 24.00
274	 306	 217	 12.00
275	 276	 161	 22.00
275	 307	 140	 21.00
276	 277	 132	 17.00
276	 308	 165	 20.00
277	 278	 237	 21.00
277	 309	 196	 20.00
278	 279	 154	 26.00
278	 310	 142	 16.00
279	 280	 245	 18.00
279	 311	 278	 24.00
280	 281	 138	 12.00
280	 312	 242	 28.00
281	 282	 198	 26.00
281	 313	 155	 19.00
282	 283	 269	 14.00
282	 314	 198	 12.00
283	 284	 138	 26.00
283	 315	 274	 14.00
284	 285	 175	 21.00
284	 316	 255	 14.00
285	 286	 149	 21.00
285	 317	 230	 24.00
286	 287	 275	 21.00
286	 318	 203	 19.00
287	 319	 220	 14.00
288	 289	 189	 17.00
288	 320	 126	 28.00
289	 290	 129	 20.00
289	 321	 203	 22.00
290	 291	 206	 18.00
290	 322	 148	 16.00
291	 292	 258	 18.00
291	 323	 275	 19.00
292	 293	 266	 13.00
292	 324	 130	 21.00
293	 294	 209	 21.00
293	 325	 127	 24.00
294	 295	 237	 25.00
294	 326	 279	 22.00
295	 296	 124	 28.00
295	 327	 277	 23.00
296	 297	 208	 18.00
296	 328	 196	 20.00
297	 298	 139	 18.00
297	 329	 134	 24.00
298	 299	 248	 14.00
298	 330	 150	 17.00
299	 300	 131	 19.00
299	 331	 155	 13.00
300	 301	 176	 23.00
300	 332	 257	 19.00
301	 302	 127	 22.00
301	 333	 160	 22.00
302	 303	 269	 19.00
302	 334	 219	 25.00
303	 304	 183	 16.00
303	 335	 235	 16.00
304	 305	 274	 19.00
304	 336	 176	 13.00
305	 306	 154	 23.00
305	 337	 235	 18.00
306	 307	 250	 26.00
306	 338	 250	 20.00
307	 308	 174	 20.00
307	 339	 133	 27.00
308	 309	 152	 20.00
308	 340	 183	 16.00
309	 310	 169	 20.00
309	 341	 270	 13.00
310	 311	 151	 21.00
310	 342	 150	 19.00
311	 312	 252	 12.00
311	 343	 176	 25.00
312	 313	 184	 21.00
312	 344	 200	 21.00
313	 314	 120	 25.00
313	 345	 160	 13.00
314	 315	 129	 13.00
314	 346	 251	 25.00
315	 316	 153	 17.00
315	 347	 277	 18.00
316	 317	 276	 25.00
316	 348	 168	 14.00
317	 318	 147	 26.00
317	 349	 135	 25.00
318	 319	 277	 16.00
318	 350	 204	 26.00
319	 351	 166	 23.00
320	 321	 149	 21.00
320	 352	 237	 23.00
321	 322	 251	 18.00
321	 353	 130	 16.00
322	 323	 153	 15.00
322	 354	 132	 18.00
323	 324	 207	 12.00
323	 355	 225	 22.00
324	 325	 206	 20.00
324	 356	 175	 17.00
325	 326	 146	 18.00
325	 357	 185	 25.00
326	 327	 251	 24.00
326	 358	 267	 24.00
327	 328	 259	 20.00
327	 359	 148	 12.00
328	 329	 239	 22.00
328	 360	 261	 22.00
329	 330	 143	 20.00
329	 361	 158	 13.00
330	 331	 251	 24.00
330	 362	 208	 16.00
331	 332	 160	 12.00
331	 363	 190	 27.00
332	 333	 152	 28.00
332	 364	 133	 24.00
333	 334	 209	 14.00
333	 365	 200	 25.00
334	 335	 120	 21.00
334	 366	 242	 26.00
335	 336	 203	 24.00
335	 367	 150	 18.00
336	 337	 163	 28.00
336	 368	 266	 13.00
337	 338	 250	 18.00
337	 369	 246	 16.00
338	 339	 141	 22.00
338	 370	 158	 28.00
339	 340	 233	 18.00
339	 371	 236	 24.00
340	 341	 123	 26.00
340	 372	 207	 16.00
341	 342	 217	 24.00
341	 373	 272	 17.00
342	 343	 164	 25.00
342	 374	 251	 24.00
343	 344	 238	 22.00
343	 375	 190	 20.00
344	 345	 248	 15.00
344	 376	 205	 27.00
345	 346	 142	 23.00
345	 377	 256	 23.00
346	 347	 184	 12.00
346	 378	 211	 27.00
347	 348	 224	 22.00
347	 379	 125	 19.00
348	 349	 269	 18.00
348	 380	 151	 25.00
349	 350	 171	 21.00
349	 381	 206	 22.00
350	 351	 124	 17.00
350	 382	 209	 23.00
351	 383	 245	 14.00
352	 353	 249	 20.00
352	 384	 280	 16.00
353	 354	 202	 13.00
353	 385	 271	 20.00
354	 355	 183	 22.00
354	 386	 127	 19.00
355	 356	 199	 24.00
355	 387	 258	 23.00
356	 357	 238	 28.00
356	 388	 193	 17.00
357	 358	 138	 27.00
357	 389	 167	 19.00
358	 359	 180	 20.00
358	 390	 246	 17.00
359	 360	 120	 13.00
359	 391	 174	 20.00
360	 361	 224	 27.00
360	 392	 179	 19.00
361	 362	 242	 24.00
361	 393	 277	 28.00
362	 363	 233	 26.00
362	 394	 249	 13.00
363	 364	 143	 14.00
363	 395	 203	 25.00
364	 365	 207	 12.00
364	 396	 199	 19.00
365	 366	 125	 16.00
365	 397	 202	 26.00
366	 367	 277	 15.00
366	 398	 186	 14.00
367	 368	 252	 21.00
367	 399	 228	 15.00
368	 369	 138	 15.00
368	 400	 132	 17.00
369	 370	 234	 14.00
369	 401	 205	 17.00
370	 371	 198	 19.00
370	 402	 136	 14.00
371	 372	 238	 13.00
371	 403	 251	 13.00
372	 373	 131	 26.00
372	 404	 205	 22.00
373	 374	 164	 19.00
373	 405	 280	 24.00
374	 375	 239	 25.00
374	 406	 192	 20.00
375	 376	 166	 25.00
375	 407	 189	 20.00
376	 377	 156	 18.00
376	 408	 213	 16.00
377	 378	 212	 18.00
377	 409	 180	 17.00
378	 379	 170	 12.00
378	 410	 136	 27.00
379	 380	 138	 24.00
379	 411	 197	 25.00
380	 381	 242	 21.00
380	 412	 186	 22.00
381	 382	 232	 18.00
381	 413	 161	 23.00
382	 383	 181	 17.00
382	 414	 238	 20.00
383	 415	 171	 18.00
384	 385	 171	 14.00
384	 416	 254	 14.00
385	 386	 280	 26.00
385	 417	 202	 22.00
386	 387	 234	 25.00
386	 418	 131	 21.00
387	 388	 162	 13.00
387	 419	 230	 16.00
388	 389	 150	 22.00
388	 420	 185	 13.00
389	 390	 147	 20.00
389	 421	 176	 18.00
390	 391	 165	 25.00
390	 422	 198	 14.00
391	 392	 155	 18.00
391	 423	 255	 25.00
392	 393	 201	 18.00
392	 424	 155	 25.00
393	 394	 249	 14.00
393	 425	 173	 23.00
394	 395	 170	 20.00
394	 426	 122	 20.00
395	 396	 230	 14.00
395	 427	 200	 14.00
396	 397	 211	 26.00
396	 428	 147	 21.00
397	 398	 208	 23.00
397	 429	 183	 26.00
398	 399	 206	 13.00
398	 430	 198	 16.00
399	 400	 233	 26.00
399	 431	 200	 18.00
400	 401	 141	 20.00
400	 432	 274	 19.00
401	 402	 206	 18.00
401	 433	 125	 13.00
402	 403	 257	 28.00
402	 434	 249	 23.00
403	 404	 162	 17.00
403	 435	 236	 13.00
404	 405	 245	 26.00
404	 436	 138	 23.00
405	 406	 131	 15.00
405	 437	 207	 20.00
406	 407	 190	 25.00
406	 438	 234	 27.00
407	 408	 229	 23.00
407	 439	 280	 21.00
408	 409	 258	 28.00
408	 440	 277	 25.00
409	 410	 145	 21.00
409	 441	 143	 28.00
410	 411	 124	 21.00
410	 442	 262	 16.00
411	 412	 137	 23.00
411	 443	 216	 25.00
412	 413	 185	 13.00
412	 444	 221	 26.00
413	 414	 188	 13.00
413	 445	 145	 28.00
414	 415	 195	 14.00
414	 446	 167	 17.00
415	 447	 265	 23.00
416	 417	 147	 21.00
416	 448	 243	 22.00
417	 418	 224	 24.00
417	 449	 148	 12.00
418	 419	 248	 25.00
418	 450	 203	 24.00
419	 420	 223	 13.00
419	 451	 131	 22.00
420	 421	 124	 24.00
420	 452	 220	 27.00
421	 422	 268	 15.00
421	 453	 219	 13.00
422	 423	 235	 16.00
422	 454	 279	 26.00
423	 424	 164	 14.00
423	 455	 244	 17.00
424	 425	 182	 21.00
424	 456	 274	 27.00
425	 426	 219	 16.00
425	 457	 199	 19.00
426	 427	 246	 12.00
426	 458	 198	 14.00
427	 428	 242	 13.00
427	 459	 241	 24.00
428	 429	 276	 13.00
428	 460	 201	 26.00
429	 430	 136	 12.00
429	 461	 179	 24.00
430	 431	 244	 20.00
430	 462	 276	 17.00
431	 432	 129	 19.00
431	 463	 211	 19.00
432	 433	 238	 14.00
432	 464	 129	 27.00
433	 434	 190	 24.00
433	 465	 146	 25.00
434	 435	 120	 27.00
434	 466	 130	 25.00
435	 436	 243	 18.00
435	 467	 264	 20.00
436	 437	 126	 14.00
436	 468	 138	 19.00
437	 438	 229	 16.00
437	 469	 212	 25.00
438	 439	 121	 20.00
438	 470	 240	 17.00
439	 440	 174	 14.00
439	 471	 226	 22.00
440	 441	 178	 18.00
440	 472	 138	 23.00
441	 442	 197	 27.00
441	 473	 279	 23.00
442	 443	 264	 25.00
442	 474	 188	 25.00
443	 444	 224	 26.00
443	 475	 223	 15.00
444	 445	 268	 18.00
444	 476	 122	 16.00
445	 446	 190	 20.00
445	 477	 264	 12.00
446	 447	 241	 15.00
446	 478	 156	 25.00
447	 479	 244	 23.00
448	 449	 157	 24.00
448	 480	 197	 21.00
449	 450	 225	 24.00
449	 481	 123	 12.00
450	 451	 278	 25.00
450	 482	 212	 23.00
451	 452	 223	 26.00
451	 483	 140	 28.00
452	 453	 232	 25.00
452	 484	 273	 20.00
453	 454	 165	 27.00
453	 485	 129	 12.00
454	 455	 247	 16.00
454	 486	 175	 15.00
455	 456	 156	 24.00
455	 487	 243	 27.00
456	 457	 234	 20.00
456	 488	 123	 16.00
457	 458	 163	 25.00
457	 489	 229	 22.00
458	 459	 275	 26.00
458	 490	 161	 27.00
459	 460	 172	 16.00
459	 491	 182	 27.00
460	 461	 222	 16.00
460	 492	 120	 24.00
461	 462	 266	 14.00
461	 493	 215	 15.00
462	 463	 261	 16.00
462	 494	 254	 17.00
463	 464	 221	 21.00
463	 495	 147	 13.00
464	 465	 234	 26.00
464	 496	 267	 13.00
465	 466	 276	 13.00
465	 497	 183	 16.00
466	 467	 263	 21.00
466	 498	 242	 16.00
467	 468	 210	 15.00
467	 499	 267	 19.00
468	 469	 231	 21.00
468	 500	 225	 23.00
469	 470	 193	 13.00
469	 501	 276	 26.00
470	 471	 123	 21.00
470	 502	 175	 21.00
471	 472	 161	 26.00
471	 503	 149	 25.00
472	 473	 134	 23.00
472	 504	 157	 19.00
473	 474	 160	 17.00
473	 505	 201	 28.00
474	 475	 206	 25.00
474	 506	 276	 26.00
475	 476	 267	 13.00
475	 507	 210	 15.00
476	 477	 176	 25.00
476	 508	 202	 27.00
477	 478	 184	 21.00
477	 509	 188	 13.00
478	 479	 251	 28.00
478	 510	 212	 13.00
479	 511	 185	 16.00
480	 481	 169	 16.00
481	 482	 196	 20.00
482	 483	 153	 24.00
483	 484	 141	 17.00
484	 485	 237	 13.00
485	 486	 262	 17.00
486	 487	 276	 27.00
487	 488	 190	 15.00
488	 489	 207	 24.00
489	 490	 256	 13.00
490	 491	 252	 26.00
491	 492	 153	 27.00
492	 493	 133	 22.00
493	 494	 142	 22.00
494	 495	 266	 23.00
495	 496	 175	 26.00
496	 497	 277	 18.00
497	 498	 154	 24.00
498	 499	 221	 15.00
499	 500	 207	 17.00
500	 501	 217	 28.00
501	 502	 218	 22.00
502	 503	 262	 25.00
503	 504	 231	 28.00
504	 505	 198	 12.00
505	 506	 135	 20.00
506	 507	 197	 28.00
507	 508	 262	 27.00
508	 509	 188	 25.00
509	 510	 129	 26.00
510	 511	 159	 17.00
