512	976	10	0.05

18	 0	 0
120	 9	 0
198	 0	 0
311	 -5	 0
375	 9	 0
461	 -1	 0
615	 -9	 8
722	 -43	 8
793	 -30	 8
926	 3	 6
968	 -4	 6
1111	 -31	 6
1169	 1	 6
1291	 -18	 6
1396	 21	 6
1490	 28	 6
1593	 2	 6
1705	 1	 6
1827	 14	 6
1911	 15	 6
1966	 -48	 6
2082	 -12	 6
2211	 19	 5
2305	 5	 5
2437	 -13	 5
2482	 14	 5
2597	 8	 5
2697	 10	 3
2823	 -1	 3
2879	 -15	 3
3006	 12	 3
3125	 -18	 3
6	 77	 0
125	 134	 0
217	 111	 0
252	 101	 0
417	 72	 0
534	 140	 0
592	 98	 8
711	 72	 8
812	 109	 6
895	 108	 6
1006	 85	 6
1142	 69	 6
1200	 107	 6
1326	 94	 6
1402	 76	 6
1504	 70	 6
1593	 110	 6
1693	 56	 6
1800	 70	 6
1906	 82	 6
1999	 116	 5
2091	 102	 5
2171	 87	 5
2317	 97	 5
2396	 65	 5
2532	 77	 5
2611	 98	 3
2699	 137	 3
2780	 131	 3
2868	 73	 3
3003	 115	 3
3080	 100	 3
-13	 198	 0
69	 181	 0
224	 176	 0
266	 158	 0
389	 195	 0
515	 181	 0
578	 179	 8
688	 195	 8
831	 188	 6
916	 222	 6
987	 182	 6
1093	 241	 6
1195	 200	 6
1310	 202	 6
1415	 224	 6
1515	 175	 6
1580	 152	 6
1706	 203	 6
1836	 191	 6
1906	 181	 6
2030	 167	 5
2100	 162	 5
2203	 181	 5
2300	 208	 5
2407	 227	 5
2490	 205	 5
2613	 236	 3
2674	 213	 3
2780	 207	 3
2908	 203	 3
3041	 197	 3
3067	 224	 3
11	 310	 0
124	 281	 0
213	 311	 0
345	 273	 0
381	 293	 0
510	 334	 8
609	 280	 8
697	 309	 8
779	 303	 6
909	 300	 6
1027	 335	 6
1082	 331	 6
1197	 342	 6
1313	 299	 6
1396	 300	 9
1498	 299	 6
1613	 300	 6
1692	 334	 6
1830	 281	 6
1896	 268	 6
2005	 307	 4
2081	 290	 5
2220	 293	 5
2327	 270	 5
2415	 302	 5
2519	 329	 5
2611	 338	 3
2742	 282	 3
2830	 288	 3
2922	 260	 3
2988	 279	 3
3095	 267	 3
20	 418	 0
52	 424	 0
203	 423	 0
290	 387	 0
442	 430	 0
513	 377	 0
610	 358	 8
679	 424	 8
758	 405	 8
887	 400	 6
986	 379	 6
1095	 427	 6
1193	 433	 6
1293	 398	 6
1402	 394	 9
1472	 398	 6
1606	 397	 6
1701	 370	 6
1799	 372	 6
1894	 393	 6
2000	 408	 4
2102	 416	 5
2199	 361	 5
2275	 437	 5
2414	 426	 5
2478	 365	 5
2593	 433	 5
2715	 368	 3
2816	 412	 3
2860	 372	 3
3018	 381	 3
3108	 394	 3
28	 518	 8
77	 546	 8
210	 528	 0
276	 498	 0
389	 493	 0
512	 465	 8
622	 501	 8
709	 475	 8
769	 533	 8
934	 502	 8
978	 490	 6
1080	 499	 6
1194	 501	 6
1269	 471	 6
1382	 532	 9
1503	 507	 9
1588	 462	 6
1743	 505	 6
1779	 525	 6
1861	 516	 4
1998	 541	 4
2083	 516	 4
2183	 469	 4
2311	 522	 5
2386	 482	 5
2497	 479	 5
2603	 490	 5
2668	 499	 2
2827	 517	 3
2864	 488	 3
2973	 486	 3
3091	 491	 3
37	 626	 8
140	 602	 8
230	 611	 0
307	 582	 0
409	 595	 8
479	 585	 8
611	 585	 8
692	 620	 8
793	 602	 8
890	 610	 8
987	 571	 8
1095	 595	 8
1177	 585	 9
1292	 598	 9
1384	 612	 9
1492	 569	 9
1561	 613	 9
1743	 649	 4
1761	 606	 4
1862	 574	 4
1967	 585	 4
2096	 606	 4
2163	 559	 4
2302	 602	 5
2403	 613	 5
2478	 587	 2
2581	 618	 2
2743	 589	 2
2832	 569	 3
2884	 621	 2
2978	 612	 3
3067	 580	 2
-11	 699	 8
119	 695	 8
175	 687	 8
297	 705	 8
405	 677	 8
529	 729	 8
596	 730	 8
728	 736	 8
772	 723	 8
881	 734	 9
1044	 705	 9
1110	 661	 9
1213	 662	 9
1320	 734	 9
1400	 710	 9
1503	 746	 9
1583	 727	 9
1693	 683	 9
1826	 715	 4
1898	 703	 4
1962	 695	 4
2102	 711	 4
2199	 734	 4
2300	 718	 4
2402	 705	 4
2506	 667	 2
2567	 731	 2
2715	 702	 2
2798	 658	 2
2877	 695	 2
2962	 714	 2
3121	 668	 2
3	 808	 8
64	 798	 8
235	 816	 8
299	 807	 8
433	 775	 8
478	 807	 7
593	 810	 7
680	 810	 7
794	 771	 8
906	 777	 9
987	 800	 9
1097	 801	 9
1231	 801	 9
1324	 814	 9
1393	 785	 9
1496	 796	 9
1609	 817	 9
1703	 791	 9
1782	 781	 4
1898	 834	 4
2000	 820	 4
2088	 826	 4
2207	 836	 4
2300	 788	 4
2431	 812	 2
2498	 795	 2
2577	 838	 2
2700	 822	 2
2822	 807	 2
2933	 790	 2
3006	 796	 2
3090	 790	 2
20	 909	 1
112	 886	 8
173	 898	 1
305	 941	 8
377	 947	 8
491	 895	 7
600	 939	 7
683	 901	 7
762	 869	 7
887	 923	 7
977	 885	 7
1114	 864	 9
1209	 900	 9
1306	 888	 7
1423	 900	 9
1501	 897	 9
1572	 923	 9
1667	 895	 9
1771	 923	 9
1904	 906	 4
2041	 897	 4
2083	 924	 4
2202	 918	 4
2316	 879	 4
2413	 928	 4
2494	 896	 2
2600	 908	 2
2703	 903	 2
2776	 930	 2
2881	 940	 2
2999	 919	 2
3112	 883	 2
2	 1005	 1
89	 986	 1
176	 1015	 1
320	 992	 1
405	 1025	 1
505	 1013	 7
598	 1029	 7
727	 969	 7
796	 971	 7
937	 1021	 7
1002	 972	 7
1105	 974	 7
1230	 999	 7
1329	 1007	 7
1369	 1010	 7
1494	 999	 4
1625	 1023	 4
1680	 987	 4
1795	 1023	 4
1927	 997	 4
1988	 976	 4
2112	 1005	 4
2199	 961	 4
2311	 988	 4
2379	 976	 4
2492	 977	 2
2613	 1017	 2
2694	 1013	 2
2796	 985	 2
2901	 1002	 2
3021	 994	 2
3088	 1004	 2
-9	 1128	 1
65	 1120	 1
200	 1110	 1
270	 1121	 1
393	 1075	 1
511	 1116	 7
602	 1129	 7
695	 1126	 7
837	 1117	 7
896	 1088	 7
1031	 1127	 7
1122	 1083	 7
1187	 1105	 7
1289	 1125	 7
1372	 1091	 4
1507	 1100	 4
1586	 1095	 4
1733	 1117	 4
1792	 1119	 4
1873	 1111	 4
2000	 1117	 4
2090	 1089	 4
2177	 1098	 4
2305	 1106	 4
2383	 1112	 4
2518	 1071	 4
2584	 1090	 2
2687	 1107	 2
2778	 1098	 2
2875	 1108	 2
2984	 1097	 2
3092	 1124	 2
-19	 1184	 1
107	 1218	 1
192	 1197	 1
274	 1200	 1
378	 1187	 1
502	 1186	 7
629	 1217	 7
700	 1202	 7
772	 1187	 7
915	 1201	 7
1020	 1165	 7
1106	 1184	 7
1210	 1199	 7
1286	 1199	 7
1435	 1220	 4
1457	 1190	 4
1611	 1194	 4
1736	 1216	 4
1791	 1217	 4
1875	 1150	 4
1983	 1232	 4
2121	 1220	 4
2234	 1177	 4
2257	 1193	 4
2393	 1212	 4
2519	 1226	 2
2618	 1197	 2
2686	 1193	 2
2810	 1197	 2
2888	 1195	 2
3031	 1197	 2
3106	 1167	 2
8	 1289	 1
82	 1317	 1
224	 1318	 1
291	 1306	 1
389	 1278	 1
499	 1310	 1
611	 1269	 7
705	 1330	 7
787	 1309	 7
884	 1292	 7
1046	 1300	 7
1093	 1298	 7
1187	 1280	 7
1304	 1319	 7
1434	 1310	 4
1522	 1275	 4
1573	 1315	 4
1687	 1292	 4
1772	 1314	 4
1913	 1323	 4
1994	 1323	 4
2095	 1262	 4
2219	 1295	 4
2308	 1302	 4
2417	 1296	 4
2526	 1296	 2
2574	 1314	 2
2703	 1320	 2
2779	 1285	 2
2938	 1307	 2
3029	 1311	 2
3121	 1263	 2
2	 1427	 1
133	 1407	 1
230	 1440	 1
295	 1384	 1
400	 1413	 1
494	 1367	 1
638	 1396	 7
719	 1423	 7
813	 1364	 7
888	 1443	 7
977	 1421	 7
1128	 1412	 7
1245	 1431	 7
1290	 1392	 7
1355	 1378	 7
1510	 1362	 4
1564	 1419	 4
1704	 1413	 4
1812	 1392	 4
1877	 1412	 4
2028	 1420	 4
2116	 1426	 4
2242	 1391	 4
2327	 1440	 4
2396	 1420	 4
2485	 1410	 4
2590	 1393	 2
2708	 1404	 2
2796	 1405	 2
2915	 1394	 2
2968	 1381	 2
3099	 1394	 2
-20	 1549	 1
102	 1525	 1
176	 1486	 1
274	 1472	 1
388	 1502	 1
527	 1494	 7
574	 1498	 7
717	 1492	 7
840	 1503	 7
925	 1479	 7
1018	 1503	 7
1133	 1526	 7
1211	 1509	 7
1289	 1514	 7
1448	 1517	 7
1488	 1506	 7
1614	 1497	 4
1710	 1515	 4
1822	 1481	 4
1865	 1487	 4
2007	 1496	 4
2106	 1489	 4
2226	 1478	 4
2272	 1481	 4
2432	 1475	 4
2508	 1527	 4
2564	 1534	 4
2703	 1513	 2
2843	 1510	 2
2903	 1500	 2
3035	 1465	 2
3064	 1479	 2

0	 1	 189	 22.00
0	 32	 232	 20.00
1	 2	 209	 18.00
1	 33	 231	 21.00
2	 3	 196	 18.00
2	 34	 235	 16.00
3	 4	 195	 23.00
3	 35	 192	 23.00
4	 5	 233	 24.00
4	 36	 239	 17.00
5	 6	 223	 22.00
5	 37	 231	 19.00
6	 7	 210	 18.00
6	 38	 223	 23.00
7	 8	 181	 18.00
7	 39	 217	 24.00
8	 9	 227	 17.00
8	 40	 176	 20.00
9	 10	 226	 23.00
9	 41	 227	 18.00
10	 11	 221	 17.00
10	 42	 214	 18.00
11	 12	 219	 18.00
11	 43	 217	 22.00
12	 13	 217	 20.00
12	 44	 222	 16.00
13	 14	 180	 23.00
13	 45	 165	 22.00
14	 15	 175	 19.00
14	 46	 188	 16.00
15	 16	 177	 21.00
15	 47	 233	 21.00
16	 17	 218	 24.00
16	 48	 167	 20.00
17	 18	 227	 19.00
17	 49	 181	 19.00
18	 19	 233	 16.00
18	 50	 229	 24.00
19	 20	 202	 20.00
19	 51	 234	 22.00
20	 21	 201	 20.00
20	 52	 199	 18.00
21	 22	 183	 24.00
21	 53	 183	 18.00
22	 23	 177	 22.00
22	 54	 195	 21.00
23	 24	 202	 23.00
23	 55	 173	 22.00
24	 25	 162	 17.00
24	 56	 203	 18.00
25	 26	 176	 20.00
25	 57	 231	 23.00
26	 27	 204	 22.00
26	 58	 170	 18.00
27	 28	 222	 18.00
27	 59	 173	 18.00
28	 29	 217	 20.00
28	 60	 230	 21.00
29	 30	 187	 21.00
29	 61	 218	 20.00
30	 31	 184	 20.00
30	 62	 218	 16.00
31	 63	 229	 18.00
32	 33	 189	 20.00
32	 64	 232	 23.00
33	 34	 171	 21.00
33	 65	 188	 16.00
34	 35	 186	 24.00
34	 66	 176	 18.00
35	 36	 209	 23.00
35	 67	 181	 19.00
36	 37	 195	 24.00
36	 68	 203	 18.00
37	 38	 197	 24.00
37	 69	 218	 17.00
38	 39	 191	 24.00
38	 70	 165	 21.00
39	 40	 160	 23.00
39	 71	 166	 17.00
40	 41	 215	 22.00
40	 72	 220	 21.00
41	 42	 171	 21.00
41	 73	 194	 16.00
42	 43	 166	 22.00
42	 74	 205	 22.00
43	 44	 222	 18.00
43	 75	 196	 21.00
44	 45	 212	 24.00
44	 76	 227	 24.00
45	 46	 221	 23.00
45	 77	 233	 22.00
46	 47	 220	 16.00
46	 78	 171	 20.00
47	 48	 218	 17.00
47	 79	 187	 23.00
48	 49	 176	 19.00
48	 80	 183	 18.00
49	 50	 201	 23.00
49	 81	 222	 22.00
50	 51	 239	 23.00
50	 82	 179	 23.00
51	 52	 203	 18.00
51	 83	 174	 20.00
52	 53	 209	 22.00
52	 84	 236	 17.00
53	 54	 164	 23.00
53	 85	 215	 16.00
54	 55	 168	 20.00
54	 86	 172	 21.00
55	 56	 235	 21.00
55	 87	 161	 20.00
56	 57	 235	 16.00
56	 88	 238	 18.00
57	 58	 181	 20.00
57	 89	 165	 16.00
58	 59	 229	 21.00
58	 90	 191	 22.00
59	 60	 207	 19.00
59	 91	 199	 17.00
60	 61	 193	 20.00
60	 92	 211	 18.00
61	 62	 212	 18.00
61	 93	 166	 21.00
62	 63	 176	 16.00
62	 94	 183	 20.00
63	 95	 189	 16.00
64	 65	 229	 18.00
64	 96	 215	 19.00
65	 66	 163	 22.00
65	 97	 203	 21.00
66	 67	 222	 23.00
66	 98	 184	 19.00
67	 68	 173	 20.00
67	 99	 178	 23.00
68	 69	 172	 19.00
68	 100	 172	 16.00
69	 70	 232	 21.00
69	 101	 206	 23.00
70	 71	 239	 17.00
70	 102	 168	 19.00
71	 72	 219	 23.00
71	 103	 189	 24.00
72	 73	 180	 21.00
72	 104	 184	 16.00
73	 74	 201	 23.00
73	 105	 181	 20.00
74	 75	 207	 20.00
74	 106	 188	 24.00
75	 76	 182	 19.00
75	 107	 185	 24.00
76	 77	 183	 18.00
76	 108	 230	 22.00
77	 78	 201	 22.00
77	 109	 202	 19.00
78	 79	 194	 21.00
78	 110	 225	 18.00
79	 80	 215	 22.00
79	 111	 236	 23.00
80	 81	 235	 21.00
80	 112	 232	 20.00
81	 82	 205	 20.00
81	 113	 187	 24.00
82	 83	 237	 22.00
82	 114	 161	 24.00
83	 84	 234	 16.00
83	 115	 195	 23.00
84	 85	 179	 16.00
84	 116	 226	 18.00
85	 86	 190	 18.00
85	 117	 219	 21.00
86	 87	 222	 17.00
86	 118	 176	 16.00
87	 88	 225	 17.00
87	 119	 175	 16.00
88	 89	 229	 17.00
88	 120	 198	 23.00
89	 90	 228	 18.00
89	 121	 192	 24.00
90	 91	 171	 19.00
90	 122	 169	 21.00
91	 92	 188	 17.00
91	 123	 228	 24.00
92	 93	 207	 19.00
92	 124	 224	 20.00
93	 94	 197	 16.00
93	 125	 172	 24.00
94	 95	 210	 24.00
94	 126	 209	 17.00
95	 127	 190	 18.00
96	 97	 192	 17.00
96	 128	 185	 16.00
97	 98	 166	 20.00
97	 129	 203	 17.00
98	 99	 213	 16.00
98	 130	 210	 24.00
99	 100	 185	 20.00
99	 131	 177	 20.00
100	 101	 230	 24.00
100	 132	 178	 23.00
101	 102	 232	 17.00
101	 133	 210	 24.00
102	 103	 229	 24.00
102	 134	 230	 19.00
103	 104	 210	 16.00
103	 135	 210	 20.00
104	 105	 162	 16.00
104	 136	 182	 18.00
105	 106	 234	 22.00
105	 137	 222	 17.00
106	 107	 207	 18.00
106	 138	 214	 17.00
107	 108	 178	 23.00
107	 139	 186	 23.00
108	 109	 198	 24.00
108	 140	 184	 24.00
109	 110	 172	 24.00
109	 141	 188	 18.00
110	 111	 204	 17.00
110	 142	 214	 24.00
111	 112	 185	 23.00
111	 143	 183	 20.00
112	 113	 169	 24.00
112	 144	 200	 22.00
113	 114	 222	 21.00
113	 145	 226	 20.00
114	 115	 168	 24.00
114	 146	 221	 22.00
115	 116	 196	 22.00
115	 147	 197	 20.00
116	 117	 183	 20.00
116	 148	 219	 23.00
117	 118	 240	 18.00
117	 149	 165	 16.00
118	 119	 205	 22.00
118	 150	 231	 21.00
119	 120	 176	 22.00
119	 151	 210	 23.00
120	 121	 230	 24.00
120	 152	 209	 22.00
121	 122	 221	 16.00
121	 153	 183	 19.00
122	 123	 195	 23.00
122	 154	 181	 16.00
123	 124	 179	 19.00
123	 155	 187	 23.00
124	 125	 169	 23.00
124	 156	 212	 22.00
125	 126	 175	 22.00
125	 157	 219	 16.00
126	 127	 194	 16.00
126	 158	 181	 23.00
127	 159	 203	 21.00
128	 129	 197	 20.00
128	 160	 207	 16.00
129	 130	 225	 23.00
129	 161	 185	 24.00
130	 131	 160	 21.00
130	 162	 194	 16.00
131	 132	 177	 22.00
131	 163	 201	 22.00
132	 133	 225	 24.00
132	 164	 227	 24.00
133	 134	 239	 20.00
133	 165	 238	 19.00
134	 135	 193	 21.00
134	 166	 179	 23.00
135	 136	 216	 24.00
135	 167	 162	 20.00
136	 137	 209	 19.00
136	 168	 222	 23.00
137	 138	 219	 19.00
137	 169	 191	 24.00
138	 139	 177	 21.00
138	 170	 199	 18.00
139	 140	 190	 22.00
139	 171	 186	 21.00
140	 141	 211	 22.00
140	 172	 198	 16.00
141	 142	 240	 23.00
141	 173	 229	 22.00
142	 143	 204	 20.00
142	 174	 182	 20.00
143	 144	 231	 16.00
143	 175	 194	 19.00
144	 145	 227	 22.00
144	 176	 204	 17.00
145	 146	 174	 17.00
145	 177	 179	 16.00
146	 147	 208	 20.00
146	 178	 220	 18.00
147	 148	 238	 18.00
147	 179	 185	 16.00
148	 149	 215	 22.00
148	 180	 183	 16.00
149	 150	 171	 24.00
149	 181	 233	 24.00
150	 151	 212	 22.00
150	 182	 239	 22.00
151	 152	 228	 21.00
151	 183	 208	 23.00
152	 153	 200	 22.00
152	 184	 217	 23.00
153	 154	 221	 17.00
153	 185	 162	 21.00
154	 155	 161	 23.00
154	 186	 189	 21.00
155	 156	 176	 16.00
155	 187	 192	 20.00
156	 157	 224	 16.00
156	 188	 169	 21.00
157	 158	 210	 24.00
157	 189	 235	 23.00
158	 159	 217	 19.00
158	 190	 190	 21.00
159	 191	 224	 22.00
160	 161	 162	 21.00
160	 192	 240	 24.00
161	 162	 206	 18.00
161	 193	 190	 17.00
162	 163	 189	 19.00
162	 194	 173	 16.00
163	 164	 184	 24.00
163	 195	 222	 22.00
164	 165	 237	 22.00
164	 196	 185	 21.00
165	 166	 186	 22.00
165	 197	 196	 19.00
166	 167	 218	 21.00
166	 198	 233	 20.00
167	 168	 175	 20.00
167	 199	 178	 20.00
168	 169	 160	 18.00
168	 200	 210	 16.00
169	 170	 184	 24.00
169	 201	 170	 21.00
170	 171	 209	 21.00
170	 202	 237	 20.00
171	 172	 202	 22.00
171	 203	 167	 21.00
172	 173	 217	 17.00
172	 204	 166	 21.00
173	 174	 170	 24.00
173	 205	 234	 19.00
174	 175	 190	 17.00
174	 206	 217	 21.00
175	 176	 219	 19.00
175	 207	 231	 19.00
176	 177	 174	 19.00
176	 208	 179	 22.00
177	 178	 238	 18.00
177	 209	 232	 22.00
178	 179	 213	 22.00
178	 210	 171	 19.00
179	 180	 219	 17.00
179	 211	 223	 20.00
180	 181	 222	 18.00
180	 212	 206	 19.00
181	 182	 218	 24.00
181	 213	 165	 16.00
182	 183	 239	 16.00
182	 214	 219	 18.00
183	 184	 198	 21.00
183	 215	 233	 21.00
184	 185	 168	 16.00
184	 216	 187	 16.00
185	 186	 196	 20.00
185	 217	 233	 17.00
186	 187	 180	 23.00
186	 218	 169	 21.00
187	 188	 214	 20.00
187	 219	 180	 16.00
188	 189	 175	 20.00
188	 220	 210	 22.00
189	 190	 164	 17.00
189	 221	 210	 23.00
190	 191	 195	 16.00
190	 222	 206	 16.00
191	 223	 204	 23.00
192	 193	 238	 16.00
192	 224	 181	 24.00
193	 194	 223	 16.00
193	 225	 175	 24.00
194	 195	 201	 17.00
194	 226	 198	 17.00
195	 196	 213	 23.00
195	 227	 183	 17.00
196	 197	 215	 18.00
196	 228	 186	 23.00
197	 198	 172	 24.00
197	 229	 165	 24.00
198	 199	 177	 18.00
198	 230	 163	 23.00
199	 200	 183	 16.00
199	 231	 218	 18.00
200	 201	 178	 18.00
200	 232	 165	 24.00
201	 202	 203	 16.00
201	 233	 184	 19.00
202	 203	 161	 16.00
202	 234	 188	 22.00
203	 204	 178	 22.00
203	 235	 173	 23.00
204	 205	 164	 16.00
204	 236	 202	 21.00
205	 206	 170	 17.00
205	 237	 203	 20.00
206	 207	 170	 22.00
206	 238	 202	 24.00
207	 208	 206	 23.00
207	 239	 228	 18.00
208	 209	 196	 18.00
208	 240	 175	 18.00
209	 210	 199	 19.00
209	 241	 205	 16.00
210	 211	 180	 20.00
210	 242	 188	 21.00
211	 212	 168	 22.00
211	 243	 204	 22.00
212	 213	 203	 16.00
212	 244	 195	 24.00
213	 214	 198	 17.00
213	 245	 223	 18.00
214	 215	 202	 17.00
214	 246	 160	 21.00
215	 216	 202	 24.00
215	 247	 202	 24.00
216	 217	 226	 16.00
216	 248	 221	 24.00
217	 218	 207	 21.00
217	 249	 183	 24.00
218	 219	 203	 22.00
218	 250	 214	 19.00
219	 220	 184	 24.00
219	 251	 181	 22.00
220	 221	 213	 18.00
220	 252	 213	 22.00
221	 222	 218	 19.00
221	 253	 214	 17.00
222	 223	 173	 22.00
222	 254	 237	 19.00
223	 255	 191	 20.00
224	 225	 232	 19.00
224	 256	 211	 17.00
225	 226	 227	 23.00
225	 257	 189	 21.00
226	 227	 168	 21.00
226	 258	 187	 23.00
227	 228	 203	 17.00
227	 259	 211	 22.00
228	 229	 187	 21.00
228	 260	 174	 20.00
229	 230	 173	 22.00
229	 261	 223	 23.00
230	 231	 188	 18.00
230	 262	 222	 24.00
231	 232	 223	 17.00
231	 263	 217	 17.00
232	 233	 184	 19.00
232	 264	 160	 21.00
233	 234	 226	 23.00
233	 265	 181	 16.00
234	 235	 206	 23.00
234	 266	 233	 20.00
235	 236	 164	 19.00
235	 267	 171	 22.00
236	 237	 231	 24.00
236	 268	 204	 20.00
237	 238	 183	 22.00
237	 269	 214	 16.00
238	 239	 204	 20.00
238	 270	 214	 23.00
239	 240	 217	 19.00
239	 271	 221	 18.00
240	 241	 173	 20.00
240	 272	 233	 17.00
241	 242	 202	 21.00
241	 273	 190	 17.00
242	 243	 204	 20.00
242	 274	 181	 17.00
243	 244	 212	 22.00
243	 275	 212	 19.00
244	 245	 218	 20.00
244	 276	 164	 16.00
245	 246	 188	 21.00
245	 277	 192	 22.00
246	 247	 213	 22.00
246	 278	 206	 17.00
247	 248	 192	 24.00
247	 279	 218	 23.00
248	 249	 169	 21.00
248	 280	 194	 20.00
249	 250	 175	 23.00
249	 281	 207	 16.00
250	 251	 201	 21.00
250	 282	 177	 22.00
251	 252	 217	 21.00
251	 283	 176	 23.00
252	 253	 218	 22.00
252	 284	 225	 17.00
253	 254	 195	 22.00
253	 285	 203	 21.00
254	 255	 217	 20.00
254	 286	 226	 16.00
255	 287	 233	 21.00
256	 257	 187	 22.00
256	 288	 193	 17.00
257	 258	 161	 20.00
257	 289	 224	 16.00
258	 259	 205	 17.00
258	 290	 199	 16.00
259	 260	 188	 23.00
259	 291	 236	 20.00
260	 261	 182	 17.00
260	 292	 196	 24.00
261	 262	 161	 18.00
261	 293	 165	 22.00
262	 263	 205	 21.00
262	 294	 184	 22.00
263	 264	 172	 22.00
263	 295	 221	 21.00
264	 265	 188	 24.00
264	 296	 229	 19.00
265	 266	 193	 24.00
265	 297	 193	 20.00
266	 267	 225	 22.00
266	 298	 224	 16.00
267	 268	 190	 22.00
267	 299	 199	 21.00
268	 269	 228	 18.00
268	 300	 171	 19.00
269	 270	 188	 19.00
269	 301	 179	 16.00
270	 271	 208	 23.00
270	 302	 224	 21.00
271	 272	 205	 20.00
271	 303	 173	 19.00
272	 273	 238	 24.00
272	 304	 166	 24.00
273	 274	 240	 20.00
273	 305	 230	 24.00
274	 275	 190	 23.00
274	 306	 176	 23.00
275	 276	 240	 22.00
275	 307	 193	 17.00
276	 277	 235	 22.00
276	 308	 212	 21.00
277	 278	 207	 17.00
277	 309	 214	 22.00
278	 279	 216	 21.00
278	 310	 169	 16.00
279	 280	 215	 16.00
279	 311	 237	 22.00
280	 281	 237	 24.00
280	 312	 176	 17.00
281	 282	 201	 16.00
281	 313	 239	 18.00
282	 283	 188	 16.00
282	 314	 185	 19.00
283	 284	 160	 16.00
283	 315	 172	 18.00
284	 285	 203	 22.00
284	 316	 192	 19.00
285	 286	 189	 18.00
285	 317	 168	 17.00
286	 287	 194	 17.00
286	 318	 189	 24.00
287	 319	 166	 23.00
288	 289	 173	 17.00
288	 320	 215	 22.00
289	 290	 161	 21.00
289	 321	 238	 19.00
290	 291	 183	 23.00
290	 322	 187	 19.00
291	 292	 174	 18.00
291	 323	 163	 16.00
292	 293	 237	 16.00
292	 324	 177	 18.00
293	 294	 167	 16.00
293	 325	 164	 21.00
294	 295	 174	 20.00
294	 326	 236	 17.00
295	 296	 218	 22.00
295	 327	 236	 16.00
296	 297	 226	 17.00
296	 328	 229	 22.00
297	 298	 236	 17.00
297	 329	 171	 23.00
298	 299	 196	 22.00
298	 330	 200	 24.00
299	 300	 215	 22.00
299	 331	 197	 23.00
300	 301	 167	 17.00
300	 332	 166	 23.00
301	 302	 193	 18.00
301	 333	 222	 24.00
302	 303	 188	 23.00
302	 334	 227	 18.00
303	 304	 163	 22.00
303	 335	 228	 21.00
304	 305	 187	 16.00
304	 336	 185	 17.00
305	 306	 172	 18.00
305	 337	 199	 20.00
306	 307	 183	 23.00
306	 338	 234	 16.00
307	 308	 218	 18.00
307	 339	 196	 24.00
308	 309	 204	 23.00
308	 340	 209	 21.00
309	 310	 188	 17.00
309	 341	 237	 21.00
310	 311	 198	 23.00
310	 342	 181	 20.00
311	 312	 231	 23.00
311	 343	 160	 20.00
312	 313	 203	 16.00
312	 344	 192	 22.00
313	 314	 222	 22.00
313	 345	 189	 17.00
314	 315	 176	 24.00
314	 346	 178	 17.00
315	 316	 232	 18.00
315	 347	 235	 20.00
316	 317	 194	 20.00
316	 348	 235	 19.00
317	 318	 231	 18.00
317	 349	 220	 23.00
318	 319	 227	 20.00
318	 350	 227	 22.00
319	 351	 190	 17.00
320	 321	 202	 17.00
320	 352	 240	 22.00
321	 322	 238	 23.00
321	 353	 220	 24.00
322	 323	 180	 17.00
322	 354	 192	 24.00
323	 324	 209	 24.00
323	 355	 190	 21.00
324	 325	 203	 21.00
324	 356	 240	 23.00
325	 326	 173	 24.00
325	 357	 219	 19.00
326	 327	 164	 16.00
326	 358	 168	 21.00
327	 328	 225	 16.00
327	 359	 182	 20.00
328	 329	 211	 17.00
328	 360	 229	 21.00
329	 330	 190	 21.00
329	 361	 162	 17.00
330	 331	 161	 20.00
330	 362	 196	 22.00
331	 332	 181	 24.00
331	 363	 160	 22.00
332	 333	 176	 21.00
332	 364	 167	 20.00
333	 334	 233	 18.00
333	 365	 217	 16.00
334	 335	 169	 23.00
334	 366	 222	 22.00
335	 336	 224	 24.00
335	 367	 204	 19.00
336	 337	 161	 24.00
336	 368	 167	 17.00
337	 338	 199	 23.00
337	 369	 183	 21.00
338	 339	 180	 23.00
338	 370	 192	 21.00
339	 340	 188	 18.00
339	 371	 227	 19.00
340	 341	 178	 23.00
340	 372	 190	 24.00
341	 342	 228	 17.00
341	 373	 226	 22.00
342	 343	 193	 24.00
342	 374	 231	 19.00
343	 344	 203	 24.00
343	 375	 216	 17.00
344	 345	 197	 21.00
344	 376	 200	 17.00
345	 346	 178	 16.00
345	 377	 184	 22.00
346	 347	 178	 19.00
346	 378	 205	 17.00
347	 348	 169	 24.00
347	 379	 240	 21.00
348	 349	 198	 17.00
348	 380	 185	 18.00
349	 350	 205	 19.00
349	 381	 209	 21.00
350	 351	 210	 18.00
350	 382	 213	 18.00
351	 383	 176	 21.00
352	 353	 199	 24.00
352	 384	 211	 22.00
353	 354	 186	 18.00
353	 385	 196	 24.00
354	 355	 164	 18.00
354	 386	 210	 19.00
355	 356	 218	 24.00
355	 387	 182	 18.00
356	 357	 220	 17.00
356	 388	 185	 17.00
357	 358	 236	 16.00
357	 389	 222	 21.00
358	 359	 227	 19.00
358	 390	 223	 24.00
359	 360	 188	 19.00
359	 391	 209	 23.00
360	 361	 181	 19.00
360	 392	 226	 21.00
361	 362	 221	 19.00
361	 393	 167	 22.00
362	 363	 162	 21.00
362	 394	 189	 18.00
363	 364	 168	 16.00
363	 395	 202	 21.00
364	 365	 198	 22.00
364	 396	 212	 23.00
365	 366	 198	 18.00
365	 397	 208	 16.00
366	 367	 237	 23.00
366	 398	 173	 17.00
367	 368	 212	 19.00
367	 399	 193	 20.00
368	 369	 240	 22.00
368	 400	 177	 21.00
369	 370	 176	 16.00
369	 401	 171	 19.00
370	 371	 238	 18.00
370	 402	 199	 20.00
371	 372	 179	 24.00
371	 403	 215	 19.00
372	 373	 184	 24.00
372	 404	 183	 19.00
373	 374	 178	 17.00
373	 405	 224	 23.00
374	 375	 196	 19.00
374	 406	 179	 19.00
375	 376	 194	 17.00
375	 407	 195	 22.00
376	 377	 184	 21.00
376	 408	 176	 16.00
377	 378	 217	 23.00
377	 409	 201	 17.00
378	 379	 182	 17.00
378	 410	 236	 16.00
379	 380	 204	 21.00
379	 411	 160	 19.00
380	 381	 232	 20.00
380	 412	 223	 23.00
381	 382	 179	 21.00
381	 413	 208	 20.00
382	 383	 203	 21.00
382	 414	 191	 23.00
383	 415	 214	 23.00
384	 385	 195	 23.00
384	 416	 195	 24.00
385	 386	 198	 20.00
385	 417	 238	 17.00
386	 387	 177	 21.00
386	 418	 192	 17.00
387	 388	 237	 18.00
387	 419	 191	 16.00
388	 389	 179	 18.00
388	 420	 204	 20.00
389	 390	 232	 21.00
389	 421	 162	 21.00
390	 391	 211	 18.00
390	 422	 194	 24.00
391	 392	 167	 22.00
391	 423	 211	 20.00
392	 393	 217	 18.00
392	 424	 229	 18.00
393	 394	 238	 21.00
393	 425	 220	 18.00
394	 395	 175	 18.00
394	 426	 195	 23.00
395	 396	 192	 22.00
395	 427	 198	 19.00
396	 397	 219	 20.00
396	 428	 184	 21.00
397	 398	 181	 21.00
397	 429	 160	 22.00
398	 399	 180	 24.00
398	 430	 173	 24.00
399	 400	 176	 20.00
399	 431	 200	 16.00
400	 401	 205	 21.00
400	 432	 168	 17.00
401	 402	 233	 18.00
401	 433	 169	 21.00
402	 403	 238	 23.00
402	 434	 220	 19.00
403	 404	 202	 18.00
403	 435	 238	 18.00
404	 405	 181	 23.00
404	 436	 185	 23.00
405	 406	 175	 16.00
405	 437	 194	 23.00
406	 407	 213	 21.00
406	 438	 187	 19.00
407	 408	 222	 18.00
407	 439	 188	 18.00
408	 409	 229	 20.00
408	 440	 188	 24.00
409	 410	 216	 24.00
409	 441	 200	 18.00
410	 411	 203	 18.00
410	 442	 171	 21.00
411	 412	 225	 19.00
411	 443	 224	 22.00
412	 413	 180	 22.00
412	 444	 180	 21.00
413	 414	 224	 18.00
413	 445	 240	 21.00
414	 415	 214	 24.00
414	 446	 212	 21.00
415	 447	 180	 18.00
416	 417	 203	 24.00
416	 448	 232	 24.00
417	 418	 194	 17.00
417	 449	 209	 17.00
418	 419	 224	 16.00
418	 450	 239	 22.00
419	 420	 182	 21.00
419	 451	 197	 19.00
420	 421	 236	 16.00
420	 452	 236	 21.00
421	 422	 203	 21.00
421	 453	 191	 16.00
422	 423	 178	 19.00
422	 454	 162	 17.00
423	 424	 238	 22.00
423	 455	 213	 22.00
424	 425	 204	 20.00
424	 456	 205	 24.00
425	 426	 225	 24.00
425	 457	 214	 23.00
426	 427	 224	 19.00
426	 458	 226	 17.00
427	 428	 224	 24.00
427	 459	 239	 18.00
428	 429	 173	 17.00
428	 460	 181	 18.00
429	 430	 179	 17.00
429	 461	 175	 21.00
430	 431	 207	 22.00
430	 462	 205	 20.00
431	 432	 225	 21.00
431	 463	 197	 17.00
432	 433	 161	 20.00
432	 464	 217	 23.00
433	 434	 209	 21.00
433	 465	 171	 17.00
434	 435	 164	 23.00
434	 466	 210	 17.00
435	 436	 160	 18.00
435	 467	 175	 19.00
436	 437	 212	 18.00
436	 468	 202	 19.00
437	 438	 164	 23.00
437	 469	 203	 18.00
438	 439	 193	 24.00
438	 470	 208	 21.00
439	 440	 231	 16.00
439	 471	 183	 17.00
440	 441	 209	 20.00
440	 472	 223	 22.00
441	 442	 207	 24.00
441	 473	 160	 24.00
442	 443	 220	 17.00
442	 474	 197	 19.00
443	 444	 235	 17.00
443	 475	 165	 24.00
444	 445	 238	 24.00
444	 476	 221	 23.00
445	 446	 225	 21.00
445	 477	 166	 22.00
446	 447	 196	 17.00
446	 478	 236	 24.00
447	 479	 195	 24.00
448	 449	 204	 21.00
448	 480	 187	 23.00
449	 450	 205	 20.00
449	 481	 212	 18.00
450	 451	 166	 24.00
450	 482	 171	 18.00
451	 452	 234	 18.00
451	 483	 215	 17.00
452	 453	 196	 16.00
452	 484	 165	 19.00
453	 454	 220	 23.00
453	 485	 233	 17.00
454	 455	 227	 18.00
454	 486	 186	 21.00
455	 456	 200	 18.00
455	 487	 191	 21.00
456	 457	 231	 19.00
456	 488	 209	 22.00
457	 458	 207	 20.00
457	 489	 186	 17.00
458	 459	 238	 18.00
458	 490	 173	 21.00
459	 460	 210	 23.00
459	 491	 199	 19.00
460	 461	 230	 16.00
460	 492	 223	 22.00
461	 462	 240	 21.00
461	 493	 160	 24.00
462	 463	 190	 16.00
462	 494	 202	 19.00
463	 464	 211	 20.00
463	 495	 188	 16.00
464	 465	 187	 21.00
464	 496	 218	 17.00
465	 466	 219	 22.00
465	 497	 182	 23.00
466	 467	 238	 23.00
466	 498	 160	 22.00
467	 468	 218	 24.00
467	 499	 221	 18.00
468	 469	 174	 16.00
468	 500	 194	 18.00
469	 470	 235	 20.00
469	 501	 227	 20.00
470	 471	 224	 22.00
470	 502	 238	 18.00
471	 472	 179	 23.00
471	 503	 165	 21.00
472	 473	 163	 19.00
472	 504	 189	 18.00
473	 474	 161	 18.00
473	 505	 182	 20.00
474	 475	 172	 17.00
474	 506	 179	 23.00
475	 476	 190	 22.00
475	 507	 167	 16.00
476	 477	 160	 16.00
476	 508	 165	 23.00
477	 478	 238	 18.00
477	 509	 183	 19.00
478	 479	 179	 22.00
478	 510	 199	 18.00
479	 511	 172	 21.00
480	 481	 188	 21.00
481	 482	 162	 18.00
482	 483	 170	 17.00
483	 484	 187	 16.00
484	 485	 191	 16.00
485	 486	 234	 20.00
486	 487	 231	 21.00
487	 488	 213	 21.00
488	 489	 203	 23.00
489	 490	 215	 20.00
490	 491	 181	 20.00
491	 492	 212	 20.00
492	 493	 192	 22.00
493	 494	 174	 24.00
494	 495	 214	 17.00
495	 496	 228	 23.00
496	 497	 178	 17.00
497	 498	 202	 16.00
498	 499	 238	 22.00
499	 500	 216	 22.00
500	 501	 170	 24.00
501	 502	 188	 22.00
502	 503	 224	 24.00
503	 504	 186	 17.00
504	 505	 165	 18.00
505	 506	 227	 20.00
506	 507	 235	 24.00
507	 508	 190	 17.00
508	 509	 226	 24.00
509	 510	 236	 20.00
510	 511	 174	 20.00
