512	976	10	0.05

2	 36	 0
99	 -2	 0
226	 29	 0
284	 29	 0
391	 26	 9
491	 -18	 9
611	 2	 9
735	 -40	 9
773	 -33	 9
901	 7	 7
967	 -16	 7
1121	 -3	 7
1174	 -9	 7
1305	 -3	 7
1404	 -8	 7
1470	 16	 7
1611	 -10	 7
1741	 -10	 7
1820	 -16	 7
1880	 -12	 7
1981	 -11	 7
2129	 -15	 5
2211	 25	 5
2271	 27	 5
2417	 13	 5
2454	 3	 5
2627	 -7	 3
2673	 33	 3
2832	 -37	 3
2894	 -14	 3
2999	 -9	 3
3101	 -19	 3
3	 87	 0
85	 93	 0
236	 98	 0
255	 89	 0
391	 86	 0
537	 125	 9
615	 117	 9
672	 62	 9
802	 135	 9
872	 130	 7
1032	 59	 7
1138	 90	 7
1180	 120	 7
1305	 69	 7
1418	 116	 7
1506	 76	 7
1630	 81	 7
1700	 61	 7
1776	 98	 7
1869	 110	 7
1987	 85	 5
2109	 123	 5
2220	 78	 5
2334	 71	 5
2428	 110	 5
2545	 83	 5
2593	 121	 3
2684	 126	 3
2787	 102	 3
2888	 70	 3
3024	 114	 3
3101	 134	 3
-30	 214	 0
91	 203	 0
194	 216	 0
294	 176	 0
402	 170	 0
529	 163	 0
584	 182	 9
711	 167	 9
797	 201	 7
902	 208	 7
1018	 179	 7
1128	 198	 7
1194	 191	 7
1339	 214	 7
1418	 182	 7
1525	 194	 7
1602	 187	 7
1714	 206	 7
1794	 175	 7
1863	 165	 7
2012	 186	 5
2067	 173	 5
2219	 212	 5
2285	 235	 5
2391	 196	 5
2496	 210	 5
2582	 205	 3
2696	 196	 3
2821	 199	 3
2889	 166	 3
3022	 213	 3
3075	 199	 3
-38	 304	 0
127	 308	 0
232	 327	 0
339	 301	 0
389	 312	 0
494	 312	 0
598	 278	 9
738	 317	 9
766	 294	 9
939	 298	 7
988	 321	 7
1072	 324	 7
1163	 306	 7
1269	 288	 7
1421	 271	 7
1532	 325	 7
1597	 282	 7
1711	 341	 7
1801	 271	 7
1855	 276	 7
1988	 278	 5
2100	 318	 5
2245	 340	 5
2308	 261	 5
2382	 307	 5
2485	 322	 5
2603	 306	 3
2741	 290	 3
2813	 324	 3
2914	 272	 3
3028	 302	 3
3074	 260	 3
12	 400	 0
75	 413	 0
230	 383	 0
271	 408	 0
411	 401	 0
526	 385	 0
646	 350	 9
702	 418	 9
764	 372	 9
881	 416	 7
1003	 413	 7
1092	 423	 7
1220	 406	 7
1307	 388	 7
1422	 433	 7
1486	 404	 6
1580	 365	 7
1676	 391	 7
1824	 388	 7
1879	 400	 7
2030	 409	 5
2113	 388	 5
2205	 374	 5
2313	 405	 5
2389	 420	 5
2484	 358	 5
2595	 425	 2
2674	 404	 3
2822	 418	 3
2866	 408	 3
3006	 355	 3
3080	 413	 3
-6	 509	 0
108	 497	 0
185	 495	 0
272	 497	 0
396	 502	 9
483	 473	 9
611	 489	 9
739	 497	 9
798	 542	 9
897	 525	 9
1008	 494	 7
1078	 514	 7
1211	 519	 7
1274	 460	 7
1399	 517	 7
1502	 502	 6
1556	 470	 7
1717	 493	 7
1781	 531	 7
1872	 531	 4
1978	 520	 4
2100	 527	 4
2161	 489	 5
2272	 501	 5
2382	 532	 5
2508	 491	 5
2578	 480	 2
2676	 527	 2
2837	 516	 3
2907	 498	 3
2966	 505	 3
3085	 460	 3
26	 622	 1
116	 621	 0
228	 631	 0
280	 632	 0
435	 618	 9
483	 596	 9
606	 556	 9
705	 619	 9
830	 606	 9
889	 623	 9
985	 582	 9
1106	 600	 7
1210	 594	 7
1317	 587	 6
1374	 607	 6
1458	 619	 6
1602	 637	 6
1730	 617	 6
1785	 584	 4
1893	 557	 4
1989	 588	 4
2101	 590	 4
2205	 567	 4
2335	 591	 5
2370	 625	 2
2507	 634	 2
2609	 617	 2
2713	 566	 2
2827	 586	 3
2855	 629	 2
2983	 603	 2
3061	 582	 2
-42	 720	 1
132	 711	 1
192	 689	 1
315	 707	 1
419	 705	 1
512	 692	 9
578	 704	 1
743	 727	 9
809	 709	 9
907	 705	 6
1036	 722	 6
1135	 692	 6
1222	 695	 6
1293	 717	 6
1382	 711	 6
1497	 734	 6
1578	 706	 6
1721	 671	 4
1801	 742	 4
1922	 680	 4
1974	 679	 4
2113	 722	 4
2213	 733	 4
2330	 681	 4
2401	 726	 2
2493	 680	 2
2597	 736	 2
2697	 735	 2
2773	 673	 2
2893	 728	 2
2987	 670	 2
3100	 712	 2
-18	 829	 1
70	 799	 1
203	 813	 1
311	 799	 1
419	 794	 1
507	 805	 1
595	 822	 1
701	 816	 8
801	 781	 8
906	 806	 6
1001	 808	 6
1110	 834	 6
1236	 794	 6
1322	 813	 6
1391	 801	 6
1502	 797	 6
1609	 778	 6
1730	 787	 4
1768	 793	 4
1937	 824	 4
2046	 812	 4
2115	 820	 4
2217	 820	 4
2293	 805	 4
2411	 832	 2
2535	 817	 2
2562	 838	 2
2723	 832	 2
2842	 791	 2
2902	 787	 2
3035	 802	 2
3082	 795	 2
33	 876	 1
79	 917	 1
195	 905	 1
314	 915	 1
386	 947	 8
509	 917	 8
616	 929	 8
689	 905	 8
788	 881	 8
902	 900	 8
975	 875	 8
1132	 865	 6
1220	 905	 6
1296	 902	 8
1417	 877	 6
1526	 903	 6
1586	 899	 6
1688	 875	 4
1786	 885	 4
1878	 922	 6
2000	 872	 4
2066	 909	 4
2186	 882	 4
2309	 897	 4
2427	 879	 2
2468	 894	 2
2593	 881	 4
2723	 917	 2
2775	 918	 2
2892	 920	 2
3001	 910	 2
3112	 863	 2
-37	 1031	 1
85	 997	 1
188	 1036	 1
337	 1028	 1
405	 1014	 8
502	 999	 8
637	 1011	 8
702	 970	 8
776	 965	 8
892	 999	 8
998	 964	 8
1087	 1005	 6
1209	 964	 8
1285	 1012	 8
1365	 1007	 6
1498	 991	 6
1638	 1000	 6
1679	 993	 6
1803	 1017	 4
1904	 987	 6
1959	 993	 6
2133	 979	 4
2195	 964	 4
2285	 964	 4
2407	 1006	 4
2517	 990	 4
2605	 1006	 4
2727	 997	 2
2828	 986	 2
2907	 998	 2
3038	 978	 2
3104	 1002	 2
-12	 1101	 1
66	 1124	 1
174	 1097	 1
300	 1122	 1
402	 1106	 1
508	 1129	 8
619	 1131	 8
691	 1097	 8
836	 1087	 8
898	 1090	 8
1000	 1110	 8
1134	 1096	 8
1207	 1110	 8
1307	 1095	 8
1394	 1134	 8
1492	 1089	 6
1573	 1072	 6
1745	 1128	 6
1798	 1111	 6
1871	 1129	 6
1976	 1092	 6
2131	 1106	 4
2214	 1077	 4
2269	 1070	 4
2419	 1100	 4
2488	 1090	 4
2617	 1120	 4
2703	 1144	 4
2781	 1127	 2
2886	 1079	 2
3011	 1089	 2
3095	 1125	 2
0	 1203	 1
95	 1233	 1
229	 1214	 1
290	 1206	 1
375	 1178	 1
491	 1163	 1
622	 1236	 8
663	 1204	 8
764	 1191	 8
932	 1221	 8
1018	 1189	 8
1117	 1181	 8
1201	 1162	 8
1276	 1185	 8
1418	 1219	 8
1456	 1223	 6
1585	 1205	 6
1703	 1208	 6
1764	 1189	 6
1889	 1170	 6
2021	 1192	 4
2130	 1221	 4
2230	 1203	 4
2259	 1218	 4
2425	 1217	 4
2525	 1223	 4
2622	 1215	 4
2658	 1192	 2
2779	 1201	 2
2892	 1159	 2
3006	 1221	 2
3097	 1162	 2
-18	 1316	 1
93	 1329	 1
247	 1297	 1
286	 1289	 1
375	 1288	 1
477	 1267	 1
612	 1270	 8
692	 1302	 8
819	 1293	 8
910	 1283	 8
1012	 1267	 8
1109	 1313	 8
1212	 1294	 8
1288	 1279	 8
1414	 1318	 6
1494	 1284	 6
1582	 1315	 6
1722	 1300	 6
1773	 1312	 6
1920	 1307	 6
2014	 1334	 4
2067	 1290	 4
2216	 1298	 4
2323	 1299	 4
2378	 1330	 4
2542	 1326	 2
2585	 1285	 2
2726	 1313	 2
2812	 1301	 2
2917	 1295	 2
3016	 1336	 2
3109	 1281	 2
-20	 1417	 1
115	 1401	 1
195	 1391	 1
300	 1394	 1
446	 1417	 1
517	 1416	 8
618	 1427	 8
699	 1411	 8
819	 1401	 8
905	 1423	 8
965	 1411	 8
1121	 1399	 8
1209	 1435	 8
1275	 1361	 8
1399	 1363	 8
1499	 1390	 6
1599	 1395	 6
1691	 1437	 6
1809	 1389	 6
1903	 1425	 6
1996	 1417	 6
2105	 1410	 4
2245	 1423	 4
2335	 1439	 4
2398	 1441	 4
2503	 1377	 2
2624	 1375	 2
2706	 1388	 2
2786	 1426	 2
2883	 1428	 2
2973	 1410	 2
3120	 1380	 2
20	 1519	 1
131	 1482	 1
199	 1492	 1
278	 1476	 1
416	 1478	 1
537	 1526	 8
575	 1460	 8
721	 1498	 8
814	 1470	 8
909	 1497	 8
1037	 1490	 8
1134	 1532	 8
1195	 1533	 8
1281	 1477	 8
1443	 1515	 8
1490	 1512	 6
1611	 1460	 6
1728	 1498	 6
1802	 1490	 6
1900	 1487	 6
2027	 1480	 6
2119	 1511	 6
2237	 1483	 4
2284	 1504	 4
2428	 1494	 4
2530	 1495	 4
2574	 1536	 4
2697	 1510	 2
2844	 1531	 2
2924	 1504	 2
3030	 1498	 2
3092	 1515	 2

0	 1	 206	 22.00
0	 32	 170	 19.00
1	 2	 232	 17.00
1	 33	 197	 16.00
2	 3	 173	 19.00
2	 34	 167	 18.00
3	 4	 200	 16.00
3	 35	 222	 20.00
4	 5	 239	 19.00
4	 36	 226	 23.00
5	 6	 231	 21.00
5	 37	 233	 24.00
6	 7	 233	 17.00
6	 38	 165	 18.00
7	 8	 183	 19.00
7	 39	 223	 17.00
8	 9	 180	 21.00
8	 40	 218	 24.00
9	 10	 240	 18.00
9	 41	 187	 22.00
10	 11	 177	 20.00
10	 42	 172	 16.00
11	 12	 177	 17.00
11	 43	 215	 17.00
12	 13	 225	 17.00
12	 44	 194	 24.00
13	 14	 165	 19.00
13	 45	 197	 21.00
14	 15	 215	 16.00
14	 46	 187	 21.00
15	 16	 207	 19.00
15	 47	 180	 22.00
16	 17	 223	 22.00
16	 48	 196	 17.00
17	 18	 214	 20.00
17	 49	 199	 17.00
18	 19	 169	 21.00
18	 50	 170	 23.00
19	 20	 212	 24.00
19	 51	 160	 23.00
20	 21	 171	 21.00
20	 52	 237	 19.00
21	 22	 227	 17.00
21	 53	 165	 20.00
22	 23	 160	 20.00
22	 54	 195	 23.00
23	 24	 223	 18.00
23	 55	 162	 21.00
24	 25	 221	 16.00
24	 56	 214	 18.00
25	 26	 208	 18.00
25	 57	 202	 23.00
26	 27	 213	 16.00
26	 58	 230	 17.00
27	 28	 195	 16.00
27	 59	 175	 20.00
28	 29	 228	 21.00
28	 60	 205	 16.00
29	 30	 228	 20.00
29	 61	 214	 19.00
30	 31	 169	 22.00
30	 62	 237	 16.00
31	 63	 216	 18.00
32	 33	 215	 16.00
32	 64	 223	 20.00
33	 34	 182	 16.00
33	 65	 217	 22.00
34	 35	 183	 17.00
34	 66	 235	 17.00
35	 36	 201	 24.00
35	 67	 191	 18.00
36	 37	 167	 24.00
36	 68	 191	 19.00
37	 38	 198	 19.00
37	 69	 227	 24.00
38	 39	 173	 21.00
38	 70	 172	 19.00
39	 40	 199	 17.00
39	 71	 220	 19.00
40	 41	 187	 21.00
40	 72	 209	 23.00
41	 42	 199	 22.00
41	 73	 217	 20.00
42	 43	 212	 23.00
42	 74	 182	 23.00
43	 44	 177	 20.00
43	 75	 173	 19.00
44	 45	 196	 16.00
44	 76	 166	 16.00
45	 46	 175	 19.00
45	 77	 199	 17.00
46	 47	 227	 21.00
46	 78	 190	 23.00
47	 48	 227	 22.00
47	 79	 214	 23.00
48	 49	 191	 19.00
48	 80	 222	 20.00
49	 50	 198	 22.00
49	 81	 173	 22.00
50	 51	 228	 17.00
50	 82	 227	 23.00
51	 52	 229	 21.00
51	 83	 170	 22.00
52	 53	 192	 20.00
52	 84	 229	 20.00
53	 54	 223	 16.00
53	 85	 172	 16.00
54	 55	 185	 24.00
54	 86	 200	 22.00
55	 56	 190	 24.00
55	 87	 240	 16.00
56	 57	 214	 22.00
56	 88	 201	 16.00
57	 58	 211	 16.00
57	 89	 188	 21.00
58	 59	 162	 18.00
58	 90	 227	 24.00
59	 60	 236	 21.00
59	 91	 230	 19.00
60	 61	 194	 16.00
60	 92	 180	 23.00
61	 62	 192	 17.00
61	 93	 240	 16.00
62	 63	 219	 20.00
62	 94	 187	 16.00
63	 95	 216	 24.00
64	 65	 160	 22.00
64	 96	 194	 20.00
65	 66	 167	 20.00
65	 97	 202	 23.00
66	 67	 175	 21.00
66	 98	 166	 20.00
67	 68	 172	 19.00
67	 99	 161	 22.00
68	 69	 229	 24.00
68	 100	 200	 16.00
69	 70	 167	 19.00
69	 101	 192	 23.00
70	 71	 236	 21.00
70	 102	 195	 21.00
71	 72	 171	 17.00
71	 103	 197	 21.00
72	 73	 217	 20.00
72	 104	 178	 23.00
73	 74	 170	 17.00
73	 105	 181	 17.00
74	 75	 165	 16.00
74	 106	 202	 23.00
75	 76	 237	 21.00
75	 107	 193	 18.00
76	 77	 177	 22.00
76	 108	 189	 17.00
77	 78	 198	 20.00
77	 109	 229	 18.00
78	 79	 171	 23.00
78	 110	 186	 18.00
79	 80	 214	 19.00
79	 111	 164	 16.00
80	 81	 235	 19.00
80	 112	 164	 21.00
81	 82	 231	 20.00
81	 113	 219	 16.00
82	 83	 204	 16.00
82	 114	 202	 19.00
83	 84	 170	 22.00
83	 115	 207	 21.00
84	 85	 231	 24.00
84	 116	 219	 20.00
85	 86	 224	 23.00
85	 117	 184	 22.00
86	 87	 160	 24.00
86	 118	 169	 18.00
87	 88	 180	 16.00
87	 119	 239	 24.00
88	 89	 178	 19.00
88	 120	 230	 21.00
89	 90	 209	 19.00
89	 121	 229	 16.00
90	 91	 192	 24.00
90	 122	 188	 24.00
91	 92	 236	 20.00
91	 123	 240	 18.00
92	 93	 169	 24.00
92	 124	 177	 19.00
93	 94	 207	 17.00
93	 125	 168	 16.00
94	 95	 186	 20.00
94	 126	 194	 23.00
95	 127	 176	 17.00
96	 97	 182	 18.00
96	 128	 198	 21.00
97	 98	 189	 19.00
97	 129	 165	 21.00
98	 99	 178	 18.00
98	 130	 177	 17.00
99	 100	 240	 20.00
99	 131	 174	 22.00
100	 101	 188	 21.00
100	 132	 190	 17.00
101	 102	 222	 16.00
101	 133	 190	 19.00
102	 103	 166	 17.00
102	 134	 200	 19.00
103	 104	 225	 18.00
103	 135	 187	 16.00
104	 105	 219	 18.00
104	 136	 220	 21.00
105	 106	 223	 23.00
105	 137	 201	 17.00
106	 107	 167	 24.00
106	 138	 190	 21.00
107	 108	 197	 20.00
107	 139	 223	 17.00
108	 109	 199	 19.00
108	 140	 229	 20.00
109	 110	 221	 20.00
109	 141	 173	 20.00
110	 111	 187	 16.00
110	 142	 182	 23.00
111	 112	 166	 21.00
111	 143	 203	 18.00
112	 113	 184	 17.00
112	 144	 192	 16.00
113	 114	 170	 18.00
113	 145	 181	 24.00
114	 115	 222	 22.00
114	 146	 162	 22.00
115	 116	 207	 22.00
115	 147	 160	 16.00
116	 117	 195	 19.00
116	 148	 162	 20.00
117	 118	 195	 22.00
117	 149	 205	 23.00
118	 119	 165	 19.00
118	 150	 216	 22.00
119	 120	 166	 18.00
119	 151	 171	 20.00
120	 121	 238	 21.00
120	 152	 166	 16.00
121	 122	 228	 16.00
121	 153	 169	 20.00
122	 123	 188	 16.00
122	 154	 201	 23.00
123	 124	 167	 21.00
123	 155	 223	 19.00
124	 125	 219	 16.00
124	 156	 182	 21.00
125	 126	 194	 20.00
125	 157	 163	 21.00
126	 127	 169	 23.00
126	 158	 200	 20.00
127	 159	 196	 22.00
128	 129	 164	 18.00
128	 160	 194	 22.00
129	 130	 213	 16.00
129	 161	 189	 23.00
130	 131	 193	 17.00
130	 162	 237	 19.00
131	 132	 239	 22.00
131	 163	 212	 21.00
132	 133	 161	 22.00
132	 164	 173	 19.00
133	 134	 160	 22.00
133	 165	 225	 23.00
134	 135	 222	 20.00
134	 166	 193	 23.00
135	 136	 220	 20.00
135	 167	 185	 19.00
136	 137	 211	 24.00
136	 168	 163	 18.00
137	 138	 190	 21.00
137	 169	 187	 20.00
138	 139	 237	 22.00
138	 170	 230	 23.00
139	 140	 235	 17.00
139	 171	 174	 17.00
140	 141	 206	 19.00
140	 172	 211	 19.00
141	 142	 206	 18.00
141	 173	 201	 17.00
142	 143	 186	 17.00
142	 174	 211	 24.00
143	 144	 219	 19.00
143	 175	 171	 21.00
144	 145	 187	 18.00
144	 176	 178	 21.00
145	 146	 206	 19.00
145	 177	 193	 19.00
146	 147	 168	 22.00
146	 178	 203	 21.00
147	 148	 234	 16.00
147	 179	 174	 19.00
148	 149	 189	 18.00
148	 180	 214	 23.00
149	 150	 165	 20.00
149	 181	 182	 17.00
150	 151	 224	 20.00
150	 182	 160	 20.00
151	 152	 240	 16.00
151	 183	 218	 19.00
152	 153	 167	 20.00
152	 184	 167	 23.00
153	 154	 161	 17.00
153	 185	 207	 19.00
154	 155	 222	 16.00
154	 186	 163	 24.00
155	 156	 160	 20.00
155	 187	 192	 19.00
156	 157	 189	 17.00
156	 188	 235	 23.00
157	 158	 222	 19.00
157	 189	 234	 20.00
158	 159	 186	 20.00
158	 190	 197	 23.00
159	 191	 234	 18.00
160	 161	 230	 24.00
160	 192	 223	 19.00
161	 162	 233	 16.00
161	 193	 210	 22.00
162	 163	 179	 21.00
162	 194	 184	 17.00
163	 164	 212	 21.00
163	 195	 189	 24.00
164	 165	 166	 20.00
164	 196	 161	 16.00
165	 166	 219	 22.00
165	 197	 184	 20.00
166	 167	 198	 18.00
166	 198	 203	 17.00
167	 168	 239	 23.00
167	 199	 165	 18.00
168	 169	 213	 18.00
168	 200	 235	 18.00
169	 170	 207	 24.00
169	 201	 210	 20.00
170	 171	 178	 24.00
170	 202	 166	 16.00
171	 172	 167	 19.00
171	 203	 239	 19.00
172	 173	 217	 19.00
172	 204	 222	 24.00
173	 174	 165	 18.00
173	 205	 201	 24.00
174	 175	 194	 17.00
174	 206	 170	 23.00
175	 176	 179	 17.00
175	 207	 182	 16.00
176	 177	 171	 19.00
176	 208	 202	 22.00
177	 178	 206	 20.00
177	 209	 162	 20.00
178	 179	 221	 24.00
178	 210	 206	 24.00
179	 180	 199	 19.00
179	 211	 165	 22.00
180	 181	 188	 24.00
180	 212	 169	 18.00
181	 182	 200	 23.00
181	 213	 162	 21.00
182	 183	 215	 16.00
182	 214	 178	 17.00
183	 184	 170	 17.00
183	 215	 176	 19.00
184	 185	 218	 24.00
184	 216	 239	 24.00
185	 186	 168	 18.00
185	 217	 167	 20.00
186	 187	 185	 19.00
186	 218	 218	 22.00
187	 188	 236	 24.00
187	 219	 173	 20.00
188	 189	 187	 16.00
188	 220	 161	 21.00
189	 190	 184	 17.00
189	 221	 219	 16.00
190	 191	 201	 18.00
190	 222	 164	 21.00
191	 223	 165	 18.00
192	 193	 182	 19.00
192	 224	 220	 23.00
193	 194	 229	 23.00
193	 225	 196	 16.00
194	 195	 227	 22.00
194	 226	 192	 24.00
195	 196	 232	 23.00
195	 227	 220	 16.00
196	 197	 168	 23.00
196	 228	 233	 20.00
197	 198	 166	 19.00
197	 229	 182	 18.00
198	 199	 186	 19.00
198	 230	 205	 22.00
199	 200	 184	 16.00
199	 231	 171	 23.00
200	 201	 170	 16.00
200	 232	 190	 20.00
201	 202	 214	 20.00
201	 233	 168	 17.00
202	 203	 164	 17.00
202	 234	 230	 16.00
203	 204	 208	 18.00
203	 235	 184	 23.00
204	 205	 226	 19.00
204	 236	 215	 21.00
205	 206	 182	 19.00
205	 237	 163	 21.00
206	 207	 172	 20.00
206	 238	 232	 19.00
207	 208	 176	 20.00
207	 239	 171	 23.00
208	 209	 214	 18.00
208	 240	 177	 22.00
209	 210	 196	 21.00
209	 241	 167	 19.00
210	 211	 225	 20.00
210	 242	 201	 16.00
211	 212	 228	 24.00
211	 243	 211	 24.00
212	 213	 216	 23.00
212	 244	 219	 16.00
213	 214	 171	 21.00
213	 245	 177	 17.00
214	 215	 237	 23.00
214	 246	 197	 17.00
215	 216	 197	 23.00
215	 247	 233	 23.00
216	 217	 211	 23.00
216	 248	 173	 21.00
217	 218	 181	 19.00
217	 249	 174	 21.00
218	 219	 231	 24.00
218	 250	 235	 18.00
219	 220	 166	 17.00
219	 251	 202	 21.00
220	 221	 185	 17.00
220	 252	 201	 18.00
221	 222	 221	 17.00
221	 253	 165	 24.00
222	 223	 174	 20.00
222	 254	 165	 23.00
223	 255	 194	 19.00
224	 225	 236	 19.00
224	 256	 236	 16.00
225	 226	 179	 24.00
225	 257	 173	 19.00
226	 227	 180	 20.00
226	 258	 232	 22.00
227	 228	 174	 24.00
227	 259	 228	 18.00
228	 229	 182	 17.00
228	 260	 196	 24.00
229	 230	 220	 18.00
229	 261	 174	 18.00
230	 231	 165	 24.00
230	 262	 204	 19.00
231	 232	 199	 23.00
231	 263	 178	 21.00
232	 233	 197	 22.00
232	 264	 225	 18.00
233	 234	 207	 21.00
233	 265	 221	 22.00
234	 235	 223	 24.00
234	 266	 175	 18.00
235	 236	 208	 16.00
235	 267	 171	 21.00
236	 237	 230	 19.00
236	 268	 184	 24.00
237	 238	 216	 21.00
237	 269	 240	 17.00
238	 239	 222	 18.00
238	 270	 203	 23.00
239	 240	 181	 16.00
239	 271	 218	 17.00
240	 241	 183	 20.00
240	 272	 222	 17.00
241	 242	 231	 24.00
241	 273	 168	 18.00
242	 243	 200	 17.00
242	 274	 192	 23.00
243	 244	 167	 22.00
243	 275	 161	 24.00
244	 245	 196	 22.00
244	 276	 169	 23.00
245	 246	 197	 17.00
245	 277	 232	 22.00
246	 247	 196	 18.00
246	 278	 231	 16.00
247	 248	 197	 22.00
247	 279	 178	 22.00
248	 249	 224	 22.00
248	 280	 202	 24.00
249	 250	 175	 16.00
249	 281	 229	 17.00
250	 251	 166	 23.00
250	 282	 231	 20.00
251	 252	 227	 23.00
251	 283	 166	 24.00
252	 253	 180	 24.00
252	 284	 214	 22.00
253	 254	 202	 17.00
253	 285	 190	 20.00
254	 255	 237	 24.00
254	 286	 172	 21.00
255	 287	 196	 17.00
256	 257	 163	 23.00
256	 288	 205	 20.00
257	 258	 172	 23.00
257	 289	 235	 22.00
258	 259	 208	 22.00
258	 290	 163	 18.00
259	 260	 226	 22.00
259	 291	 188	 19.00
260	 261	 185	 21.00
260	 292	 217	 16.00
261	 262	 222	 22.00
261	 293	 218	 19.00
262	 263	 216	 19.00
262	 294	 221	 21.00
263	 264	 206	 18.00
263	 295	 163	 23.00
264	 265	 238	 16.00
264	 296	 194	 16.00
265	 266	 191	 20.00
265	 297	 190	 16.00
266	 267	 204	 19.00
266	 298	 235	 23.00
267	 268	 208	 23.00
267	 299	 220	 23.00
268	 269	 231	 17.00
268	 300	 227	 19.00
269	 270	 211	 16.00
269	 301	 187	 21.00
270	 271	 233	 19.00
270	 302	 240	 24.00
271	 272	 216	 23.00
271	 303	 230	 24.00
272	 273	 192	 17.00
272	 304	 171	 18.00
273	 274	 224	 19.00
273	 305	 226	 21.00
274	 275	 228	 21.00
274	 306	 160	 20.00
275	 276	 191	 21.00
275	 307	 184	 24.00
276	 277	 186	 22.00
276	 308	 228	 16.00
277	 278	 211	 18.00
277	 309	 208	 22.00
278	 279	 219	 21.00
278	 310	 200	 18.00
279	 280	 191	 16.00
279	 311	 163	 20.00
280	 281	 173	 22.00
280	 312	 220	 24.00
281	 282	 179	 17.00
281	 313	 185	 20.00
282	 283	 211	 18.00
282	 314	 202	 21.00
283	 284	 214	 23.00
283	 315	 183	 18.00
284	 285	 227	 24.00
284	 316	 208	 18.00
285	 286	 204	 23.00
285	 317	 195	 19.00
286	 287	 231	 19.00
286	 318	 216	 23.00
287	 319	 172	 20.00
288	 289	 161	 20.00
288	 320	 212	 17.00
289	 290	 235	 16.00
289	 321	 178	 16.00
290	 291	 232	 22.00
290	 322	 210	 20.00
291	 292	 207	 24.00
291	 323	 169	 21.00
292	 293	 233	 18.00
292	 324	 197	 24.00
293	 294	 239	 24.00
293	 325	 185	 20.00
294	 295	 233	 16.00
294	 326	 202	 20.00
295	 296	 167	 23.00
295	 327	 193	 24.00
296	 297	 168	 23.00
296	 328	 178	 18.00
297	 298	 235	 23.00
297	 329	 169	 24.00
298	 299	 230	 19.00
298	 330	 162	 23.00
299	 300	 219	 21.00
299	 331	 221	 23.00
300	 301	 212	 19.00
300	 332	 196	 16.00
301	 302	 174	 24.00
301	 333	 172	 18.00
302	 303	 179	 19.00
302	 334	 190	 18.00
303	 304	 196	 20.00
303	 335	 176	 19.00
304	 305	 207	 19.00
304	 336	 186	 22.00
305	 306	 216	 20.00
305	 337	 207	 16.00
306	 307	 169	 20.00
306	 338	 170	 17.00
307	 308	 225	 17.00
307	 339	 224	 24.00
308	 309	 240	 22.00
308	 340	 193	 22.00
309	 310	 192	 16.00
309	 341	 205	 19.00
310	 311	 220	 19.00
310	 342	 213	 20.00
311	 312	 206	 22.00
311	 343	 239	 23.00
312	 313	 164	 22.00
312	 344	 231	 19.00
313	 314	 184	 24.00
313	 345	 198	 24.00
314	 315	 178	 20.00
314	 346	 164	 18.00
315	 316	 219	 22.00
315	 347	 221	 17.00
316	 317	 216	 20.00
316	 348	 162	 17.00
317	 318	 162	 16.00
317	 349	 225	 21.00
318	 319	 236	 22.00
318	 350	 172	 20.00
319	 351	 201	 20.00
320	 321	 222	 22.00
320	 352	 166	 21.00
321	 322	 228	 20.00
321	 353	 196	 24.00
322	 323	 233	 24.00
322	 354	 182	 21.00
323	 324	 169	 16.00
323	 355	 202	 19.00
324	 325	 234	 18.00
324	 356	 166	 23.00
325	 326	 199	 21.00
325	 357	 210	 18.00
326	 327	 189	 23.00
326	 358	 189	 17.00
327	 328	 168	 16.00
327	 359	 225	 20.00
328	 329	 207	 19.00
328	 360	 203	 21.00
329	 330	 211	 21.00
329	 361	 161	 21.00
330	 331	 227	 16.00
330	 362	 216	 16.00
331	 332	 168	 17.00
331	 363	 235	 17.00
332	 333	 182	 24.00
332	 364	 174	 22.00
333	 334	 205	 19.00
333	 365	 229	 22.00
334	 335	 172	 17.00
334	 366	 239	 17.00
335	 336	 184	 20.00
335	 367	 187	 22.00
336	 337	 206	 17.00
336	 368	 220	 17.00
337	 338	 178	 21.00
337	 369	 196	 18.00
338	 339	 191	 23.00
338	 370	 189	 23.00
339	 340	 183	 20.00
339	 371	 220	 16.00
340	 341	 215	 18.00
340	 372	 201	 24.00
341	 342	 233	 24.00
341	 373	 199	 17.00
342	 343	 169	 20.00
342	 374	 238	 20.00
343	 344	 204	 20.00
343	 375	 191	 19.00
344	 345	 214	 19.00
344	 376	 191	 19.00
345	 346	 168	 21.00
345	 377	 191	 24.00
346	 347	 203	 20.00
346	 378	 196	 23.00
347	 348	 199	 22.00
347	 379	 194	 23.00
348	 349	 216	 24.00
348	 380	 237	 21.00
349	 350	 185	 17.00
349	 381	 205	 19.00
350	 351	 168	 22.00
350	 382	 205	 18.00
351	 383	 169	 18.00
352	 353	 169	 21.00
352	 384	 161	 18.00
353	 354	 203	 22.00
353	 385	 227	 24.00
354	 355	 212	 22.00
354	 386	 202	 17.00
355	 356	 171	 23.00
355	 387	 160	 19.00
356	 357	 214	 18.00
356	 388	 172	 21.00
357	 358	 183	 16.00
357	 389	 204	 21.00
358	 359	 206	 18.00
358	 390	 180	 24.00
359	 360	 224	 16.00
359	 391	 230	 23.00
360	 361	 174	 19.00
360	 392	 175	 18.00
361	 362	 216	 18.00
361	 393	 226	 24.00
362	 363	 170	 19.00
362	 394	 220	 17.00
363	 364	 232	 23.00
363	 395	 213	 23.00
364	 365	 218	 16.00
364	 396	 174	 18.00
365	 366	 214	 24.00
365	 397	 228	 19.00
366	 367	 229	 20.00
366	 398	 191	 23.00
367	 368	 212	 21.00
367	 399	 170	 16.00
368	 369	 229	 18.00
368	 400	 227	 20.00
369	 370	 215	 18.00
369	 401	 217	 19.00
370	 371	 229	 24.00
370	 402	 200	 24.00
371	 372	 209	 18.00
371	 403	 186	 18.00
372	 373	 233	 22.00
372	 404	 166	 22.00
373	 374	 175	 16.00
373	 405	 202	 22.00
374	 375	 176	 19.00
374	 406	 209	 18.00
375	 376	 236	 22.00
375	 407	 222	 23.00
376	 377	 216	 18.00
376	 408	 201	 19.00
377	 378	 228	 19.00
377	 409	 161	 20.00
378	 379	 161	 16.00
378	 410	 182	 18.00
379	 380	 170	 22.00
379	 411	 232	 20.00
380	 381	 189	 23.00
380	 412	 203	 20.00
381	 382	 183	 19.00
381	 413	 230	 22.00
382	 383	 169	 20.00
382	 414	 228	 19.00
383	 415	 195	 22.00
384	 385	 212	 20.00
384	 416	 182	 24.00
385	 386	 236	 17.00
385	 417	 217	 23.00
386	 387	 178	 23.00
386	 418	 160	 20.00
387	 388	 189	 22.00
387	 419	 167	 23.00
388	 389	 174	 17.00
388	 420	 217	 21.00
389	 390	 194	 21.00
389	 421	 185	 23.00
390	 391	 181	 16.00
390	 422	 228	 18.00
391	 392	 218	 16.00
391	 423	 179	 18.00
392	 393	 213	 19.00
392	 424	 187	 17.00
393	 394	 176	 23.00
393	 425	 233	 16.00
394	 395	 163	 21.00
394	 426	 220	 21.00
395	 396	 219	 21.00
395	 427	 166	 23.00
396	 397	 210	 19.00
396	 428	 184	 17.00
397	 398	 236	 22.00
397	 429	 160	 16.00
398	 399	 198	 17.00
398	 430	 170	 22.00
399	 400	 212	 23.00
399	 431	 189	 19.00
400	 401	 221	 17.00
400	 432	 183	 23.00
401	 402	 205	 24.00
401	 433	 226	 23.00
402	 403	 200	 16.00
402	 434	 190	 24.00
403	 404	 222	 23.00
403	 435	 206	 17.00
404	 405	 171	 18.00
404	 436	 170	 17.00
405	 406	 198	 19.00
405	 437	 197	 20.00
406	 407	 233	 24.00
406	 438	 190	 19.00
407	 408	 188	 24.00
407	 439	 177	 20.00
408	 409	 222	 18.00
408	 440	 217	 24.00
409	 410	 166	 23.00
409	 441	 182	 24.00
410	 411	 215	 19.00
410	 442	 213	 23.00
411	 412	 197	 22.00
411	 443	 230	 23.00
412	 413	 213	 23.00
412	 444	 218	 18.00
413	 414	 222	 20.00
413	 445	 215	 18.00
414	 415	 191	 18.00
414	 446	 180	 22.00
415	 447	 180	 16.00
416	 417	 211	 23.00
416	 448	 177	 23.00
417	 418	 174	 19.00
417	 449	 208	 18.00
418	 419	 197	 22.00
418	 450	 182	 16.00
419	 420	 240	 21.00
419	 451	 176	 20.00
420	 421	 183	 16.00
420	 452	 209	 22.00
421	 422	 233	 23.00
421	 453	 183	 24.00
422	 423	 208	 16.00
422	 454	 227	 17.00
423	 424	 190	 19.00
423	 455	 205	 24.00
424	 425	 222	 17.00
424	 456	 240	 20.00
425	 426	 205	 20.00
425	 457	 175	 21.00
426	 427	 163	 20.00
426	 458	 190	 24.00
427	 428	 232	 19.00
427	 459	 203	 16.00
428	 429	 230	 24.00
428	 460	 194	 20.00
429	 430	 200	 19.00
429	 461	 174	 24.00
430	 431	 201	 16.00
430	 462	 210	 23.00
431	 432	 213	 22.00
431	 463	 222	 20.00
432	 433	 177	 22.00
432	 464	 167	 21.00
433	 434	 190	 19.00
433	 465	 180	 21.00
434	 435	 192	 24.00
434	 466	 215	 20.00
435	 436	 163	 19.00
435	 467	 194	 24.00
436	 437	 221	 17.00
436	 468	 211	 23.00
437	 438	 165	 16.00
437	 469	 240	 22.00
438	 439	 167	 22.00
438	 470	 176	 23.00
439	 440	 170	 24.00
439	 471	 168	 22.00
440	 441	 197	 19.00
440	 472	 160	 21.00
441	 442	 208	 17.00
441	 473	 193	 20.00
442	 443	 162	 23.00
442	 474	 190	 18.00
443	 444	 223	 18.00
443	 475	 229	 17.00
444	 445	 182	 22.00
444	 476	 176	 21.00
445	 446	 181	 17.00
445	 477	 202	 23.00
446	 447	 233	 23.00
446	 478	 239	 21.00
447	 479	 188	 19.00
448	 449	 212	 16.00
448	 480	 185	 22.00
449	 450	 216	 21.00
449	 481	 204	 20.00
450	 451	 240	 18.00
450	 482	 172	 20.00
451	 452	 167	 22.00
451	 483	 203	 19.00
452	 453	 189	 20.00
452	 484	 178	 17.00
453	 454	 171	 24.00
453	 485	 234	 24.00
454	 455	 217	 22.00
454	 486	 197	 16.00
455	 456	 193	 24.00
455	 487	 172	 23.00
456	 457	 208	 22.00
456	 488	 204	 20.00
457	 458	 178	 21.00
457	 489	 170	 20.00
458	 459	 218	 23.00
458	 490	 195	 16.00
459	 460	 205	 22.00
459	 491	 198	 16.00
460	 461	 199	 21.00
460	 492	 191	 19.00
461	 462	 238	 24.00
461	 493	 238	 18.00
462	 463	 233	 16.00
462	 494	 165	 23.00
463	 464	 197	 21.00
463	 495	 199	 22.00
464	 465	 202	 18.00
464	 496	 186	 19.00
465	 466	 206	 18.00
465	 497	 222	 21.00
466	 467	 198	 16.00
466	 498	 192	 18.00
467	 468	 202	 17.00
467	 499	 222	 20.00
468	 469	 178	 20.00
468	 500	 221	 22.00
469	 470	 217	 24.00
469	 501	 197	 16.00
470	 471	 170	 16.00
470	 502	 238	 20.00
471	 472	 208	 21.00
471	 503	 227	 21.00
472	 473	 218	 18.00
472	 504	 213	 23.00
473	 474	 225	 18.00
473	 505	 213	 22.00
474	 475	 197	 20.00
474	 506	 203	 17.00
475	 476	 174	 18.00
475	 507	 229	 23.00
476	 477	 222	 24.00
476	 508	 193	 22.00
477	 478	 195	 20.00
477	 509	 217	 18.00
478	 479	 220	 20.00
478	 510	 229	 20.00
479	 511	 224	 18.00
480	 481	 238	 21.00
481	 482	 185	 24.00
482	 483	 201	 16.00
483	 484	 161	 24.00
484	 485	 172	 17.00
485	 486	 174	 18.00
486	 487	 212	 19.00
487	 488	 226	 17.00
488	 489	 175	 23.00
489	 490	 163	 19.00
490	 491	 209	 22.00
491	 492	 220	 19.00
492	 493	 161	 20.00
493	 494	 182	 21.00
494	 495	 216	 22.00
495	 496	 174	 21.00
496	 497	 213	 17.00
497	 498	 166	 23.00
498	 499	 172	 22.00
499	 500	 180	 20.00
500	 501	 172	 21.00
501	 502	 222	 16.00
502	 503	 194	 20.00
503	 504	 177	 18.00
504	 505	 202	 16.00
505	 506	 187	 23.00
506	 507	 174	 23.00
507	 508	 172	 18.00
508	 509	 196	 21.00
509	 510	 172	 16.00
510	 511	 197	 21.00
