1024 	 1023 	 20 	 0.30 
 
-2	11	0
117	11	0
197	-11	0
302	8	0
422	8	0
514	-4	0
590	14	0
707	22	0
797	-4	8
919	-6	8
997	-15	8
1082	22	8
1215	15	8
1286	7	8
1388	12	8
1515	-9	8
1588	-5	6
1706	-15	6
1781	23	6
1910	-15	6
1979	-25	6
2125	2	6
2177	3	6
2311	-11	3
2382	-9	3
2525	25	3
2576	-20	3
2691	-15	3
2807	-3	3
2922	15	3
3023	4	3
3108	-20	3
23	117	0
104	110	0
191	90	0
311	104	0
419	99	0
507	79	0
584	125	0
708	118	0
786	94	8
883	122	8
981	75	8
1107	93	8
1184	76	8
1280	118	8
1397	98	8
1477	87	8
1622	105	6
1698	102	6
1790	112	6
1909	78	6
2011	124	6
2090	112	6
2188	83	6
2321	116	3
2388	78	3
2512	104	3
2583	111	3
2690	80	3
2784	81	3
2883	88	3
3012	83	3
3111	99	3
14	222	0
111	218	0
191	199	0
296	220	0
383	177	0
521	207	0
601	212	0
677	215	0
812	175	0
879	183	8
975	216	8
1081	204	8
1191	223	8
1290	190	8
1376	221	8
1513	205	6
1581	177	6
1682	191	6
1784	217	6
1877	201	6
2025	204	6
2096	177	6
2212	211	3
2305	195	3
2385	210	3
2510	190	3
2591	203	3
2679	189	3
2791	176	3
2877	193	3
3019	181	3
3102	201	3
15	325	0
115	290	0
179	303	0
315	305	0
376	325	0
483	308	0
584	296	0
682	299	0
808	294	0
904	302	0
998	283	8
1106	292	8
1212	295	8
1324	319	8
1404	295	8
1492	311	6
1580	292	6
1706	280	6
1820	306	6
1925	323	6
2018	315	6
2116	290	6
2204	324	6
2291	277	3
2425	296	3
2492	322	3
2618	289	3
2710	276	3
2792	296	3
2910	292	3
3024	321	3
3114	323	3
-2	397	0
79	398	0
199	408	0
288	404	0
396	422	0
523	377	0
592	418	0
689	380	0
788	422	0
907	395	8
984	416	8
1112	380	8
1209	390	8
1285	380	8
1394	404	6
1490	377	6
1616	404	6
1690	386	6
1789	380	6
1906	405	6
1984	414	6
2122	425	6
2192	416	6
2297	383	3
2411	399	3
2491	390	3
2579	420	3
2705	405	3
2780	422	3
2918	408	3
2986	419	3
3096	423	3
14	475	0
79	480	0
186	475	0
323	501	0
387	486	0
480	503	0
605	520	0
684	488	0
812	506	8
880	521	8
1024	511	8
1095	518	8
1199	477	8
1275	524	8
1403	476	6
1509	507	6
1577	522	6
1690	480	6
1816	521	6
1890	501	6
1988	482	6
2086	499	6
2213	476	6
2310	501	3
2391	508	3
2508	511	3
2581	521	3
2686	503	3
2777	491	3
2912	483	3
3010	514	3
3094	490	3
-18	583	0
79	590	0
199	606	0
283	611	0
394	583	0
510	584	0
616	585	0
720	594	0
780	581	8
883	587	8
1007	614	8
1095	578	8
1175	576	8
1294	595	8
1407	577	8
1515	615	6
1576	577	6
1683	616	6
1788	576	6
1912	589	6
2006	611	6
2081	609	6
2215	583	6
2277	597	6
2414	597	3
2486	588	3
2620	618	3
2709	613	3
2801	576	3
2910	619	3
2975	590	3
3120	610	5
-5	685	0
123	713	0
192	716	0
290	676	0
413	714	0
518	699	0
624	689	0
721	705	8
793	704	8
907	707	8
986	678	8
1114	685	8
1194	717	8
1294	725	8
1396	723	8
1499	681	8
1582	706	8
1709	711	6
1825	677	6
1918	676	6
1996	708	6
2079	713	6
2220	724	6
2316	711	5
2406	679	5
2509	694	3
2597	699	3
2686	721	3
2795	686	3
2889	707	5
3007	711	3
3113	695	5
25	779	11
121	777	11
202	822	11
324	782	11
424	788	0
486	818	0
622	792	11
702	786	11
775	795	11
880	806	8
1018	794	8
1116	799	8
1203	813	8
1314	791	8
1382	809	8
1501	785	8
1586	808	17
1721	805	6
1780	775	17
1919	779	6
1975	799	6
2103	799	6
2212	798	6
2315	804	5
2397	776	5
2517	776	5
2597	805	5
2683	795	3
2813	807	3
2880	809	5
2984	816	5
3098	815	5
9	882	11
118	888	11
177	888	11
301	880	11
420	913	11
506	892	11
616	901	11
680	896	11
795	923	11
914	892	8
1008	905	8
1104	891	8
1203	892	8
1282	876	8
1389	898	17
1477	908	17
1609	915	17
1678	905	17
1804	907	17
1881	917	17
1988	907	6
2125	887	17
2184	917	5
2318	897	5
2388	884	5
2511	883	5
2586	903	5
2698	925	5
2810	884	5
2909	924	5
3001	877	5
3110	881	5
-10	990	11
98	995	11
182	991	11
304	992	11
406	1008	11
520	1018	11
618	991	11
680	987	11
794	981	11
887	994	11
999	986	17
1117	987	17
1193	1007	17
1294	978	17
1412	982	17
1509	1024	17
1580	991	17
1681	989	17
1777	1020	17
1908	988	17
1990	1007	17
2107	1020	17
2210	981	5
2281	1004	5
2418	993	5
2484	1015	5
2605	1017	5
2720	1008	5
2780	997	5
2877	1005	5
2975	975	5
3094	1022	5
15	1106	11
125	1108	11
222	1121	11
321	1110	11
389	1120	11
476	1088	11
604	1104	11
715	1096	11
792	1082	11
908	1096	11
1003	1123	17
1103	1093	17
1185	1079	17
1308	1105	17
1410	1096	17
1482	1076	17
1607	1111	17
1696	1089	17
1803	1086	17
1882	1098	17
1982	1102	17
2122	1096	17
2175	1122	17
2314	1120	5
2385	1110	5
2507	1104	5
2578	1081	5
2676	1078	5
2795	1104	5
2921	1117	5
2993	1101	5
3105	1079	5
17	1199	11
106	1188	11
220	1198	11
310	1203	11
402	1217	11
497	1203	11
579	1201	11
676	1179	11
793	1193	11
896	1205	11
988	1198	13
1076	1213	13
1196	1196	13
1287	1176	13
1401	1206	13
1484	1222	13
1601	1223	17
1722	1176	17
1778	1176	17
1896	1182	17
2005	1217	15
2079	1190	17
2213	1215	17
2301	1177	17
2383	1180	5
2505	1211	5
2585	1181	5
2709	1213	5
2808	1199	5
2896	1176	5
3012	1211	5
3093	1216	5
-15	1282	11
77	1290	11
186	1285	11
310	1297	11
383	1295	11
506	1279	11
622	1276	11
696	1322	11
804	1312	11
880	1322	13
1010	1283	13
1084	1323	13
1218	1291	13
1302	1321	13
1405	1322	13
1482	1303	13
1617	1297	17
1683	1314	15
1782	1276	15
1876	1282	15
1986	1308	15
2107	1297	15
2176	1307	15
2306	1284	17
2398	1313	5
2501	1309	5
2622	1301	5
2709	1323	5
2821	1311	5
2895	1314	5
2975	1324	5
3097	1291	5
19	1396	10
114	1416	10
201	1385	11
298	1375	11
399	1412	11
490	1377	11
623	1386	11
693	1375	11
793	1381	11
880	1386	13
1021	1388	13
1113	1387	13
1208	1383	13
1281	1377	13
1412	1417	13
1509	1393	13
1577	1404	17
1711	1424	15
1775	1409	15
1893	1391	15
1984	1419	15
2079	1396	15
2182	1380	15
2301	1420	17
2416	1390	17
2479	1376	5
2601	1399	5
2683	1415	5
2814	1414	5
2881	1375	5
2995	1420	5
3112	1393	5
16	1519	10
77	1512	10
223	1517	10
301	1501	10
395	1525	11
492	1505	11
607	1482	11
687	1481	11
823	1510	13
890	1489	13
992	1517	13
1103	1506	13
1190	1496	13
1314	1506	13
1425	1498	13
1476	1520	13
1575	1510	13
1714	1476	15
1812	1482	15
1910	1488	15
2007	1507	15
2085	1513	15
2199	1495	15
2325	1523	17
2382	1476	17
2504	1490	17
2591	1491	5
2703	1485	5
2798	1506	5
2881	1508	4
2980	1507	7
3077	1480	7
17	1596	10
96	1625	10
208	1578	10
321	1611	10
425	1623	10
516	1594	10
603	1603	10
699	1616	13
809	1608	13
923	1584	13
995	1604	13
1109	1617	13
1178	1598	13
1308	1587	13
1392	1620	13
1492	1583	13
1593	1609	13
1690	1601	15
1808	1604	15
1894	1599	15
1990	1578	15
2115	1614	15
2218	1608	15
2295	1605	17
2377	1614	17
2483	1587	17
2598	1590	4
2701	1577	5
2824	1608	4
2917	1587	4
3010	1594	4
3087	1622	4
3	1679	10
93	1691	10
208	1685	10
281	1714	10
376	1719	10
521	1706	10
594	1683	10
725	1713	13
817	1703	13
891	1676	13
1009	1704	13
1103	1676	13
1217	1713	13
1304	1688	13
1424	1716	13
1484	1704	13
1590	1684	13
1693	1701	15
1795	1698	15
1898	1723	15
1985	1680	15
2080	1708	15
2192	1713	15
2320	1702	15
2416	1716	17
2484	1683	4
2620	1713	4
2676	1680	4
2796	1722	4
2903	1724	4
2989	1688	4
3077	1678	4
-16	1786	10
87	1786	10
198	1788	10
308	1822	10
425	1778	10
494	1780	10
586	1792	10
713	1813	10
809	1824	10
925	1822	13
1002	1789	13
1102	1815	13
1210	1775	13
1289	1812	13
1391	1802	13
1482	1775	13
1576	1791	13
1704	1784	15
1808	1810	15
1896	1821	15
2018	1779	15
2082	1777	15
2183	1810	15
2291	1787	15
2389	1796	15
2517	1819	4
2621	1811	4
2688	1814	4
2802	1821	4
2884	1803	4
2988	1819	4
3081	1802	4
-5	1908	10
85	1924	10
175	1914	10
303	1890	10
399	1908	10
479	1899	10
576	1891	10
720	1879	10
794	1903	10
891	1920	18
1007	1885	13
1108	1923	13
1181	1914	13
1278	1906	13
1387	1879	13
1520	1905	15
1616	1891	15
1685	1912	15
1789	1921	15
1875	1884	15
2017	1889	15
2093	1909	15
2199	1879	15
2282	1914	15
2410	1898	4
2491	1922	4
2602	1881	4
2696	1910	4
2819	1924	4
2901	1885	4
2982	1905	4
3099	1908	4
-10	1988	10
90	2004	10
212	1994	10
304	1991	10
406	2017	10
519	2016	10
619	2002	10
682	1983	10
797	2020	10
905	2025	18
1007	2005	18
1107	1991	13
1186	2005	13
1319	2012	16
1420	2001	13
1484	1982	15
1581	1996	15
1725	2005	15
1822	2013	15
1886	1986	15
1991	1996	15
2087	2025	4
2219	2021	15
2276	2021	4
2383	1977	4
2499	2004	4
2588	1985	4
2716	2015	4
2784	2017	4
2905	1986	4
2993	1985	4
3111	1997	4
9	2076	10
116	2081	10
201	2078	10
293	2117	10
421	2124	10
517	2084	10
598	2099	10
682	2113	10
813	2108	10
909	2111	18
976	2092	18
1091	2098	12
1197	2093	16
1292	2109	16
1420	2087	16
1518	2085	15
1608	2090	15
1696	2110	15
1795	2116	15
1881	2105	15
1991	2113	15
2121	2085	4
2186	2092	4
2325	2109	4
2417	2114	4
2508	2090	4
2594	2115	4
2682	2117	4
2797	2106	4
2911	2117	4
3003	2092	4
3115	2079	4
-22	2184	10
82	2212	10
217	2203	10
325	2194	10
395	2198	10
506	2219	10
614	2195	10
716	2205	14
780	2179	14
907	2199	12
1015	2193	12
1083	2181	12
1177	2208	12
1291	2217	12
1410	2184	16
1508	2222	16
1578	2184	15
1706	2201	16
1819	2202	16
1896	2179	15
2013	2195	15
2108	2186	15
2221	2215	4
2286	2220	4
2409	2193	4
2513	2219	4
2610	2177	4
2689	2189	4
2786	2209	4
2888	2185	4
2992	2214	4
3086	2194	4
19	2290	10
114	2286	10
176	2282	10
310	2308	1
391	2313	1
504	2314	1
606	2322	14
724	2294	14
822	2277	14
920	2313	12
1021	2324	12
1115	2296	12
1194	2280	12
1320	2302	12
1399	2314	12
1503	2278	16
1603	2325	16
1685	2288	16
1792	2303	9
1925	2319	9
2019	2287	9
2085	2278	9
2179	2294	9
2315	2323	19
2419	2285	4
2506	2309	4
2594	2318	2
2723	2320	2
2775	2301	2
2886	2312	4
3020	2325	4
3115	2315	4
4	2396	10
122	2406	1
179	2383	1
305	2414	1
384	2396	1
494	2418	1
610	2408	14
714	2403	14
789	2395	12
921	2418	12
1015	2409	12
1085	2411	12
1178	2407	12
1319	2403	12
1424	2397	12
1511	2386	16
1590	2394	16
1689	2409	9
1819	2401	9
1895	2412	9
1976	2381	9
2111	2416	9
2177	2377	9
2323	2423	19
2402	2396	4
2501	2408	2
2578	2421	2
2694	2409	2
2821	2394	2
2885	2393	2
2983	2415	2
3098	2414	4
-13	2498	1
97	2515	1
179	2524	1
320	2478	1
386	2507	1
502	2492	1
588	2496	1
679	2489	1
803	2486	12
903	2504	12
998	2478	12
1075	2493	12
1215	2503	12
1277	2495	12
1409	2494	12
1507	2525	12
1616	2502	9
1713	2521	9
1801	2491	9
1898	2492	9
2018	2508	9
2113	2504	9
2213	2496	9
2278	2506	9
2399	2490	4
2475	2489	2
2618	2523	2
2688	2487	2
2777	2506	2
2912	2503	2
2977	2507	2
3109	2477	4
1	2593	1
110	2595	1
217	2601	1
283	2588	1
418	2576	1
489	2620	1
611	2608	1
688	2622	1
816	2622	1
905	2595	12
1025	2607	12
1076	2604	12
1218	2593	12
1302	2597	12
1418	2594	12
1516	2579	9
1604	2576	9
1725	2601	9
1809	2576	9
1880	2621	9
2004	2602	9
2105	2593	9
2208	2608	9
2313	2579	2
2396	2618	2
2493	2596	2
2616	2617	2
2676	2623	2
2788	2597	2
2925	2610	2
3015	2594	2
3109	2596	2
-19	2711	1
77	2717	1
177	2677	1
295	2716	1
417	2687	1
501	2711	1
608	2703	1
697	2698	1
804	2711	1
901	2699	12
1022	2682	12
1121	2721	12
1183	2720	12
1282	2706	12
1388	2679	12
1512	2710	9
1623	2714	9
1725	2704	9
1818	2701	9
1877	2693	9
1983	2688	9
2079	2687	9
2214	2676	9
2287	2712	2
2391	2716	2
2515	2698	2
2578	2689	2
2694	2718	2
2775	2701	2
2920	2675	2
3023	2715	2
3080	2711	2
-25	2776	1
90	2798	1
187	2785	1
320	2792	1
425	2821	1
514	2819	1
620	2803	1
716	2794	1
780	2818	1
875	2802	12
1016	2795	12
1102	2809	12
1221	2813	12
1321	2804	12
1408	2781	9
1521	2798	9
1593	2784	9
1678	2807	9
1782	2818	9
1902	2825	9
2008	2820	9
2095	2813	9
2201	2801	9
2310	2809	2
2424	2817	2
2477	2812	2
2587	2808	2
2683	2781	2
2812	2814	2
2916	2795	2
2988	2789	2
3091	2811	2
1	2877	1
76	2886	1
207	2919	1
304	2918	1
394	2891	1
483	2924	1
606	2893	1
693	2910	1
802	2899	1
924	2887	12
986	2920	12
1080	2879	12
1224	2924	12
1313	2918	12
1375	2880	12
1518	2887	9
1603	2884	9
1713	2914	9
1809	2906	9
1921	2919	9
2020	2907	9
2076	2912	9
2201	2913	2
2301	2923	2
2421	2911	2
2512	2885	2
2608	2913	2
2709	2875	2
2801	2919	2
2903	2894	2
3017	2886	2
3124	2909	2
13	2999	1
90	2986	1
184	3011	1
288	3003	1
405	3007	1
488	3008	1
625	2995	1
703	2997	1
801	2975	1
878	2980	12
1008	2990	12
1117	2998	12
1191	3016	12
1317	3007	12
1390	2989	12
1497	2992	12
1614	3007	9
1698	3017	9
1799	2977	9
1904	3008	9
2023	2982	9
2112	3021	9
2176	3001	9
2314	2997	9
2398	2988	2
2505	2996	2
2616	2977	2
2685	3006	2
2799	3003	2
2888	3005	2
3011	3018	2
3091	3009	2
19	3118	1
87	3108	1
182	3110	1
310	3088	1
423	3098	1
517	3117	1
590	3123	1
697	3116	12
783	3118	12
910	3120	12
989	3115	12
1120	3110	12
1205	3115	12
1278	3096	12
1391	3090	12
1525	3084	12
1621	3094	9
1686	3125	9
1787	3099	9
1914	3081	9
1977	3093	9
2079	3114	9
2181	3111	9
2287	3082	9
2392	3101	2
2498	3089	2
2591	3097	2
2717	3116	2
2813	3087	2
2905	3121	2
2976	3102	2
3096	3110	2

0 	 1 	201	24.00
1 	 2 	213	17.00
2 	 3 	230	18.00
2 	 34 	195	18.00
3 	 4 	194	22.00
4 	 5 	239	24.00
4 	 36 	208	16.00
5 	 6 	232	22.00
6 	 7 	209	23.00
7 	 8 	195	21.00
8 	 9 	189	16.00
9 	 10 	231	17.00
9 	 41 	185	19.00
10 	 11 	189	22.00
12 	 13 	225	17.00
12 	 44 	192	21.00
13 	 14 	179	22.00
15 	 16 	164	18.00
15 	 47 	237	22.00
16 	 17 	205	17.00
17 	 18 	227	20.00
18 	 19 	174	22.00
19 	 20 	181	22.00
20 	 21 	187	21.00
21 	 22 	205	21.00
23 	 24 	162	17.00
23 	 55 	189	17.00
24 	 25 	240	19.00
25 	 26 	214	18.00
27 	 28 	162	19.00
27 	 59 	240	24.00
28 	 29 	192	17.00
29 	 30 	207	19.00
29 	 61 	235	22.00
30 	 31 	170	22.00
31 	 63 	240	24.00
32 	 33 	163	20.00
32 	 64 	222	17.00
33 	 34 	213	23.00
35 	 36 	185	22.00
36 	 37 	211	22.00
36 	 68 	201	24.00
38 	 39 	183	23.00
38 	 70 	207	23.00
39 	 40 	211	24.00
40 	 41 	211	24.00
40 	 72 	236	21.00
41 	 42 	163	24.00
42 	 43 	215	16.00
42 	 74 	198	21.00
43 	 44 	164	18.00
44 	 45 	220	16.00
45 	 46 	226	20.00
47 	 48 	175	24.00
48 	 49 	162	23.00
48 	 80 	184	17.00
49 	 50 	228	16.00
50 	 51 	212	17.00
50 	 82 	213	18.00
51 	 52 	222	16.00
52 	 53 	236	18.00
52 	 84 	197	16.00
53 	 54 	228	17.00
54 	 55 	164	21.00
54 	 86 	196	17.00
55 	 56 	175	22.00
56 	 57 	233	24.00
57 	 58 	172	19.00
58 	 59 	216	24.00
60 	 61 	230	23.00
61 	 62 	206	18.00
61 	 93 	180	24.00
64 	 65 	213	19.00
64 	 96 	238	18.00
65 	 66 	197	24.00
65 	 97 	162	18.00
66 	 67 	221	16.00
66 	 98 	190	19.00
69 	 70 	188	24.00
69 	 101 	213	18.00
70 	 71 	168	24.00
72 	 73 	187	23.00
72 	 104 	221	17.00
75 	 76 	198	19.00
76 	 77 	210	16.00
77 	 78 	201	23.00
78 	 79 	230	24.00
79 	 80 	170	16.00
79 	 111 	180	19.00
80 	 81 	239	20.00
82 	 83 	191	18.00
85 	 86 	210	23.00
85 	 117 	195	21.00
86 	 87 	180	17.00
87 	 88 	181	24.00
89 	 90 	235	17.00
89 	 121 	236	20.00
90 	 91 	190	24.00
91 	 92 	187	18.00
93 	 94 	160	24.00
93 	 125 	232	24.00
95 	 127 	179	21.00
98 	 99 	231	20.00
100 	 101 	167	24.00
101 	 102 	226	21.00
101 	 133 	194	21.00
103 	 104 	184	18.00
104 	 105 	183	20.00
104 	 136 	231	22.00
105 	 106 	164	23.00
106 	 107 	180	22.00
106 	 138 	221	16.00
107 	 108 	169	24.00
109 	 110 	183	23.00
110 	 111 	217	21.00
111 	 112 	233	24.00
111 	 143 	188	18.00
113 	 114 	219	21.00
114 	 115 	234	17.00
115 	 116 	219	20.00
116 	 117 	221	19.00
117 	 118 	206	22.00
118 	 119 	206	22.00
118 	 150 	197	16.00
119 	 120 	179	21.00
120 	 121 	178	21.00
120 	 152 	215	22.00
121 	 122 	196	22.00
121 	 153 	185	20.00
122 	 123 	160	20.00
123 	 124 	193	20.00
125 	 126 	202	24.00
126 	 127 	230	24.00
128 	 129 	168	20.00
129 	 130 	172	21.00
129 	 161 	172	17.00
130 	 131 	223	18.00
131 	 132 	240	23.00
131 	 163 	192	21.00
132 	 133 	199	17.00
132 	 164 	164	17.00
133 	 134 	182	18.00
134 	 135 	217	20.00
136 	 137 	213	17.00
138 	 139 	206	22.00
139 	 140 	197	17.00
140 	 141 	191	20.00
140 	 172 	223	21.00
141 	 142 	166	22.00
142 	 143 	175	22.00
143 	 144 	177	24.00
145 	 146 	202	16.00
145 	 177 	170	18.00
146 	 147 	239	20.00
147 	 148 	225	22.00
147 	 179 	180	23.00
149 	 150 	174	18.00
150 	 151 	180	23.00
154 	 155 	166	18.00
154 	 186 	218	20.00
155 	 156 	196	17.00
156 	 157 	203	24.00
156 	 188 	177	18.00
157 	 158 	208	20.00
159 	 191 	236	16.00
160 	 161 	170	22.00
162 	 163 	211	18.00
162 	 194 	187	17.00
165 	 166 	165	21.00
166 	 167 	193	17.00
166 	 198 	171	17.00
167 	 168 	217	22.00
168 	 169 	235	16.00
168 	 200 	181	17.00
169 	 170 	172	24.00
169 	 201 	171	18.00
170 	 171 	174	16.00
171 	 172 	232	20.00
172 	 173 	211	19.00
173 	 174 	206	17.00
173 	 205 	228	19.00
174 	 175 	207	17.00
174 	 206 	190	21.00
176 	 177 	192	23.00
177 	 178 	224	16.00
177 	 209 	238	20.00
179 	 180 	187	20.00
180 	 181 	202	24.00
180 	 212 	240	17.00
181 	 182 	196	21.00
181 	 213 	179	20.00
182 	 183 	190	22.00
182 	 214 	174	16.00
183 	 184 	165	22.00
184 	 185 	226	23.00
184 	 216 	181	21.00
187 	 188 	215	24.00
187 	 219 	231	21.00
189 	 190 	228	23.00
190 	 191 	180	21.00
190 	 222 	190	16.00
192 	 193 	209	22.00
192 	 224 	203	16.00
193 	 194 	232	17.00
193 	 225 	177	20.00
195 	 196 	165	24.00
196 	 197 	162	19.00
197 	 198 	235	16.00
197 	 229 	187	17.00
198 	 199 	213	19.00
201 	 202 	212	22.00
202 	 203 	206	22.00
203 	 204 	160	18.00
203 	 235 	213	22.00
206 	 207 	179	23.00
206 	 238 	163	22.00
207 	 208 	231	18.00
208 	 209 	184	21.00
209 	 210 	195	18.00
211 	 243 	174	24.00
215 	 216 	194	16.00
217 	 218 	196	22.00
218 	 219 	205	20.00
219 	 220 	167	19.00
220 	 221 	199	19.00
220 	 252 	192	22.00
221 	 222 	236	24.00
222 	 223 	182	18.00
223 	 255 	227	16.00
225 	 226 	200	18.00
227 	 228 	237	20.00
228 	 229 	239	22.00
228 	 260 	218	16.00
229 	 230 	227	16.00
229 	 261 	216	22.00
231 	 232 	231	16.00
231 	 263 	214	18.00
233 	 234 	177	24.00
234 	 235 	216	16.00
235 	 236 	162	18.00
235 	 267 	193	22.00
237 	 238 	217	22.00
238 	 239 	218	19.00
239 	 240 	211	22.00
240 	 241 	184	22.00
242 	 243 	182	22.00
243 	 244 	191	23.00
244 	 245 	179	21.00
244 	 276 	229	21.00
245 	 246 	161	22.00
245 	 277 	227	22.00
246 	 247 	191	16.00
247 	 248 	182	22.00
247 	 279 	188	18.00
248 	 249 	233	16.00
249 	 250 	183	16.00
250 	 251 	231	19.00
250 	 282 	171	24.00
251 	 252 	197	21.00
252 	 253 	229	20.00
253 	 254 	232	16.00
256 	 257 	224	22.00
257 	 258 	220	18.00
257 	 289 	204	23.00
259 	 260 	228	19.00
262 	 263 	163	20.00
262 	 294 	234	23.00
264 	 265 	217	23.00
264 	 296 	194	19.00
266 	 267 	161	17.00
267 	 268 	199	21.00
267 	 299 	188	16.00
268 	 269 	237	18.00
270 	 271 	173	24.00
271 	 272 	161	24.00
271 	 303 	215	17.00
273 	 274 	172	21.00
274 	 275 	196	17.00
274 	 306 	201	16.00
275 	 276 	208	18.00
275 	 307 	211	18.00
278 	 279 	174	16.00
279 	 280 	231	23.00
280 	 281 	165	18.00
283 	 284 	180	16.00
283 	 315 	165	18.00
284 	 285 	196	23.00
285 	 286 	207	19.00
286 	 287 	169	24.00
286 	 318 	179	23.00
288 	 289 	191	22.00
288 	 320 	174	21.00
289 	 290 	196	16.00
290 	 291 	235	16.00
292 	 293 	214	17.00
293 	 294 	160	20.00
294 	 295 	161	21.00
295 	 296 	213	21.00
296 	 297 	231	23.00
296 	 328 	172	20.00
297 	 298 	163	18.00
298 	 299 	219	20.00
299 	 300 	206	19.00
300 	 301 	174	16.00
300 	 332 	212	20.00
301 	 302 	238	19.00
302 	 303 	239	23.00
303 	 304 	236	24.00
303 	 335 	208	20.00
305 	 337 	197	19.00
307 	 308 	184	20.00
307 	 339 	239	16.00
308 	 309 	235	20.00
308 	 340 	209	24.00
309 	 310 	211	18.00
310 	 311 	224	21.00
310 	 342 	239	20.00
311 	 312 	165	22.00
312 	 313 	200	21.00
313 	 314 	169	16.00
313 	 345 	214	19.00
314 	 315 	222	23.00
315 	 316 	168	19.00
317 	 318 	205	22.00
318 	 319 	180	18.00
318 	 350 	186	20.00
320 	 321 	226	23.00
321 	 322 	239	18.00
322 	 323 	205	24.00
322 	 354 	218	21.00
323 	 324 	169	16.00
324 	 325 	166	16.00
325 	 326 	227	23.00
326 	 327 	210	22.00
327 	 328 	235	19.00
327 	 359 	220	17.00
328 	 329 	204	22.00
329 	 330 	199	23.00
330 	 331 	183	20.00
330 	 362 	165	24.00
333 	 334 	197	17.00
333 	 365 	224	19.00
335 	 336 	174	21.00
336 	 337 	166	24.00
337 	 338 	164	18.00
337 	 369 	234	22.00
338 	 339 	194	18.00
338 	 370 	234	24.00
341 	 342 	182	24.00
341 	 373 	160	21.00
343 	 344 	229	17.00
344 	 345 	222	24.00
344 	 376 	164	21.00
345 	 346 	185	17.00
347 	 348 	223	18.00
347 	 379 	204	23.00
349 	 350 	181	20.00
350 	 351 	222	21.00
351 	 383 	209	20.00
352 	 353 	207	24.00
352 	 384 	213	16.00
353 	 354 	217	24.00
353 	 385 	206	18.00
354 	 355 	178	24.00
354 	 386 	200	24.00
355 	 356 	203	23.00
355 	 387 	206	23.00
356 	 357 	171	20.00
357 	 358 	190	18.00
360 	 361 	237	17.00
361 	 393 	208	19.00
363 	 364 	162	18.00
363 	 395 	169	16.00
365 	 366 	212	16.00
365 	 397 	179	21.00
366 	 367 	168	23.00
367 	 368 	200	17.00
368 	 369 	181	19.00
368 	 400 	218	22.00
370 	 371 	196	16.00
370 	 402 	167	20.00
371 	 372 	192	22.00
374 	 375 	211	24.00
375 	 376 	238	18.00
375 	 407 	205	16.00
376 	 377 	172	24.00
378 	 379 	181	21.00
379 	 380 	225	22.00
379 	 411 	200	18.00
380 	 381 	219	22.00
381 	 382 	178	21.00
383 	 415 	210	23.00
387 	 388 	218	20.00
387 	 419 	166	16.00
388 	 389 	216	20.00
389 	 390 	205	24.00
389 	 421 	212	18.00
390 	 391 	197	22.00
391 	 392 	184	23.00
392 	 393 	211	17.00
393 	 394 	175	16.00
393 	 425 	176	18.00
395 	 396 	173	22.00
395 	 427 	172	23.00
396 	 397 	222	22.00
396 	 428 	198	19.00
398 	 399 	202	21.00
398 	 430 	239	23.00
399 	 400 	206	19.00
399 	 431 	179	21.00
401 	 402 	234	17.00
402 	 403 	215	24.00
402 	 434 	177	22.00
403 	 404 	208	21.00
403 	 435 	228	18.00
404 	 405 	162	16.00
404 	 436 	183	16.00
405 	 406 	190	17.00
405 	 437 	235	22.00
407 	 408 	205	18.00
408 	 409 	180	18.00
409 	 410 	227	21.00
410 	 411 	218	17.00
410 	 442 	182	16.00
412 	 413 	164	23.00
413 	 414 	161	17.00
413 	 445 	217	18.00
414 	 415 	205	24.00
414 	 446 	213	19.00
415 	 447 	209	16.00
416 	 417 	172	21.00
416 	 448 	161	18.00
417 	 418 	167	19.00
420 	 421 	231	23.00
421 	 422 	196	17.00
422 	 423 	165	17.00
422 	 454 	197	22.00
423 	 424 	183	23.00
425 	 426 	211	21.00
429 	 430 	186	18.00
432 	 433 	226	19.00
433 	 434 	180	21.00
433 	 465 	240	21.00
435 	 467 	196	20.00
438 	 439 	222	23.00
438 	 470 	231	17.00
439 	 440 	181	19.00
440 	 441 	168	17.00
440 	 472 	171	16.00
441 	 442 	212	20.00
441 	 473 	228	18.00
442 	 443 	187	17.00
443 	 444 	197	17.00
443 	 475 	235	23.00
448 	 449 	200	20.00
449 	 450 	201	17.00
449 	 481 	233	22.00
450 	 451 	214	21.00
450 	 482 	216	21.00
451 	 452 	228	20.00
452 	 453 	217	20.00
452 	 484 	212	22.00
453 	 454 	212	22.00
455 	 456 	221	16.00
456 	 457 	239	24.00
456 	 488 	236	17.00
457 	 458 	172	22.00
458 	 459 	235	24.00
458 	 490 	202	16.00
459 	 460 	187	22.00
460 	 461 	160	17.00
460 	 492 	173	19.00
461 	 462 	182	16.00
461 	 493 	206	24.00
462 	 463 	188	20.00
462 	 494 	232	23.00
464 	 465 	163	19.00
464 	 496 	228	17.00
466 	 467 	173	19.00
466 	 498 	208	16.00
468 	 469 	180	16.00
469 	 470 	219	16.00
470 	 471 	227	18.00
470 	 502 	205	21.00
474 	 475 	167	21.00
475 	 476 	185	17.00
475 	 507 	221	17.00
477 	 478 	181	19.00
478 	 479 	177	24.00
478 	 510 	225	19.00
479 	 511 	233	22.00
480 	 481 	174	22.00
481 	 513 	188	23.00
483 	 484 	167	21.00
484 	 485 	190	20.00
486 	 487 	200	18.00
486 	 518 	238	16.00
487 	 488 	231	21.00
488 	 489 	215	20.00
490 	 491 	186	21.00
494 	 495 	195	16.00
494 	 526 	216	22.00
495 	 496 	196	19.00
496 	 497 	226	23.00
499 	 500 	169	19.00
500 	 501 	209	21.00
500 	 532 	206	24.00
502 	 503 	179	20.00
503 	 504 	220	23.00
503 	 535 	186	17.00
504 	 505 	166	16.00
505 	 506 	215	17.00
508 	 509 	175	17.00
509 	 510 	223	22.00
509 	 541 	233	22.00
512 	 513 	222	22.00
512 	 544 	195	18.00
513 	 514 	211	16.00
513 	 545 	206	22.00
514 	 515 	173	19.00
515 	 516 	201	19.00
515 	 547 	188	16.00
516 	 517 	212	19.00
516 	 548 	218	16.00
518 	 519 	166	19.00
518 	 550 	171	19.00
519 	 520 	193	19.00
521 	 522 	220	24.00
522 	 523 	172	18.00
523 	 524 	180	17.00
523 	 555 	203	19.00
524 	 525 	205	22.00
524 	 556 	223	23.00
525 	 526 	182	20.00
526 	 527 	190	24.00
527 	 528 	203	19.00
528 	 529 	224	24.00
530 	 531 	199	17.00
530 	 562 	222	24.00
531 	 532 	230	18.00
531 	 563 	213	23.00
532 	 533 	224	21.00
532 	 564 	198	18.00
533 	 534 	235	17.00
534 	 535 	183	21.00
535 	 536 	183	20.00
537 	 538 	225	22.00
537 	 569 	211	19.00
538 	 539 	228	21.00
538 	 570 	189	20.00
540 	 541 	175	20.00
540 	 572 	186	22.00
541 	 542 	215	17.00
541 	 573 	200	23.00
542 	 543 	207	22.00
542 	 574 	192	22.00
546 	 547 	199	24.00
549 	 550 	187	19.00
550 	 551 	238	16.00
551 	 552 	222	18.00
551 	 583 	192	16.00
552 	 553 	189	17.00
553 	 554 	186	23.00
556 	 557 	221	24.00
556 	 588 	234	16.00
557 	 558 	239	19.00
558 	 559 	181	23.00
558 	 590 	221	18.00
559 	 560 	201	21.00
560 	 561 	190	23.00
565 	 566 	209	18.00
565 	 597 	160	18.00
566 	 567 	182	16.00
567 	 568 	206	18.00
568 	 569 	166	24.00
568 	 600 	220	22.00
571 	 572 	211	17.00
571 	 603 	203	23.00
572 	 604 	217	24.00
575 	 607 	184	21.00
576 	 577 	197	23.00
576 	 608 	209	18.00
578 	 579 	183	18.00
578 	 610 	184	20.00
579 	 580 	209	19.00
580 	 581 	175	24.00
580 	 612 	228	22.00
581 	 582 	236	21.00
582 	 614 	228	20.00
584 	 585 	189	18.00
585 	 586 	228	19.00
586 	 587 	212	18.00
587 	 588 	169	24.00
588 	 589 	181	18.00
588 	 620 	183	23.00
590 	 591 	169	20.00
591 	 592 	179	24.00
593 	 594 	208	16.00
593 	 625 	220	22.00
594 	 595 	233	19.00
594 	 626 	224	23.00
595 	 596 	191	22.00
596 	 597 	206	17.00
598 	 599 	221	20.00
598 	 630 	239	18.00
600 	 601 	180	17.00
601 	 602 	240	17.00
601 	 633 	197	19.00
604 	 605 	235	16.00
604 	 636 	190	20.00
605 	 606 	192	24.00
605 	 637 	204	20.00
606 	 607 	209	23.00
608 	 609 	221	23.00
608 	 640 	204	18.00
611 	 612 	216	16.00
613 	 614 	229	23.00
614 	 615 	238	23.00
614 	 646 	197	22.00
616 	 617 	234	16.00
616 	 648 	165	19.00
618 	 619 	225	17.00
618 	 650 	177	18.00
619 	 620 	232	17.00
620 	 621 	181	21.00
621 	 622 	162	18.00
621 	 653 	195	19.00
622 	 623 	190	17.00
623 	 624 	230	16.00
623 	 655 	203	24.00
626 	 627 	164	22.00
626 	 658 	239	20.00
627 	 628 	210	23.00
628 	 629 	225	22.00
630 	 631 	186	22.00
630 	 662 	186	20.00
631 	 632 	171	20.00
634 	 635 	208	23.00
634 	 666 	234	20.00
635 	 636 	166	20.00
637 	 638 	181	21.00
637 	 669 	218	17.00
638 	 639 	178	17.00
640 	 641 	164	16.00
641 	 642 	218	23.00
642 	 643 	202	23.00
643 	 644 	208	21.00
644 	 645 	236	23.00
644 	 676 	213	20.00
646 	 647 	185	16.00
646 	 678 	164	16.00
647 	 648 	229	18.00
648 	 649 	206	21.00
648 	 680 	237	19.00
649 	 650 	183	23.00
649 	 681 	176	23.00
650 	 651 	178	19.00
650 	 682 	171	21.00
652 	 653 	172	24.00
652 	 684 	233	16.00
654 	 655 	237	19.00
654 	 686 	210	22.00
655 	 656 	165	21.00
657 	 658 	166	20.00
657 	 689 	160	16.00
658 	 659 	179	18.00
658 	 690 	238	17.00
659 	 660 	239	23.00
659 	 691 	217	18.00
660 	 661 	161	23.00
660 	 692 	239	21.00
662 	 663 	196	20.00
662 	 694 	231	19.00
663 	 664 	221	24.00
665 	 666 	226	18.00
666 	 667 	222	17.00
668 	 669 	198	24.00
668 	 700 	213	19.00
669 	 670 	212	22.00
669 	 701 	231	20.00
670 	 671 	163	17.00
672 	 673 	203	23.00
672 	 704 	203	24.00
673 	 674 	180	20.00
674 	 675 	162	17.00
675 	 676 	238	18.00
676 	 677 	176	22.00
677 	 709 	216	19.00
679 	 711 	209	23.00
683 	 715 	168	16.00
685 	 686 	218	16.00
685 	 717 	210	22.00
686 	 687 	173	19.00
687 	 688 	208	16.00
687 	 719 	214	23.00
688 	 689 	204	23.00
688 	 720 	191	23.00
689 	 721 	213	21.00
693 	 694 	208	19.00
694 	 695 	213	21.00
695 	 696 	181	19.00
695 	 727 	168	23.00
696 	 697 	224	23.00
697 	 698 	187	21.00
698 	 699 	229	23.00
701 	 702 	206	19.00
702 	 703 	176	18.00
703 	 735 	207	16.00
704 	 705 	206	22.00
705 	 706 	165	23.00
705 	 737 	188	19.00
707 	 708 	192	23.00
708 	 709 	169	23.00
709 	 710 	174	18.00
710 	 711 	234	24.00
711 	 712 	184	23.00
711 	 743 	163	23.00
712 	 713 	227	18.00
713 	 714 	222	18.00
715 	 716 	204	22.00
716 	 717 	202	19.00
716 	 748 	173	24.00
718 	 719 	167	20.00
720 	 752 	172	20.00
722 	 723 	169	17.00
723 	 724 	183	17.00
724 	 725 	189	22.00
725 	 726 	198	17.00
725 	 757 	237	24.00
727 	 728 	206	22.00
728 	 729 	200	16.00
728 	 760 	202	23.00
729 	 730 	168	19.00
730 	 731 	205	17.00
731 	 732 	237	19.00
731 	 763 	165	20.00
733 	 734 	180	18.00
733 	 765 	184	24.00
735 	 767 	171	21.00
736 	 737 	185	22.00
736 	 768 	222	24.00
737 	 738 	193	22.00
738 	 739 	198	19.00
740 	 741 	183	22.00
741 	 742 	205	21.00
742 	 743 	161	19.00
742 	 774 	180	21.00
743 	 744 	199	23.00
743 	 775 	206	19.00
744 	 745 	167	22.00
746 	 747 	200	17.00
747 	 748 	193	18.00
747 	 779 	174	21.00
749 	 750 	220	19.00
749 	 781 	227	18.00
750 	 751 	192	19.00
751 	 752 	218	23.00
751 	 783 	189	24.00
752 	 753 	205	22.00
752 	 784 	167	16.00
753 	 754 	194	21.00
755 	 756 	165	17.00
755 	 787 	173	21.00
757 	 758 	238	16.00
757 	 789 	226	24.00
758 	 759 	225	24.00
759 	 760 	189	18.00
761 	 762 	217	21.00
761 	 793 	178	19.00
764 	 765 	211	19.00
765 	 766 	217	19.00
766 	 767 	209	23.00
766 	 798 	218	16.00
767 	 799 	187	17.00
768 	 769 	183	19.00
770 	 771 	161	20.00
771 	 772 	188	18.00
771 	 803 	230	21.00
773 	 774 	230	19.00
775 	 776 	205	22.00
775 	 807 	215	20.00
776 	 777 	199	24.00
776 	 808 	237	16.00
777 	 778 	198	23.00
777 	 809 	205	20.00
778 	 779 	211	24.00
778 	 810 	200	22.00
780 	 781 	236	22.00
782 	 783 	212	24.00
782 	 814 	221	17.00
784 	 785 	210	22.00
784 	 816 	171	20.00
785 	 786 	160	21.00
786 	 787 	214	24.00
787 	 788 	163	23.00
788 	 789 	229	20.00
789 	 790 	209	21.00
790 	 791 	185	18.00
791 	 792 	220	22.00
792 	 793 	218	19.00
793 	 794 	160	17.00
794 	 795 	213	21.00
796 	 797 	161	21.00
797 	 798 	169	22.00
797 	 829 	164	16.00
800 	 801 	234	17.00
801 	 802 	196	21.00
802 	 803 	174	20.00
803 	 804 	195	16.00
803 	 835 	187	20.00
804 	 805 	180	16.00
806 	 807 	182	17.00
806 	 838 	205	18.00
811 	 812 	201	22.00
811 	 843 	211	19.00
812 	 813 	213	21.00
812 	 844 	235	22.00
814 	 815 	193	16.00
814 	 846 	188	23.00
816 	 817 	181	16.00
816 	 848 	232	22.00
817 	 818 	235	22.00
818 	 819 	203	16.00
820 	 821 	185	18.00
820 	 852 	182	18.00
821 	 822 	173	21.00
822 	 823 	228	23.00
823 	 824 	167	23.00
823 	 855 	192	21.00
824 	 825 	236	22.00
825 	 826 	220	19.00
827 	 828 	203	18.00
828 	 829 	168	19.00
828 	 860 	180	19.00
829 	 830 	194	16.00
829 	 861 	176	16.00
830 	 831 	176	21.00
830 	 862 	162	20.00
832 	 833 	209	16.00
832 	 864 	178	22.00
833 	 834 	201	21.00
833 	 865 	189	24.00
834 	 835 	238	17.00
835 	 836 	169	21.00
836 	 837 	230	23.00
836 	 868 	173	21.00
837 	 838 	240	17.00
837 	 869 	193	16.00
838 	 839 	194	16.00
839 	 840 	171	23.00
841 	 842 	195	23.00
842 	 843 	188	21.00
842 	 874 	199	17.00
845 	 877 	219	24.00
847 	 848 	215	17.00
848 	 849 	193	23.00
848 	 880 	212	18.00
849 	 850 	175	21.00
850 	 851 	212	24.00
850 	 882 	208	18.00
851 	 852 	203	23.00
852 	 853 	192	19.00
853 	 854 	194	22.00
853 	 885 	224	23.00
855 	 856 	207	23.00
856 	 857 	204	23.00
856 	 888 	223	19.00
857 	 858 	204	24.00
857 	 889 	227	23.00
858 	 859 	235	19.00
862 	 863 	187	20.00
862 	 894 	185	18.00
863 	 895 	170	16.00
866 	 867 	164	23.00
866 	 898 	196	20.00
869 	 870 	239	21.00
869 	 901 	190	19.00
870 	 871 	162	22.00
872 	 873 	238	18.00
872 	 904 	235	17.00
874 	 875 	170	20.00
875 	 876 	172	20.00
876 	 877 	170	19.00
876 	 908 	209	17.00
877 	 878 	188	19.00
878 	 879 	235	22.00
878 	 910 	222	18.00
879 	 880 	216	20.00
879 	 911 	190	24.00
881 	 882 	225	22.00
882 	 883 	219	22.00
884 	 885 	221	21.00
884 	 916 	215	17.00
885 	 886 	231	21.00
887 	 888 	238	23.00
888 	 920 	166	20.00
890 	 891 	188	23.00
890 	 922 	229	16.00
891 	 892 	175	19.00
891 	 923 	204	20.00
893 	 894 	203	16.00
893 	 925 	194	17.00
896 	 897 	173	16.00
897 	 898 	228	19.00
898 	 899 	166	22.00
898 	 930 	234	18.00
899 	 900 	213	20.00
901 	 902 	183	17.00
901 	 933 	205	22.00
903 	 904 	188	17.00
904 	 905 	202	16.00
904 	 936 	209	20.00
905 	 906 	181	19.00
905 	 937 	172	22.00
907 	 908 	163	18.00
908 	 909 	225	22.00
911 	 912 	220	16.00
912 	 913 	165	18.00
913 	 914 	222	22.00
914 	 915 	167	22.00
914 	 946 	180	24.00
917 	 918 	185	19.00
918 	 919 	212	21.00
919 	 920 	206	18.00
919 	 951 	236	20.00
920 	 921 	191	20.00
921 	 922 	177	17.00
924 	 925 	186	16.00
924 	 956 	187	20.00
925 	 926 	229	19.00
926 	 927 	218	18.00
926 	 958 	180	16.00
928 	 929 	202	16.00
929 	 930 	172	20.00
929 	 961 	173	18.00
930 	 931 	166	16.00
930 	 962 	184	20.00
932 	 933 	237	20.00
932 	 964 	178	23.00
934 	 935 	226	17.00
934 	 966 	231	19.00
937 	 938 	191	23.00
937 	 969 	174	21.00
938 	 939 	207	22.00
938 	 970 	189	24.00
939 	 940 	170	21.00
941 	 942 	234	24.00
942 	 943 	169	24.00
942 	 974 	168	23.00
943 	 944 	231	19.00
944 	 945 	173	19.00
944 	 976 	199	19.00
945 	 946 	225	22.00
946 	 947 	199	20.00
947 	 948 	203	20.00
948 	 949 	171	19.00
948 	 980 	172	21.00
949 	 950 	230	23.00
949 	 981 	165	18.00
952 	 953 	232	23.00
952 	 984 	169	21.00
953 	 954 	202	16.00
954 	 955 	228	21.00
954 	 986 	235	17.00
955 	 956 	238	16.00
957 	 958 	167	18.00
957 	 989 	234	20.00
958 	 959 	182	22.00
960 	 961 	238	20.00
962 	 963 	240	22.00
962 	 994 	238	23.00
963 	 964 	167	19.00
963 	 995 	239	22.00
964 	 965 	213	20.00
965 	 966 	218	22.00
965 	 997 	220	16.00
966 	 967 	212	16.00
967 	 968 	197	17.00
968 	 969 	177	22.00
968 	 1000 	165	20.00
969 	 1001 	172	17.00
971 	 972 	227	23.00
972 	 973 	204	18.00
972 	 1004 	197	23.00
973 	 974 	216	24.00
974 	 975 	164	23.00
974 	 1006 	202	17.00
977 	 978 	226	17.00
977 	 1009 	219	18.00
978 	 979 	215	17.00
981 	 982 	186	23.00
981 	 1013 	207	21.00
982 	 983 	225	19.00
982 	 1014 	217	17.00
983 	 984 	160	21.00
983 	 1015 	194	23.00
985 	 986 	175	23.00
985 	 1017 	211	18.00
986 	 987 	176	21.00
988 	 989 	164	21.00
988 	 1020 	240	23.00
989 	 990 	206	19.00
990 	 991 	230	24.00
991 	 1023 	237	16.00
992 	 993 	166	18.00
993 	 994 	211	16.00
995 	 996 	185	19.00
997 	 998 	219	17.00
999 	 1000 	233	22.00
1002 	 1003 	160	18.00
1003 	 1004 	204	18.00
1005 	 1006 	210	23.00
1006 	 1007 	231	18.00
1007 	 1008 	239	22.00
1008 	 1009 	179	16.00
1009 	 1010 	194	20.00
1010 	 1011 	208	19.00
1011 	 1012 	232	24.00
1015 	 1016 	201	22.00
1018 	 1019 	169	19.00
1019 	 1020 	228	17.00
1020 	 1021 	234	23.00
1022 	 1023 	197	17.00
