512 	 732 	 10 	 0.30 
 
-10	-26	0
92	-9	0
180	25	0
291	-35	0
416	-25	0
484	-12	0
614	-20	0
730	-6	11
827	-3	11
924	-34	11
983	27	11
1096	21	11
1229	24	11
1272	-9	9
1427	2	9
1510	-18	9
1562	-9	9
1696	-17	9
1767	-23	7
1910	-1	7
2015	-13	7
2117	-29	7
2205	6	7
2289	-35	7
2398	-15	3
2532	3	3
2573	1	3
2708	9	3
2796	-25	3
2893	1	3
2994	7	3
3061	-37	3
6	121	0
71	136	0
166	88	0
289	84	0
387	104	0
517	97	0
640	102	0
680	131	11
812	121	11
909	58	11
989	123	11
1118	102	11
1190	91	11
1309	67	9
1419	72	9
1481	126	9
1585	136	9
1737	108	9
1816	103	9
1918	107	7
1969	116	7
2104	80	7
2228	68	7
2266	111	7
2400	101	7
2521	123	3
2580	79	3
2674	78	3
2763	129	3
2940	77	3
2990	88	3
3132	115	3
17	215	0
100	226	0
173	197	0
306	188	0
411	239	0
517	185	0
583	207	18
678	188	11
796	209	11
902	195	11
969	206	11
1053	188	11
1205	181	11
1272	165	9
1432	225	9
1495	190	9
1645	216	9
1707	178	9
1792	159	9
1905	200	7
1970	215	7
2094	212	7
2179	229	7
2282	194	7
2420	174	7
2477	191	19
2596	195	3
2714	200	3
2776	212	3
2875	200	3
2994	201	3
3126	210	3
5	285	0
89	307	0
240	263	0
322	301	0
360	309	0
489	290	0
564	266	0
727	325	11
804	305	11
933	272	11
993	304	11
1120	319	11
1223	329	11
1344	306	9
1419	317	9
1530	273	9
1609	269	9
1660	284	9
1784	305	9
1929	262	7
1996	275	7
2087	300	7
2207	294	7
2329	303	7
2374	321	7
2490	264	19
2596	344	3
2675	303	3
2766	328	3
2883	277	3
3046	282	3
3088	300	3
15	383	0
126	367	0
202	391	0
269	416	0
388	382	0
475	406	12
588	416	12
708	410	11
816	366	11
902	433	11
986	383	11
1119	416	11
1222	382	11
1302	409	9
1375	364	9
1476	420	9
1571	384	9
1720	425	9
1762	412	9
1888	380	7
1988	365	7
2112	437	7
2229	418	7
2310	370	7
2405	401	7
2498	439	5
2628	406	3
2718	405	3
2785	362	3
2879	405	3
3002	389	3
3133	437	5
-13	527	12
113	473	0
203	507	0
334	489	0
420	491	12
489	506	12
602	460	12
667	494	12
784	496	12
938	471	11
956	480	11
1101	461	11
1202	510	13
1294	494	13
1394	516	9
1500	498	9
1586	528	9
1720	467	9
1777	541	14
1935	484	14
1975	496	7
2108	520	14
2192	480	14
2284	453	7
2392	458	7
2503	526	5
2618	505	5
2692	475	3
2797	480	3
2900	489	3
2970	502	5
3095	485	5
-43	583	12
80	603	12
200	598	12
276	624	12
403	593	12
458	565	12
632	616	12
715	566	12
805	600	17
914	597	13
1004	599	11
1118	625	13
1166	586	13
1327	603	13
1383	634	13
1475	623	13
1609	608	13
1693	602	14
1760	616	14
1854	624	14
1996	621	14
2072	623	14
2235	618	14
2309	559	16
2432	612	5
2508	589	5
2626	578	5
2698	566	5
2804	587	5
2904	599	5
3013	556	5
3099	594	5
16	733	12
103	717	12
211	695	12
276	660	12
401	698	12
471	685	12
592	705	12
677	708	12
796	731	12
898	709	13
997	731	13
1127	717	13
1209	685	13
1295	713	13
1413	718	13
1501	655	13
1567	675	13
1690	728	14
1827	710	14
1920	701	14
2029	727	14
2058	672	14
2207	735	14
2309	703	14
2412	694	5
2525	692	5
2605	709	5
2707	720	5
2782	668	5
2894	694	5
3036	695	5
3095	675	5
-21	801	12
75	802	12
210	761	12
331	810	12
394	815	10
524	814	10
616	794	10
693	801	10
824	785	10
904	793	10
998	811	13
1104	831	13
1164	811	13
1304	800	13
1401	755	13
1486	810	13
1641	786	14
1748	792	14
1781	812	14
1920	818	14
1997	817	14
2094	760	14
2198	806	14
2296	761	14
2432	798	5
2524	815	5
2633	821	5
2708	767	5
2810	791	5
2895	804	5
2982	804	5
3075	830	5
12	911	12
102	891	12
174	887	12
264	892	1
388	909	10
526	892	10
600	885	10
680	894	10
783	869	10
905	898	10
1020	938	10
1130	925	13
1220	889	13
1332	896	13
1410	901	13
1508	865	13
1593	870	13
1697	881	13
1800	907	6
1898	880	14
1990	874	14
2128	896	14
2201	892	14
2320	901	14
2385	923	4
2508	906	4
2576	878	5
2680	910	5
2780	908	5
2892	890	2
2982	866	5
3119	896	2
16	966	12
87	1002	1
184	1008	1
318	1020	1
382	986	1
511	988	10
616	1010	10
676	967	10
812	973	10
853	1027	10
1004	1006	8
1098	979	8
1197	968	8
1328	998	8
1426	969	13
1507	1033	13
1571	1015	15
1726	980	6
1801	969	6
1881	987	6
2049	1000	6
2098	961	14
2210	1014	4
2309	972	4
2428	1037	4
2531	1016	4
2611	1009	4
2670	1018	2
2825	992	2
2900	1033	2
3015	983	2
3142	1026	2
-17	1058	12
109	1073	1
230	1072	1
265	1100	1
377	1053	1
470	1092	10
591	1061	10
715	1103	10
768	1060	10
877	1054	10
991	1082	8
1127	1097	8
1181	1099	8
1319	1057	8
1396	1130	8
1504	1100	15
1579	1123	15
1704	1085	6
1800	1090	6
1897	1119	6
1985	1132	6
2098	1100	14
2227	1081	4
2318	1102	4
2411	1062	4
2500	1101	4
2576	1145	4
2711	1069	2
2812	1071	2
2936	1072	2
2971	1138	2
3097	1115	2
12	1182	1
82	1186	1
213	1199	1
312	1229	1
371	1217	1
473	1214	1
582	1219	10
698	1226	10
815	1197	10
911	1197	8
1006	1196	8
1116	1208	8
1228	1170	8
1280	1181	8
1403	1235	8
1460	1230	6
1593	1220	6
1678	1204	6
1805	1210	6
1920	1204	6
1962	1218	6
2098	1184	4
2179	1216	4
2319	1188	4
2401	1189	4
2506	1221	4
2580	1166	2
2720	1213	2
2790	1195	2
2899	1217	2
2995	1206	2
3074	1206	2
15	1303	1
90	1289	1
203	1286	1
302	1305	1
420	1288	1
493	1262	1
608	1312	1
705	1302	10
824	1332	8
884	1276	8
1032	1293	8
1097	1286	8
1213	1330	8
1325	1275	8
1388	1293	8
1510	1327	6
1614	1321	6
1697	1304	6
1802	1315	6
1877	1278	6
1992	1284	6
2105	1330	4
2185	1297	4
2262	1315	4
2383	1274	4
2500	1298	4
2641	1276	2
2702	1337	2
2789	1300	2
2917	1280	2
3006	1333	2
3085	1334	2
-35	1397	1
107	1406	1
242	1396	1
340	1396	1
402	1375	1
504	1412	1
621	1392	1
715	1418	10
758	1399	10
935	1403	8
1001	1373	8
1123	1396	8
1166	1374	8
1322	1429	8
1425	1388	8
1520	1439	6
1573	1408	6
1664	1395	6
1795	1429	6
1863	1398	6
2007	1443	6
2084	1364	4
2187	1373	4
2264	1394	4
2436	1448	4
2501	1396	4
2632	1435	2
2731	1383	2
2771	1367	2
2871	1384	2
3017	1419	2
3126	1398	2
-12	1494	1
119	1492	1
216	1527	1
286	1495	1
431	1476	1
519	1492	1
613	1519	10
704	1509	10
780	1488	10
871	1462	10
969	1455	8
1102	1515	8
1197	1522	8
1285	1514	8
1379	1497	8
1522	1501	6
1601	1535	6
1710	1495	6
1806	1505	6
1886	1513	6
1976	1499	6
2113	1507	6
2225	1471	4
2268	1512	4
2408	1529	4
2480	1537	4
2596	1486	4
2678	1502	4
2780	1501	2
2928	1502	2
2985	1507	2
3126	1477	2

0 	 1 	191	21.00
0 	 32 	189	25.00
1 	 2 	181	23.00
1 	 33 	216	19.00
2 	 3 	169	22.00
2 	 34 	228	20.00
3 	 4 	232	15.00
3 	 35 	209	28.00
4 	 5 	165	19.00
4 	 36 	195	22.00
6 	 7 	180	17.00
6 	 38 	174	18.00
7 	 8 	176	25.00
7 	 39 	228	16.00
8 	 9 	230	27.00
8 	 40 	239	19.00
9 	 10 	205	17.00
9 	 41 	206	25.00
10 	 11 	163	22.00
10 	 42 	208	20.00
11 	 12 	193	17.00
12 	 13 	170	15.00
12 	 44 	166	17.00
13 	 14 	211	18.00
14 	 15 	169	16.00
15 	 16 	202	18.00
16 	 17 	173	25.00
16 	 48 	183	24.00
18 	 19 	203	19.00
18 	 50 	190	28.00
19 	 20 	232	17.00
19 	 51 	238	22.00
20 	 21 	170	22.00
20 	 52 	203	27.00
21 	 22 	199	25.00
21 	 53 	198	26.00
22 	 23 	237	18.00
22 	 54 	167	22.00
23 	 24 	223	24.00
23 	 55 	231	28.00
24 	 25 	188	24.00
24 	 56 	219	28.00
25 	 26 	196	12.00
25 	 57 	184	18.00
27 	 28 	205	12.00
28 	 29 	237	19.00
28 	 60 	197	22.00
29 	 30 	179	28.00
29 	 61 	195	23.00
30 	 31 	189	18.00
30 	 62 	178	27.00
32 	 33 	195	28.00
32 	 64 	200	23.00
33 	 34 	227	27.00
34 	 35 	190	16.00
35 	 36 	174	13.00
35 	 67 	237	12.00
36 	 37 	239	22.00
37 	 38 	181	16.00
37 	 69 	160	28.00
38 	 39 	197	17.00
38 	 70 	199	28.00
39 	 40 	219	13.00
39 	 71 	174	27.00
40 	 41 	162	28.00
40 	 72 	179	23.00
41 	 42 	185	23.00
42 	 43 	209	16.00
43 	 44 	212	25.00
44 	 45 	217	25.00
44 	 76 	235	18.00
45 	 46 	195	17.00
45 	 77 	163	18.00
46 	 47 	171	12.00
46 	 78 	165	27.00
47 	 48 	240	28.00
47 	 79 	196	21.00
48 	 49 	191	14.00
48 	 80 	170	26.00
49 	 50 	195	28.00
52 	 53 	208	17.00
53 	 54 	168	18.00
53 	 85 	235	25.00
54 	 55 	238	20.00
54 	 86 	221	21.00
55 	 56 	238	21.00
55 	 87 	233	23.00
56 	 57 	217	24.00
57 	 58 	221	23.00
57 	 89 	239	19.00
58 	 59 	178	26.00
60 	 61 	197	14.00
60 	 92 	234	24.00
61 	 62 	171	12.00
63 	 95 	224	18.00
64 	 65 	208	14.00
64 	 96 	199	18.00
66 	 67 	183	18.00
66 	 98 	232	28.00
67 	 68 	196	21.00
67 	 99 	187	12.00
68 	 69 	202	16.00
68 	 100 	164	24.00
69 	 70 	217	28.00
69 	 101 	193	12.00
70 	 71 	199	24.00
70 	 102 	207	13.00
72 	 73 	218	22.00
73 	 74 	195	25.00
73 	 105 	191	24.00
74 	 75 	234	18.00
75 	 76 	171	12.00
75 	 107 	227	12.00
76 	 77 	221	24.00
76 	 108 	201	28.00
77 	 78 	212	28.00
78 	 79 	212	16.00
79 	 80 	181	25.00
79 	 111 	224	19.00
80 	 81 	224	25.00
80 	 112 	223	17.00
81 	 82 	214	19.00
82 	 83 	215	13.00
82 	 114 	203	27.00
83 	 84 	192	22.00
83 	 115 	231	23.00
85 	 86 	212	24.00
86 	 87 	171	23.00
86 	 118 	161	17.00
87 	 88 	218	24.00
87 	 119 	235	26.00
89 	 90 	190	18.00
89 	 121 	177	27.00
90 	 91 	211	14.00
91 	 92 	161	20.00
91 	 123 	162	12.00
93 	 94 	210	26.00
93 	 125 	201	27.00
94 	 95 	193	25.00
96 	 97 	188	25.00
96 	 128 	215	16.00
97 	 98 	228	19.00
98 	 99 	219	28.00
98 	 130 	161	28.00
99 	 100 	191	27.00
100 	 101 	165	28.00
101 	 102 	217	26.00
101 	 133 	207	21.00
102 	 103 	186	12.00
102 	 134 	212	21.00
103 	 104 	223	15.00
103 	 135 	227	13.00
104 	 105 	239	18.00
104 	 136 	230	14.00
105 	 106 	238	25.00
106 	 107 	213	28.00
106 	 138 	233	21.00
107 	 108 	218	20.00
107 	 139 	207	17.00
108 	 109 	233	27.00
109 	 110 	177	18.00
109 	 141 	160	28.00
110 	 111 	214	18.00
110 	 142 	178	17.00
111 	 112 	233	27.00
111 	 143 	170	24.00
113 	 114 	210	24.00
113 	 145 	233	15.00
114 	 115 	193	18.00
114 	 146 	169	12.00
115 	 116 	176	20.00
116 	 117 	211	20.00
117 	 118 	168	26.00
117 	 149 	233	25.00
118 	 119 	223	17.00
118 	 150 	192	23.00
119 	 120 	215	25.00
120 	 121 	173	24.00
120 	 152 	234	14.00
121 	 122 	237	18.00
122 	 123 	214	13.00
122 	 154 	179	21.00
123 	 124 	160	17.00
124 	 125 	194	12.00
125 	 126 	187	21.00
126 	 127 	164	25.00
127 	 159 	170	18.00
128 	 129 	221	27.00
128 	 160 	174	26.00
129 	 130 	182	21.00
129 	 161 	221	14.00
130 	 131 	191	25.00
130 	 162 	169	17.00
131 	 132 	171	16.00
131 	 163 	199	17.00
132 	 133 	216	24.00
132 	 164 	205	21.00
133 	 134 	169	21.00
133 	 165 	182	19.00
134 	 135 	175	13.00
135 	 136 	217	23.00
136 	 137 	221	20.00
136 	 168 	208	17.00
137 	 138 	169	19.00
138 	 139 	182	23.00
138 	 170 	210	19.00
139 	 140 	194	19.00
139 	 171 	198	26.00
140 	 141 	200	16.00
140 	 172 	210	22.00
141 	 142 	167	19.00
141 	 173 	218	22.00
142 	 143 	212	16.00
142 	 174 	161	17.00
143 	 144 	165	19.00
143 	 175 	205	24.00
144 	 145 	206	17.00
144 	 176 	237	19.00
145 	 146 	240	23.00
145 	 177 	177	25.00
146 	 147 	165	20.00
146 	 178 	174	20.00
147 	 148 	162	15.00
147 	 179 	225	28.00
148 	 149 	239	12.00
149 	 150 	187	13.00
150 	 151 	218	18.00
150 	 182 	220	22.00
151 	 152 	200	16.00
152 	 153 	204	16.00
153 	 154 	230	19.00
154 	 155 	198	20.00
154 	 186 	162	22.00
155 	 156 	163	13.00
156 	 157 	200	27.00
156 	 188 	226	20.00
157 	 158 	239	22.00
157 	 189 	232	23.00
159 	 191 	165	14.00
160 	 161 	170	20.00
160 	 192 	207	25.00
162 	 163 	168	22.00
163 	 164 	231	16.00
164 	 165 	215	22.00
165 	 166 	169	20.00
165 	 197 	220	26.00
166 	 167 	211	23.00
166 	 198 	172	15.00
167 	 168 	205	22.00
167 	 199 	202	12.00
169 	 170 	186	26.00
169 	 201 	163	24.00
171 	 172 	219	27.00
171 	 203 	186	25.00
172 	 173 	175	23.00
173 	 174 	209	17.00
173 	 205 	218	28.00
174 	 175 	224	23.00
174 	 206 	174	20.00
176 	 177 	237	28.00
177 	 178 	224	25.00
177 	 209 	233	13.00
178 	 179 	197	23.00
180 	 181 	186	16.00
181 	 182 	233	23.00
181 	 213 	219	28.00
182 	 183 	205	15.00
182 	 214 	223	19.00
183 	 184 	198	26.00
183 	 215 	181	16.00
184 	 185 	221	14.00
184 	 216 	222	13.00
185 	 186 	199	27.00
185 	 217 	162	24.00
187 	 188 	222	28.00
188 	 189 	186	17.00
188 	 220 	200	24.00
189 	 190 	230	13.00
190 	 191 	201	26.00
190 	 222 	166	22.00
191 	 223 	160	14.00
192 	 193 	236	26.00
192 	 224 	230	24.00
193 	 194 	229	20.00
193 	 225 	232	19.00
194 	 195 	168	24.00
195 	 196 	207	16.00
195 	 227 	165	25.00
196 	 197 	171	16.00
196 	 228 	216	12.00
197 	 198 	172	12.00
198 	 199 	199	20.00
199 	 200 	175	24.00
199 	 231 	224	21.00
200 	 201 	191	28.00
200 	 232 	188	23.00
201 	 202 	217	25.00
202 	 203 	171	13.00
203 	 204 	176	28.00
204 	 205 	190	19.00
204 	 236 	198	14.00
206 	 207 	217	28.00
206 	 238 	230	23.00
207 	 208 	230	22.00
207 	 239 	168	24.00
208 	 209 	180	28.00
208 	 240 	165	12.00
209 	 210 	226	22.00
209 	 241 	191	28.00
210 	 211 	235	12.00
210 	 242 	170	17.00
211 	 212 	212	19.00
211 	 243 	172	21.00
212 	 213 	206	23.00
213 	 214 	213	12.00
213 	 245 	227	26.00
214 	 215 	199	22.00
214 	 246 	233	28.00
215 	 216 	220	20.00
215 	 247 	196	21.00
216 	 217 	191	28.00
216 	 248 	233	22.00
217 	 218 	220	18.00
217 	 249 	202	12.00
218 	 219 	193	14.00
218 	 250 	236	23.00
219 	 220 	197	20.00
219 	 251 	233	12.00
220 	 221 	238	15.00
221 	 222 	240	15.00
221 	 253 	228	19.00
222 	 223 	232	28.00
222 	 254 	239	16.00
223 	 255 	204	25.00
224 	 225 	232	12.00
226 	 227 	181	27.00
227 	 228 	171	28.00
228 	 229 	169	15.00
228 	 260 	210	22.00
229 	 230 	205	18.00
230 	 231 	215	13.00
230 	 262 	189	15.00
231 	 232 	209	21.00
231 	 263 	198	17.00
232 	 233 	179	18.00
232 	 264 	204	18.00
234 	 235 	174	25.00
234 	 266 	203	22.00
235 	 236 	201	16.00
235 	 267 	191	17.00
237 	 238 	191	22.00
237 	 269 	238	21.00
238 	 239 	200	13.00
238 	 270 	211	28.00
239 	 240 	220	13.00
239 	 271 	226	13.00
240 	 241 	222	12.00
241 	 242 	170	23.00
242 	 243 	206	22.00
242 	 274 	205	13.00
243 	 244 	175	27.00
243 	 275 	236	13.00
244 	 245 	228	27.00
244 	 276 	183	15.00
245 	 246 	180	22.00
245 	 277 	178	28.00
246 	 247 	168	25.00
246 	 278 	209	21.00
247 	 248 	174	23.00
247 	 279 	221	12.00
249 	 250 	204	18.00
249 	 281 	192	28.00
252 	 253 	190	15.00
252 	 284 	173	21.00
253 	 254 	164	16.00
254 	 255 	194	23.00
256 	 257 	211	25.00
257 	 258 	213	22.00
258 	 259 	191	26.00
259 	 260 	232	12.00
259 	 291 	237	20.00
260 	 261 	197	13.00
262 	 263 	169	17.00
262 	 294 	168	14.00
263 	 264 	237	13.00
263 	 295 	194	26.00
264 	 265 	174	18.00
264 	 296 	188	12.00
265 	 266 	184	22.00
266 	 267 	239	22.00
266 	 298 	178	13.00
267 	 268 	174	12.00
268 	 269 	195	20.00
268 	 300 	225	16.00
269 	 270 	209	19.00
269 	 301 	202	27.00
270 	 271 	199	16.00
270 	 302 	186	27.00
271 	 272 	240	23.00
271 	 303 	182	21.00
272 	 273 	174	27.00
273 	 274 	238	14.00
273 	 305 	169	14.00
274 	 275 	190	25.00
274 	 306 	198	26.00
275 	 276 	227	25.00
276 	 277 	224	15.00
278 	 279 	212	20.00
278 	 310 	236	24.00
279 	 280 	179	19.00
280 	 281 	161	21.00
281 	 282 	170	25.00
282 	 283 	172	20.00
283 	 284 	200	27.00
285 	 286 	180	27.00
285 	 317 	173	18.00
286 	 287 	215	24.00
287 	 319 	197	16.00
288 	 289 	202	16.00
288 	 320 	237	14.00
289 	 290 	188	23.00
290 	 291 	199	25.00
290 	 322 	196	20.00
292 	 293 	173	19.00
292 	 324 	162	28.00
293 	 294 	219	23.00
294 	 295 	229	22.00
294 	 326 	182	13.00
295 	 296 	240	24.00
295 	 327 	221	15.00
296 	 297 	233	19.00
296 	 328 	191	26.00
298 	 299 	220	16.00
298 	 330 	200	19.00
299 	 300 	225	24.00
299 	 331 	175	25.00
300 	 301 	217	25.00
300 	 332 	166	20.00
301 	 302 	227	19.00
301 	 333 	230	18.00
302 	 303 	164	17.00
303 	 304 	229	28.00
303 	 335 	226	23.00
304 	 305 	188	12.00
304 	 336 	214	21.00
305 	 306 	223	21.00
305 	 337 	240	15.00
307 	 308 	188	12.00
307 	 339 	186	18.00
308 	 309 	214	26.00
308 	 340 	188	28.00
309 	 310 	232	25.00
309 	 341 	205	23.00
310 	 311 	180	13.00
311 	 312 	202	16.00
311 	 343 	230	27.00
312 	 313 	188	16.00
313 	 314 	195	24.00
313 	 345 	181	22.00
314 	 315 	189	28.00
315 	 316 	219	19.00
317 	 318 	184	18.00
318 	 319 	198	21.00
318 	 350 	179	16.00
319 	 351 	200	27.00
320 	 321 	172	28.00
320 	 352 	224	21.00
321 	 322 	178	18.00
321 	 353 	231	17.00
322 	 323 	215	16.00
322 	 354 	211	21.00
323 	 324 	174	27.00
324 	 325 	193	12.00
324 	 356 	205	27.00
325 	 326 	229	23.00
325 	 357 	179	13.00
326 	 327 	238	16.00
327 	 328 	238	14.00
327 	 359 	160	21.00
328 	 329 	224	14.00
329 	 330 	189	26.00
330 	 331 	182	12.00
330 	 362 	222	25.00
331 	 332 	238	27.00
332 	 333 	201	22.00
332 	 364 	239	22.00
333 	 334 	190	18.00
333 	 365 	195	25.00
335 	 336 	180	18.00
336 	 337 	217	21.00
337 	 338 	192	13.00
337 	 369 	165	13.00
338 	 339 	201	12.00
338 	 370 	197	13.00
339 	 340 	240	13.00
339 	 371 	194	15.00
340 	 341 	211	18.00
341 	 342 	225	24.00
341 	 373 	219	16.00
342 	 343 	213	18.00
342 	 374 	214	12.00
343 	 344 	186	20.00
343 	 375 	172	15.00
344 	 345 	160	22.00
344 	 376 	239	24.00
345 	 346 	227	21.00
345 	 377 	206	24.00
347 	 348 	203	22.00
347 	 379 	195	25.00
349 	 350 	187	16.00
350 	 351 	219	25.00
351 	 383 	202	19.00
352 	 353 	235	22.00
352 	 384 	209	28.00
353 	 354 	188	23.00
353 	 385 	210	27.00
354 	 355 	192	20.00
354 	 386 	169	22.00
355 	 356 	204	20.00
357 	 358 	205	19.00
357 	 389 	176	23.00
358 	 359 	162	23.00
360 	 361 	194	17.00
360 	 392 	214	14.00
361 	 362 	183	17.00
361 	 393 	175	25.00
362 	 363 	210	27.00
362 	 394 	169	28.00
363 	 364 	219	15.00
364 	 365 	203	22.00
364 	 396 	183	23.00
365 	 366 	164	18.00
365 	 397 	208	28.00
366 	 367 	204	18.00
366 	 398 	170	24.00
367 	 368 	201	24.00
368 	 369 	167	13.00
369 	 370 	235	20.00
369 	 401 	164	27.00
370 	 371 	185	13.00
370 	 402 	227	28.00
372 	 373 	237	22.00
372 	 404 	171	20.00
373 	 374 	175	27.00
374 	 375 	168	13.00
375 	 376 	174	20.00
375 	 407 	191	28.00
376 	 377 	161	13.00
376 	 408 	176	21.00
377 	 378 	232	18.00
378 	 379 	183	17.00
378 	 410 	167	25.00
379 	 380 	201	26.00
379 	 411 	162	13.00
380 	 381 	180	14.00
381 	 382 	222	15.00
381 	 413 	161	21.00
382 	 383 	193	26.00
382 	 414 	213	28.00
384 	 385 	188	21.00
384 	 416 	190	13.00
385 	 386 	191	15.00
385 	 417 	208	16.00
387 	 388 	183	17.00
387 	 419 	181	18.00
388 	 389 	202	24.00
388 	 420 	173	12.00
389 	 390 	201	20.00
389 	 421 	193	22.00
390 	 391 	209	28.00
390 	 422 	208	27.00
391 	 392 	193	22.00
391 	 423 	208	25.00
392 	 393 	234	27.00
392 	 424 	233	23.00
393 	 394 	230	24.00
393 	 425 	236	22.00
394 	 395 	207	14.00
394 	 426 	180	20.00
395 	 396 	172	23.00
395 	 427 	171	24.00
396 	 397 	192	13.00
396 	 428 	209	24.00
397 	 398 	197	19.00
398 	 399 	227	18.00
398 	 430 	210	20.00
399 	 400 	213	16.00
400 	 401 	160	23.00
400 	 432 	218	27.00
401 	 402 	214	12.00
401 	 433 	175	21.00
402 	 403 	226	21.00
402 	 434 	166	27.00
403 	 404 	181	19.00
403 	 435 	235	23.00
404 	 405 	200	14.00
405 	 406 	202	17.00
405 	 437 	172	22.00
406 	 407 	239	19.00
407 	 408 	231	28.00
407 	 439 	190	27.00
408 	 409 	240	27.00
408 	 440 	228	15.00
409 	 410 	164	27.00
409 	 441 	237	26.00
410 	 411 	162	25.00
411 	 412 	184	27.00
412 	 413 	180	22.00
412 	 444 	233	23.00
413 	 414 	206	16.00
413 	 445 	201	18.00
414 	 415 	188	19.00
414 	 446 	185	17.00
416 	 417 	218	23.00
416 	 448 	216	17.00
417 	 418 	205	18.00
417 	 449 	204	28.00
418 	 419 	186	19.00
418 	 450 	183	28.00
419 	 420 	230	19.00
419 	 451 	192	15.00
420 	 421 	237	20.00
420 	 452 	162	20.00
421 	 422 	219	23.00
421 	 453 	225	25.00
422 	 423 	166	19.00
422 	 454 	187	12.00
423 	 424 	191	14.00
423 	 455 	234	21.00
424 	 425 	189	14.00
424 	 456 	165	20.00
425 	 426 	182	17.00
425 	 457 	238	13.00
426 	 427 	215	12.00
428 	 429 	214	25.00
429 	 430 	211	26.00
429 	 461 	172	13.00
430 	 431 	192	12.00
430 	 462 	180	21.00
431 	 432 	216	14.00
432 	 433 	169	25.00
432 	 464 	162	18.00
433 	 434 	199	23.00
434 	 435 	229	27.00
434 	 466 	187	28.00
435 	 436 	220	21.00
435 	 467 	163	26.00
436 	 437 	231	15.00
436 	 468 	224	22.00
438 	 439 	207	13.00
438 	 470 	200	18.00
439 	 440 	185	15.00
440 	 441 	186	19.00
440 	 472 	202	20.00
441 	 442 	192	14.00
441 	 473 	202	17.00
442 	 443 	206	21.00
442 	 474 	187	13.00
443 	 444 	239	26.00
444 	 445 	188	19.00
445 	 446 	210	21.00
445 	 477 	211	28.00
447 	 479 	232	12.00
448 	 449 	196	14.00
448 	 480 	212	20.00
449 	 450 	199	20.00
449 	 481 	224	24.00
450 	 451 	169	16.00
450 	 482 	193	22.00
451 	 452 	234	19.00
451 	 483 	220	21.00
452 	 453 	223	13.00
452 	 484 	213	16.00
453 	 454 	180	13.00
454 	 455 	160	19.00
455 	 456 	161	18.00
455 	 487 	232	26.00
456 	 457 	180	27.00
456 	 488 	214	13.00
457 	 458 	232	19.00
457 	 489 	212	27.00
458 	 459 	197	15.00
458 	 490 	228	20.00
459 	 460 	171	16.00
459 	 491 	221	19.00
460 	 461 	177	20.00
460 	 492 	230	12.00
461 	 462 	170	14.00
462 	 463 	185	26.00
462 	 494 	195	28.00
463 	 464 	207	21.00
463 	 495 	178	25.00
464 	 465 	209	13.00
465 	 466 	216	22.00
466 	 467 	175	21.00
466 	 498 	182	13.00
467 	 468 	221	16.00
468 	 469 	240	19.00
469 	 470 	221	15.00
469 	 501 	189	17.00
470 	 471 	232	27.00
470 	 502 	221	16.00
471 	 472 	209	17.00
471 	 503 	204	25.00
472 	 473 	162	22.00
473 	 474 	236	13.00
473 	 505 	185	22.00
474 	 475 	217	26.00
474 	 506 	161	22.00
475 	 476 	189	25.00
477 	 478 	209	28.00
477 	 509 	170	28.00
478 	 479 	178	23.00
478 	 510 	189	21.00
479 	 511 	160	16.00
480 	 481 	218	19.00
481 	 482 	191	27.00
482 	 483 	178	18.00
484 	 485 	218	16.00
485 	 486 	213	16.00
493 	 494 	207	21.00
494 	 495 	205	17.00
496 	 497 	205	28.00
497 	 498 	169	22.00
499 	 500 	221	12.00
500 	 501 	228	14.00
502 	 503 	184	12.00
503 	 504 	213	27.00
506 	 507 	230	27.00
507 	 508 	168	17.00
509 	 510 	165	23.00
510 	 511 	208	22.00
