1024	1984	20	0.30

-5	 13	 0
89	 8	 0
232	 2	 0
300	 -9	 0
424	 7	 0
511	 -42	 0
604	 9	 0
717	 -5	 0
784	 -42	 7
919	 -17	 7
986	 -11	 7
1097	 23	 7
1200	 -25	 7
1345	 23	 7
1437	 -3	 5
1484	 5	 5
1630	 -15	 5
1700	 -1	 5
1826	 -12	 5
1872	 1	 5
2006	 2	 5
2139	 13	 5
2238	 -7	 5
2288	 14	 5
2395	 6	 3
2474	 -39	 3
2633	 -1	 3
2697	 34	 3
2816	 -22	 3
2909	 8	 3
3027	 -27	 3
3104	 -17	 3
-16	 113	 0
107	 77	 0
225	 55	 0
265	 86	 0
367	 92	 0
518	 89	 0
631	 93	 0
689	 87	 0
775	 119	 0
906	 127	 7
1025	 71	 7
1124	 123	 7
1199	 103	 7
1297	 64	 7
1397	 136	 5
1470	 96	 5
1633	 74	 5
1670	 98	 5
1772	 118	 5
1901	 130	 5
1980	 112	 5
2114	 95	 5
2227	 93	 5
2342	 59	 5
2427	 125	 3
2531	 82	 3
2604	 105	 3
2679	 137	 3
2811	 107	 3
2908	 91	 3
2992	 133	 3
3107	 145	 3
-1	 222	 0
78	 223	 0
177	 217	 0
329	 190	 0
409	 203	 0
488	 181	 0
614	 211	 0
684	 183	 0
794	 191	 0
926	 224	 7
1039	 164	 7
1146	 203	 7
1199	 206	 7
1339	 199	 7
1417	 189	 7
1512	 224	 5
1622	 202	 5
1732	 169	 5
1774	 193	 5
1872	 175	 5
2002	 214	 5
2074	 190	 5
2236	 238	 3
2280	 231	 3
2358	 183	 3
2523	 165	 3
2568	 171	 3
2705	 195	 3
2806	 183	 3
2880	 209	 3
3011	 227	 3
3073	 195	 3
-29	 276	 0
88	 306	 0
214	 295	 0
312	 291	 0
412	 334	 0
499	 307	 0
589	 268	 0
732	 312	 0
774	 326	 0
906	 291	 7
985	 300	 7
1066	 294	 7
1157	 292	 7
1296	 279	 7
1418	 293	 5
1523	 306	 5
1595	 300	 5
1686	 337	 5
1770	 286	 5
1854	 288	 5
2007	 264	 5
2104	 292	 5
2205	 313	 5
2296	 280	 3
2368	 308	 3
2508	 289	 3
2626	 289	 3
2712	 261	 3
2803	 336	 3
2888	 272	 3
3043	 329	 3
3072	 258	 3
9	 392	 0
120	 390	 0
217	 394	 0
292	 436	 0
418	 371	 0
514	 423	 0
600	 392	 0
690	 412	 0
791	 377	 0
924	 437	 7
997	 430	 7
1117	 437	 7
1217	 383	 7
1310	 360	 7
1386	 413	 7
1514	 386	 5
1585	 382	 5
1698	 385	 5
1796	 397	 5
1896	 416	 5
2027	 411	 5
2129	 391	 5
2202	 371	 3
2332	 395	 3
2401	 405	 3
2505	 386	 3
2594	 394	 3
2666	 400	 3
2816	 412	 3
2892	 423	 3
3019	 403	 3
3075	 418	 3
-39	 500	 0
106	 491	 0
170	 454	 0
280	 526	 0
391	 522	 0
491	 474	 0
601	 500	 0
705	 491	 0
840	 509	 7
869	 492	 7
1005	 498	 7
1070	 495	 7
1230	 515	 7
1278	 465	 7
1405	 511	 7
1500	 498	 5
1564	 489	 5
1705	 469	 5
1773	 516	 5
1904	 498	 5
2011	 488	 5
2120	 534	 5
2175	 491	 5
2270	 504	 5
2385	 545	 3
2513	 525	 3
2596	 450	 3
2679	 532	 3
2813	 532	 3
2943	 543	 3
2970	 502	 3
3103	 494	 3
-14	 602	 0
88	 632	 0
222	 604	 0
306	 627	 0
401	 586	 0
504	 637	 0
562	 564	 0
736	 577	 0
819	 609	 7
900	 630	 7
978	 583	 7
1116	 595	 7
1224	 595	 7
1300	 563	 7
1403	 589	 7
1465	 607	 7
1616	 632	 5
1687	 602	 5
1824	 572	 5
1927	 601	 5
2002	 611	 5
2080	 596	 5
2221	 610	 5
2318	 625	 15
2374	 587	 15
2529	 607	 3
2609	 598	 3
2690	 584	 3
2823	 616	 3
2868	 620	 3
3014	 602	 3
3060	 598	 3
-19	 705	 11
124	 718	 0
207	 661	 0
300	 694	 0
443	 701	 0
487	 683	 0
622	 670	 0
705	 729	 7
818	 699	 7
876	 705	 7
1020	 693	 7
1101	 704	 7
1246	 697	 7
1280	 672	 7
1369	 699	 7
1536	 697	 7
1583	 707	 7
1715	 673	 5
1820	 712	 5
1894	 682	 5
2019	 676	 5
2116	 714	 15
2217	 737	 15
2341	 657	 15
2389	 736	 15
2497	 711	 15
2623	 729	 3
2681	 708	 3
2772	 679	 3
2930	 718	 3
3017	 661	 3
3129	 704	 4
-13	 831	 11
111	 810	 0
172	 817	 11
334	 799	 0
425	 830	 11
531	 812	 11
618	 788	 11
710	 792	 18
816	 797	 7
882	 816	 7
983	 840	 7
1118	 827	 7
1238	 801	 7
1324	 823	 7
1412	 790	 7
1494	 796	 7
1610	 772	 15
1694	 792	 5
1801	 790	 5
1937	 812	 5
2032	 792	 15
2086	 826	 15
2191	 809	 15
2300	 824	 15
2370	 799	 15
2532	 824	 4
2590	 813	 4
2704	 809	 4
2812	 763	 3
2907	 802	 3
3015	 811	 4
3088	 823	 4
20	 898	 11
82	 924	 11
190	 909	 11
268	 904	 11
424	 938	 11
527	 921	 11
574	 907	 11
730	 871	 18
789	 864	 18
921	 880	 7
994	 906	 7
1100	 895	 7
1199	 898	 7
1274	 882	 7
1417	 878	 7
1519	 897	 15
1591	 878	 15
1681	 898	 15
1780	 865	 15
1906	 888	 5
1964	 873	 15
2079	 866	 15
2201	 867	 15
2310	 899	 4
2422	 889	 4
2503	 907	 4
2637	 867	 4
2721	 892	 4
2759	 933	 4
2907	 903	 4
3004	 882	 4
3119	 893	 4
1	 1018	 11
85	 1011	 11
215	 1003	 11
329	 1004	 11
436	 984	 11
490	 982	 11
623	 983	 11
664	 971	 11
784	 994	 11
882	 971	 12
983	 973	 12
1121	 995	 7
1186	 968	 15
1257	 1030	 15
1382	 997	 15
1466	 1027	 15
1598	 969	 15
1698	 1019	 15
1810	 997	 15
1876	 982	 15
1952	 1022	 15
2118	 981	 15
2221	 964	 4
2281	 996	 4
2422	 1034	 4
2485	 988	 4
2640	 967	 4
2691	 1002	 4
2839	 994	 4
2877	 994	 4
3042	 991	 4
3112	 1006	 4
-16	 1079	 11
59	 1100	 11
201	 1052	 11
304	 1103	 11
425	 1096	 11
483	 1116	 11
588	 1123	 11
699	 1105	 11
829	 1087	 11
945	 1122	 12
997	 1120	 12
1137	 1091	 12
1182	 1115	 12
1300	 1100	 12
1399	 1117	 15
1453	 1060	 15
1615	 1066	 15
1711	 1138	 15
1790	 1121	 15
1893	 1127	 15
1971	 1099	 15
2112	 1100	 15
2196	 1079	 15
2271	 1067	 4
2441	 1109	 4
2501	 1119	 4
2610	 1115	 4
2689	 1133	 4
2784	 1146	 4
2917	 1074	 4
3034	 1103	 4
3078	 1098	 4
36	 1172	 11
102	 1232	 11
192	 1207	 11
276	 1191	 11
381	 1207	 11
496	 1185	 11
595	 1236	 11
673	 1211	 11
796	 1183	 11
911	 1205	 11
1006	 1234	 12
1081	 1206	 12
1166	 1163	 12
1257	 1156	 12
1409	 1213	 12
1483	 1194	 12
1610	 1194	 15
1678	 1200	 15
1781	 1211	 15
1894	 1205	 15
2001	 1161	 15
2104	 1220	 15
2191	 1193	 15
2294	 1212	 4
2414	 1215	 4
2506	 1181	 4
2627	 1203	 4
2659	 1174	 4
2794	 1220	 4
2924	 1199	 4
3020	 1221	 4
3098	 1195	 4
-35	 1317	 11
103	 1282	 11
199	 1312	 11
321	 1291	 11
416	 1311	 11
476	 1288	 11
639	 1284	 11
682	 1299	 11
832	 1275	 11
914	 1302	 11
963	 1284	 12
1079	 1305	 12
1225	 1301	 12
1271	 1302	 12
1382	 1331	 12
1483	 1270	 12
1607	 1277	 12
1695	 1295	 15
1784	 1329	 13
1906	 1293	 15
2031	 1294	 15
2075	 1300	 13
2193	 1312	 15
2312	 1282	 15
2386	 1306	 4
2497	 1323	 4
2633	 1297	 4
2681	 1296	 4
2814	 1316	 4
2911	 1305	 4
3023	 1324	 4
3124	 1303	 4
-7	 1404	 11
116	 1404	 11
174	 1384	 11
316	 1398	 11
435	 1412	 11
486	 1444	 11
604	 1397	 11
680	 1391	 11
808	 1443	 12
919	 1383	 12
971	 1418	 12
1083	 1402	 12
1194	 1390	 12
1270	 1396	 12
1442	 1365	 12
1512	 1390	 12
1632	 1365	 12
1720	 1430	 13
1787	 1370	 13
1941	 1411	 13
2010	 1395	 13
2128	 1417	 13
2223	 1398	 13
2342	 1419	 15
2408	 1412	 15
2509	 1373	 4
2636	 1391	 4
2683	 1381	 4
2786	 1420	 4
2901	 1401	 4
2986	 1441	 4
3081	 1387	 4
2	 1485	 11
112	 1492	 11
242	 1468	 11
314	 1493	 11
415	 1474	 9
518	 1488	 11
600	 1495	 11
727	 1536	 11
813	 1486	 11
915	 1526	 12
1024	 1478	 12
1148	 1525	 12
1209	 1503	 12
1297	 1497	 12
1444	 1485	 12
1517	 1506	 12
1590	 1451	 12
1709	 1470	 13
1813	 1500	 13
1926	 1470	 13
2040	 1482	 13
2106	 1539	 13
2232	 1485	 13
2316	 1495	 13
2441	 1480	 15
2508	 1489	 6
2592	 1497	 4
2661	 1473	 4
2798	 1498	 4
2907	 1533	 4
2995	 1503	 4
3100	 1532	 6
16	 1597	 9
61	 1599	 9
221	 1608	 9
305	 1609	 9
430	 1602	 9
531	 1601	 9
614	 1593	 11
703	 1593	 11
833	 1589	 12
879	 1582	 12
1001	 1561	 12
1076	 1592	 12
1228	 1598	 12
1327	 1592	 12
1359	 1617	 12
1517	 1637	 12
1580	 1619	 13
1714	 1612	 13
1764	 1596	 13
1933	 1612	 13
1983	 1637	 13
2110	 1641	 13
2203	 1597	 13
2264	 1591	 13
2427	 1571	 6
2500	 1598	 6
2570	 1567	 6
2672	 1600	 6
2756	 1624	 6
2886	 1626	 4
2956	 1589	 4
3085	 1595	 6
-23	 1666	 9
105	 1684	 9
185	 1668	 9
323	 1675	 9
388	 1728	 9
494	 1664	 9
610	 1657	 9
679	 1682	 9
840	 1701	 12
866	 1720	 12
1032	 1684	 12
1109	 1677	 12
1205	 1676	 12
1296	 1701	 12
1414	 1672	 12
1489	 1697	 12
1600	 1686	 12
1720	 1657	 12
1801	 1716	 13
1882	 1719	 13
2009	 1738	 13
2123	 1688	 13
2202	 1699	 13
2280	 1739	 6
2415	 1723	 6
2518	 1734	 6
2623	 1712	 6
2652	 1737	 6
2769	 1736	 6
2882	 1669	 6
3017	 1728	 6
3109	 1663	 6
-9	 1772	 9
73	 1766	 9
196	 1810	 9
271	 1771	 9
408	 1799	 9
485	 1818	 9
590	 1848	 9
691	 1843	 9
805	 1804	 12
911	 1788	 12
999	 1804	 12
1094	 1804	 12
1214	 1776	 14
1261	 1813	 14
1365	 1805	 12
1544	 1836	 12
1578	 1799	 13
1705	 1803	 13
1802	 1841	 13
1922	 1779	 13
2025	 1802	 13
2113	 1785	 13
2234	 1812	 6
2299	 1808	 6
2389	 1823	 6
2489	 1819	 6
2577	 1788	 6
2707	 1799	 6
2785	 1804	 6
2927	 1822	 6
3035	 1798	 6
3128	 1779	 6
-9	 1898	 9
104	 1882	 9
192	 1936	 9
343	 1897	 9
378	 1881	 9
492	 1941	 9
647	 1930	 9
737	 1857	 9
775	 1900	 9
888	 1855	 12
996	 1887	 12
1093	 1928	 12
1178	 1902	 12
1341	 1873	 14
1373	 1917	 12
1527	 1939	 13
1587	 1897	 13
1730	 1912	 13
1790	 1878	 13
1902	 1890	 13
2030	 1885	 13
2057	 1908	 13
2226	 1922	 6
2340	 1885	 6
2398	 1891	 6
2502	 1916	 6
2591	 1899	 6
2715	 1929	 6
2792	 1881	 6
2889	 1870	 6
3037	 1891	 6
3114	 1887	 6
13	 1993	 9
110	 1993	 9
204	 1989	 9
317	 1993	 9
381	 2005	 9
461	 1971	 9
606	 2030	 9
740	 1968	 9
783	 1973	 9
876	 2021	 9
1004	 2043	 17
1094	 1994	 12
1201	 1973	 12
1317	 1973	 14
1424	 1996	 13
1469	 1991	 13
1589	 2034	 13
1703	 2002	 13
1794	 2010	 13
1912	 1954	 13
1968	 1980	 13
2127	 1991	 13
2230	 2013	 6
2290	 1956	 6
2396	 2003	 6
2524	 2005	 6
2601	 1979	 6
2689	 2002	 6
2797	 2020	 6
2893	 1984	 6
2972	 2037	 6
3072	 2022	 6
-4	 2090	 9
106	 2118	 9
162	 2089	 9
306	 2130	 9
419	 2099	 9
542	 2093	 9
624	 2089	 9
731	 2107	 9
768	 2113	 9
859	 2116	 9
1036	 2103	 17
1071	 2098	 17
1204	 2127	 10
1312	 2102	 10
1369	 2099	 10
1503	 2078	 13
1630	 2088	 13
1687	 2137	 13
1810	 2116	 13
1929	 2094	 13
1960	 2093	 13
2123	 2092	 13
2208	 2068	 6
2298	 2091	 6
2398	 2066	 6
2514	 2070	 6
2580	 2101	 6
2723	 2065	 6
2813	 2050	 6
2868	 2099	 6
3004	 2105	 6
3094	 2130	 6
-7	 2156	 9
114	 2217	 9
163	 2201	 9
269	 2196	 9
438	 2163	 9
475	 2173	 9
624	 2204	 9
661	 2221	 9
834	 2183	 9
910	 2200	 9
1039	 2192	 10
1089	 2192	 10
1208	 2178	 10
1283	 2241	 10
1399	 2221	 10
1515	 2205	 10
1581	 2198	 13
1657	 2204	 13
1790	 2179	 13
1875	 2166	 13
2018	 2226	 13
2091	 2195	 13
2185	 2166	 13
2292	 2219	 16
2371	 2224	 16
2465	 2191	 6
2590	 2199	 6
2674	 2218	 6
2826	 2201	 2
2939	 2160	 6
3025	 2192	 6
3093	 2209	 6
-12	 2288	 9
102	 2332	 9
213	 2281	 9
319	 2285	 9
432	 2301	 1
490	 2317	 1
630	 2327	 1
691	 2292	 9
810	 2331	 10
886	 2349	 10
1013	 2314	 10
1098	 2328	 10
1215	 2268	 10
1302	 2280	 10
1395	 2298	 10
1500	 2288	 10
1592	 2292	 10
1734	 2286	 8
1832	 2325	 8
1907	 2283	 8
2010	 2290	 13
2066	 2286	 8
2186	 2295	 13
2291	 2337	 16
2384	 2309	 16
2491	 2308	 6
2558	 2323	 2
2718	 2307	 2
2828	 2263	 2
2881	 2303	 2
2990	 2310	 6
3072	 2307	 6
1	 2391	 9
83	 2382	 9
214	 2376	 1
282	 2387	 1
389	 2371	 1
489	 2427	 1
556	 2402	 1
705	 2402	 9
798	 2435	 10
927	 2399	 10
988	 2418	 10
1099	 2397	 10
1178	 2386	 10
1289	 2385	 10
1380	 2406	 10
1501	 2424	 10
1642	 2378	 8
1722	 2409	 8
1802	 2401	 8
1907	 2441	 8
1987	 2386	 8
2096	 2419	 8
2163	 2426	 8
2284	 2379	 16
2432	 2418	 16
2472	 2402	 2
2574	 2353	 2
2710	 2422	 2
2813	 2419	 2
2914	 2394	 2
3006	 2386	 6
3132	 2365	 6
-27	 2506	 9
114	 2477	 1
222	 2470	 1
308	 2491	 1
431	 2490	 1
532	 2481	 1
593	 2503	 19
741	 2504	 19
814	 2477	 10
902	 2509	 10
982	 2499	 10
1125	 2477	 10
1191	 2458	 10
1291	 2461	 10
1414	 2522	 10
1488	 2498	 8
1625	 2476	 8
1723	 2515	 8
1801	 2507	 8
1926	 2489	 8
1980	 2526	 8
2099	 2471	 8
2201	 2485	 8
2297	 2522	 8
2424	 2541	 2
2475	 2496	 2
2644	 2496	 2
2655	 2549	 2
2795	 2481	 2
2883	 2537	 2
2996	 2470	 2
3115	 2519	 6
39	 2598	 1
91	 2599	 1
198	 2614	 1
275	 2614	 1
415	 2572	 1
477	 2599	 1
634	 2579	 19
709	 2630	 1
829	 2626	 1
900	 2604	 10
1037	 2611	 10
1100	 2618	 10
1190	 2584	 10
1298	 2612	 10
1379	 2603	 10
1504	 2615	 10
1611	 2607	 8
1673	 2616	 8
1761	 2573	 8
1911	 2615	 8
2029	 2595	 8
2078	 2631	 8
2214	 2617	 8
2295	 2559	 8
2415	 2573	 2
2484	 2609	 2
2604	 2614	 2
2655	 2588	 2
2805	 2594	 2
2907	 2584	 2
3014	 2592	 2
3103	 2605	 2
-1	 2695	 1
123	 2665	 1
194	 2687	 1
298	 2652	 1
444	 2670	 1
484	 2683	 1
582	 2662	 1
733	 2721	 1
803	 2731	 1
913	 2667	 10
1042	 2680	 10
1092	 2716	 10
1179	 2669	 10
1278	 2733	 10
1403	 2683	 10
1511	 2717	 8
1605	 2742	 8
1707	 2689	 8
1790	 2706	 8
1921	 2717	 8
2003	 2714	 8
2142	 2734	 8
2237	 2698	 8
2267	 2672	 8
2401	 2689	 2
2501	 2680	 2
2585	 2679	 2
2684	 2675	 2
2774	 2689	 2
2894	 2723	 2
3006	 2704	 2
3058	 2728	 2
14	 2808	 1
77	 2798	 1
183	 2843	 1
340	 2782	 1
441	 2795	 1
506	 2791	 1
603	 2813	 1
719	 2795	 1
821	 2797	 1
908	 2788	 1
1024	 2781	 10
1136	 2785	 10
1171	 2794	 10
1313	 2837	 10
1391	 2828	 10
1502	 2790	 8
1637	 2826	 8
1701	 2794	 8
1776	 2797	 8
1883	 2774	 8
2031	 2827	 8
2093	 2794	 8
2205	 2787	 2
2299	 2766	 2
2375	 2794	 2
2471	 2791	 2
2600	 2770	 2
2672	 2780	 2
2834	 2773	 2
2888	 2795	 2
3033	 2763	 2
3109	 2799	 2
16	 2914	 1
85	 2878	 1
209	 2943	 1
298	 2924	 1
387	 2920	 1
466	 2885	 1
591	 2929	 1
741	 2901	 1
816	 2931	 10
930	 2879	 10
1016	 2918	 10
1093	 2872	 10
1234	 2913	 10
1319	 2866	 10
1420	 2935	 8
1495	 2890	 8
1594	 2901	 8
1674	 2909	 8
1845	 2868	 8
1884	 2885	 8
2015	 2864	 8
2114	 2908	 8
2231	 2885	 2
2305	 2892	 2
2399	 2903	 2
2493	 2860	 2
2593	 2909	 2
2724	 2922	 2
2807	 2902	 2
2895	 2890	 2
3015	 2911	 2
3141	 2931	 2
18	 2984	 1
79	 2972	 1
200	 2999	 1
304	 3007	 1
413	 2981	 1
498	 3036	 1
645	 2966	 1
731	 3045	 1
782	 2970	 1
914	 3000	 1
1018	 3030	 10
1119	 2973	 10
1189	 2982	 10
1281	 2989	 10
1402	 3018	 10
1497	 2961	 8
1637	 3013	 8
1710	 3027	 8
1826	 2994	 8
1904	 2996	 8
2018	 2987	 8
2094	 2974	 8
2186	 3040	 8
2271	 2986	 2
2398	 3035	 2
2486	 2999	 2
2591	 3047	 2
2668	 3011	 2
2824	 3003	 2
2872	 2978	 2
3041	 3035	 2
3119	 2994	 2
32	 3124	 1
140	 3066	 1
226	 3072	 1
281	 3148	 1
388	 3089	 1
497	 3107	 1
604	 3101	 1
718	 3117	 1
799	 3086	 1
899	 3123	 1
977	 3083	 1
1062	 3086	 10
1163	 3099	 10
1314	 3113	 10
1419	 3115	 10
1522	 3115	 10
1615	 3088	 8
1700	 3083	 8
1790	 3058	 8
1868	 3062	 8
2012	 3132	 8
2089	 3072	 8
2199	 3117	 8
2280	 3056	 2
2393	 3116	 2
2524	 3113	 2
2594	 3142	 2
2716	 3115	 2
2772	 3104	 2
2895	 3136	 2
3020	 3123	 2
3105	 3100	 2

0	 1	 232	 21.00
0	 32	 123	 16.00
1	 2	 180	 22.00
1	 33	 210	 19.00
2	 3	 205	 19.00
2	 34	 249	 21.00
3	 4	 277	 18.00
3	 35	 250	 23.00
4	 5	 204	 16.00
4	 36	 214	 16.00
5	 6	 125	 20.00
5	 37	 171	 16.00
6	 7	 192	 19.00
6	 38	 231	 23.00
7	 8	 180	 23.00
7	 39	 184	 23.00
8	 9	 215	 17.00
8	 40	 238	 19.00
9	 10	 232	 16.00
9	 41	 169	 21.00
10	 11	 129	 19.00
10	 42	 139	 24.00
11	 12	 275	 23.00
11	 43	 175	 24.00
12	 13	 238	 17.00
12	 44	 245	 18.00
13	 14	 141	 19.00
13	 45	 272	 21.00
14	 15	 253	 21.00
14	 46	 210	 20.00
15	 16	 168	 21.00
15	 47	 130	 24.00
16	 17	 143	 22.00
16	 48	 243	 16.00
17	 18	 177	 18.00
17	 49	 160	 22.00
18	 19	 224	 21.00
18	 50	 133	 18.00
19	 20	 145	 16.00
19	 51	 255	 20.00
20	 21	 124	 22.00
20	 52	 250	 24.00
21	 22	 254	 17.00
21	 53	 200	 20.00
22	 23	 210	 18.00
22	 54	 232	 21.00
23	 24	 261	 23.00
23	 55	 148	 18.00
24	 25	 234	 24.00
24	 56	 146	 18.00
25	 26	 201	 23.00
25	 57	 203	 19.00
26	 27	 249	 19.00
26	 58	 261	 23.00
27	 28	 197	 20.00
27	 59	 254	 20.00
28	 29	 274	 17.00
28	 60	 188	 16.00
29	 30	 250	 16.00
29	 61	 241	 22.00
30	 31	 223	 20.00
30	 62	 166	 24.00
31	 63	 187	 21.00
32	 33	 136	 18.00
32	 64	 206	 24.00
33	 34	 245	 24.00
33	 65	 275	 20.00
34	 35	 197	 16.00
34	 66	 198	 20.00
35	 36	 203	 23.00
35	 67	 151	 24.00
36	 37	 271	 23.00
36	 68	 129	 18.00
37	 38	 227	 23.00
37	 69	 123	 24.00
38	 39	 123	 19.00
38	 70	 208	 23.00
39	 40	 241	 21.00
39	 71	 126	 23.00
40	 41	 241	 19.00
40	 72	 273	 16.00
41	 42	 187	 24.00
41	 73	 169	 18.00
42	 43	 279	 19.00
42	 74	 145	 18.00
43	 44	 273	 20.00
43	 75	 232	 19.00
44	 45	 271	 19.00
44	 76	 257	 22.00
45	 46	 279	 20.00
45	 77	 152	 16.00
46	 47	 173	 20.00
46	 78	 243	 17.00
47	 48	 196	 17.00
47	 79	 204	 24.00
48	 49	 155	 22.00
48	 80	 231	 22.00
49	 50	 228	 16.00
49	 81	 254	 19.00
50	 51	 140	 19.00
50	 82	 241	 20.00
51	 52	 268	 22.00
51	 83	 155	 23.00
52	 53	 147	 22.00
52	 84	 177	 19.00
53	 54	 231	 24.00
53	 85	 240	 24.00
54	 55	 235	 20.00
54	 86	 227	 18.00
55	 56	 225	 22.00
55	 87	 189	 17.00
56	 57	 139	 20.00
56	 88	 200	 17.00
57	 58	 122	 16.00
57	 89	 135	 21.00
58	 59	 194	 22.00
58	 90	 237	 20.00
59	 60	 135	 20.00
59	 91	 136	 22.00
60	 61	 141	 21.00
60	 92	 211	 20.00
61	 62	 188	 24.00
61	 93	 250	 24.00
62	 63	 260	 21.00
62	 94	 233	 16.00
63	 95	 172	 19.00
64	 65	 207	 18.00
64	 96	 248	 23.00
65	 66	 216	 21.00
65	 97	 248	 18.00
66	 67	 173	 23.00
66	 98	 241	 17.00
67	 68	 278	 16.00
67	 99	 185	 20.00
68	 69	 129	 19.00
68	 100	 262	 21.00
69	 70	 270	 21.00
69	 101	 236	 21.00
70	 71	 249	 16.00
70	 102	 133	 16.00
71	 72	 248	 17.00
71	 103	 271	 17.00
72	 73	 256	 24.00
72	 104	 215	 22.00
73	 74	 240	 19.00
73	 105	 155	 22.00
74	 75	 222	 17.00
74	 106	 185	 17.00
75	 76	 269	 20.00
75	 107	 244	 22.00
76	 77	 193	 17.00
76	 108	 140	 17.00
77	 78	 187	 21.00
77	 109	 189	 18.00
78	 79	 254	 23.00
78	 110	 165	 23.00
79	 80	 173	 20.00
79	 111	 239	 16.00
80	 81	 220	 18.00
80	 112	 202	 24.00
81	 82	 216	 24.00
81	 113	 168	 17.00
82	 83	 229	 20.00
82	 114	 169	 20.00
83	 84	 272	 20.00
83	 115	 171	 19.00
84	 85	 266	 19.00
84	 116	 144	 19.00
85	 86	 194	 21.00
85	 117	 166	 24.00
86	 87	 164	 20.00
86	 118	 272	 23.00
87	 88	 150	 22.00
87	 119	 177	 23.00
88	 89	 175	 24.00
88	 120	 144	 21.00
89	 90	 259	 17.00
89	 121	 122	 19.00
90	 91	 193	 22.00
90	 122	 211	 18.00
91	 92	 262	 18.00
91	 123	 230	 21.00
92	 93	 237	 18.00
92	 124	 258	 22.00
93	 94	 205	 24.00
93	 125	 267	 22.00
94	 95	 160	 17.00
94	 126	 239	 23.00
95	 127	 236	 19.00
96	 97	 173	 18.00
96	 128	 157	 21.00
97	 98	 156	 16.00
97	 129	 155	 21.00
98	 99	 212	 18.00
98	 130	 234	 24.00
99	 100	 175	 16.00
99	 131	 139	 23.00
100	 101	 244	 19.00
100	 132	 131	 18.00
101	 102	 247	 18.00
101	 133	 275	 24.00
102	 103	 242	 19.00
102	 134	 207	 17.00
103	 104	 259	 23.00
103	 135	 243	 23.00
104	 105	 201	 16.00
104	 136	 160	 18.00
105	 106	 128	 24.00
105	 137	 247	 19.00
106	 107	 228	 20.00
106	 138	 180	 23.00
107	 108	 271	 21.00
107	 139	 196	 16.00
108	 109	 254	 18.00
108	 140	 231	 20.00
109	 110	 126	 18.00
109	 141	 157	 19.00
110	 111	 138	 24.00
110	 142	 160	 24.00
111	 112	 146	 18.00
111	 143	 146	 18.00
112	 113	 208	 22.00
112	 144	 128	 22.00
113	 114	 132	 16.00
113	 145	 238	 22.00
114	 115	 160	 19.00
114	 146	 138	 18.00
115	 116	 239	 22.00
115	 147	 165	 23.00
116	 117	 130	 18.00
116	 148	 231	 19.00
117	 118	 184	 19.00
117	 149	 231	 20.00
118	 119	 143	 16.00
118	 150	 147	 18.00
119	 120	 219	 22.00
119	 151	 240	 20.00
120	 121	 216	 23.00
120	 152	 133	 20.00
121	 122	 174	 19.00
121	 153	 145	 22.00
122	 123	 225	 20.00
122	 154	 260	 19.00
123	 124	 162	 22.00
123	 155	 254	 20.00
124	 125	 191	 24.00
124	 156	 253	 17.00
125	 126	 143	 23.00
125	 157	 225	 23.00
126	 127	 268	 20.00
126	 158	 175	 22.00
127	 159	 162	 23.00
128	 129	 163	 17.00
128	 160	 127	 21.00
129	 130	 198	 21.00
129	 161	 279	 23.00
130	 131	 153	 16.00
130	 162	 225	 18.00
131	 132	 246	 16.00
131	 163	 218	 18.00
132	 133	 189	 19.00
132	 164	 253	 17.00
133	 134	 224	 23.00
133	 165	 247	 16.00
134	 135	 208	 21.00
134	 166	 249	 21.00
135	 136	 120	 21.00
135	 167	 164	 23.00
136	 137	 127	 19.00
136	 168	 233	 17.00
137	 138	 148	 22.00
137	 169	 248	 16.00
138	 139	 188	 17.00
138	 170	 165	 22.00
139	 140	 157	 23.00
139	 171	 121	 19.00
140	 141	 180	 17.00
140	 172	 192	 23.00
141	 142	 183	 24.00
141	 173	 260	 23.00
142	 143	 147	 16.00
142	 174	 128	 24.00
143	 144	 152	 23.00
143	 175	 272	 17.00
144	 145	 255	 18.00
144	 176	 239	 17.00
145	 146	 239	 19.00
145	 177	 138	 20.00
146	 147	 268	 24.00
146	 178	 273	 19.00
147	 148	 178	 24.00
147	 179	 166	 20.00
148	 149	 259	 18.00
148	 180	 187	 24.00
149	 150	 209	 23.00
149	 181	 211	 24.00
150	 151	 171	 19.00
150	 182	 165	 23.00
151	 152	 140	 22.00
151	 183	 221	 23.00
152	 153	 185	 23.00
152	 184	 220	 18.00
153	 154	 213	 20.00
153	 185	 186	 18.00
154	 155	 157	 18.00
154	 186	 121	 22.00
155	 156	 202	 16.00
155	 187	 268	 23.00
156	 157	 232	 23.00
156	 188	 219	 19.00
157	 158	 259	 18.00
157	 189	 224	 22.00
158	 159	 173	 16.00
158	 190	 194	 21.00
159	 191	 247	 20.00
160	 161	 260	 16.00
160	 192	 276	 22.00
161	 162	 244	 23.00
161	 193	 165	 24.00
162	 163	 167	 16.00
162	 194	 267	 17.00
163	 164	 206	 19.00
163	 195	 162	 24.00
164	 165	 270	 17.00
164	 196	 131	 20.00
165	 166	 261	 20.00
165	 197	 244	 21.00
166	 167	 208	 20.00
166	 198	 275	 24.00
167	 168	 185	 19.00
167	 199	 259	 16.00
168	 169	 155	 24.00
168	 200	 238	 20.00
169	 170	 180	 19.00
169	 201	 220	 24.00
170	 171	 275	 16.00
170	 202	 279	 23.00
171	 172	 213	 22.00
171	 203	 273	 20.00
172	 173	 280	 22.00
172	 204	 153	 21.00
173	 174	 184	 19.00
173	 205	 199	 21.00
174	 175	 233	 24.00
174	 206	 203	 20.00
175	 176	 249	 19.00
175	 207	 257	 24.00
176	 177	 195	 17.00
176	 208	 271	 23.00
177	 178	 127	 16.00
177	 209	 153	 22.00
178	 179	 155	 22.00
178	 210	 198	 23.00
179	 180	 123	 24.00
179	 211	 139	 22.00
180	 181	 264	 19.00
180	 212	 250	 21.00
181	 182	 220	 17.00
181	 213	 274	 20.00
182	 183	 248	 23.00
182	 214	 240	 18.00
183	 184	 235	 18.00
183	 215	 255	 17.00
184	 185	 262	 22.00
184	 216	 161	 21.00
185	 186	 156	 17.00
185	 217	 176	 23.00
186	 187	 276	 23.00
186	 218	 182	 21.00
187	 188	 126	 19.00
187	 219	 217	 16.00
188	 189	 277	 22.00
188	 220	 126	 21.00
189	 190	 278	 20.00
189	 221	 166	 18.00
190	 191	 203	 20.00
190	 222	 258	 22.00
191	 223	 124	 19.00
192	 193	 252	 20.00
192	 224	 184	 17.00
193	 194	 178	 24.00
193	 225	 158	 24.00
194	 195	 124	 22.00
194	 226	 163	 16.00
195	 196	 229	 24.00
195	 227	 241	 23.00
196	 197	 262	 22.00
196	 228	 240	 20.00
197	 198	 134	 21.00
197	 229	 157	 20.00
198	 199	 188	 23.00
198	 230	 152	 16.00
199	 200	 135	 22.00
199	 231	 127	 16.00
200	 201	 179	 21.00
200	 232	 138	 19.00
201	 202	 186	 24.00
201	 233	 159	 18.00
202	 203	 127	 16.00
202	 234	 155	 23.00
203	 204	 253	 21.00
203	 235	 140	 22.00
204	 205	 157	 18.00
204	 236	 171	 19.00
205	 206	 132	 18.00
205	 237	 186	 21.00
206	 207	 276	 16.00
206	 238	 162	 18.00
207	 208	 228	 17.00
207	 239	 257	 20.00
208	 209	 265	 20.00
208	 240	 220	 22.00
209	 210	 126	 24.00
209	 241	 159	 16.00
210	 211	 181	 16.00
210	 242	 130	 20.00
211	 212	 245	 21.00
211	 243	 186	 21.00
212	 213	 142	 18.00
212	 244	 262	 23.00
213	 214	 144	 18.00
213	 245	 280	 22.00
214	 215	 169	 20.00
214	 246	 166	 17.00
215	 216	 162	 18.00
215	 247	 195	 23.00
216	 217	 206	 24.00
216	 248	 241	 22.00
217	 218	 262	 20.00
217	 249	 148	 18.00
218	 219	 248	 20.00
218	 250	 231	 20.00
219	 220	 273	 18.00
219	 251	 252	 21.00
220	 221	 178	 24.00
220	 252	 247	 16.00
221	 222	 192	 24.00
221	 253	 174	 17.00
222	 223	 210	 18.00
222	 254	 186	 19.00
223	 255	 211	 17.00
224	 225	 231	 23.00
224	 256	 215	 19.00
225	 226	 250	 22.00
225	 257	 131	 19.00
226	 227	 240	 20.00
226	 258	 235	 21.00
227	 228	 204	 22.00
227	 259	 255	 21.00
228	 229	 173	 17.00
228	 260	 253	 23.00
229	 230	 271	 22.00
229	 261	 129	 20.00
230	 231	 134	 21.00
230	 262	 123	 16.00
231	 232	 262	 20.00
231	 263	 240	 18.00
232	 233	 165	 16.00
232	 264	 152	 23.00
233	 234	 251	 23.00
233	 265	 225	 18.00
234	 235	 135	 21.00
234	 266	 264	 16.00
235	 236	 147	 21.00
235	 267	 241	 20.00
236	 237	 184	 24.00
236	 268	 242	 20.00
237	 238	 178	 22.00
237	 269	 210	 19.00
238	 239	 163	 18.00
238	 270	 244	 20.00
239	 240	 143	 18.00
239	 271	 268	 16.00
240	 241	 239	 20.00
240	 272	 136	 16.00
241	 242	 181	 19.00
241	 273	 235	 16.00
242	 243	 225	 16.00
242	 274	 236	 23.00
243	 244	 246	 16.00
243	 275	 218	 19.00
244	 245	 152	 22.00
244	 276	 214	 24.00
245	 246	 238	 19.00
245	 277	 205	 16.00
246	 247	 172	 20.00
246	 278	 223	 20.00
247	 248	 137	 16.00
247	 279	 239	 21.00
248	 249	 209	 21.00
248	 280	 266	 21.00
249	 250	 142	 20.00
249	 281	 260	 17.00
250	 251	 239	 18.00
250	 282	 267	 17.00
251	 252	 232	 23.00
251	 283	 250	 24.00
252	 253	 256	 22.00
252	 284	 274	 23.00
253	 254	 248	 20.00
253	 285	 123	 17.00
254	 255	 192	 17.00
254	 286	 143	 16.00
255	 287	 270	 17.00
256	 257	 250	 19.00
256	 288	 273	 21.00
257	 258	 182	 18.00
257	 289	 196	 16.00
258	 259	 142	 22.00
258	 290	 135	 20.00
259	 260	 172	 21.00
259	 291	 244	 16.00
260	 261	 153	 20.00
260	 292	 252	 18.00
261	 262	 169	 23.00
261	 293	 263	 18.00
262	 263	 211	 23.00
262	 294	 166	 23.00
263	 264	 206	 19.00
263	 295	 247	 24.00
264	 265	 238	 21.00
264	 296	 215	 18.00
265	 266	 128	 16.00
265	 297	 163	 24.00
266	 267	 126	 16.00
266	 298	 149	 19.00
267	 268	 224	 19.00
267	 299	 121	 18.00
268	 269	 137	 22.00
268	 300	 189	 24.00
269	 270	 244	 20.00
269	 301	 208	 19.00
270	 271	 158	 23.00
270	 302	 166	 16.00
271	 272	 261	 22.00
271	 303	 199	 21.00
272	 273	 217	 20.00
272	 304	 200	 23.00
273	 274	 227	 16.00
273	 305	 128	 23.00
274	 275	 217	 24.00
274	 306	 279	 21.00
275	 276	 155	 18.00
275	 307	 213	 17.00
276	 277	 257	 17.00
276	 308	 176	 18.00
277	 278	 230	 16.00
277	 309	 166	 20.00
278	 279	 195	 19.00
278	 310	 172	 24.00
279	 280	 179	 21.00
279	 311	 279	 18.00
280	 281	 278	 19.00
280	 312	 280	 16.00
281	 282	 149	 19.00
281	 313	 195	 21.00
282	 283	 170	 17.00
282	 314	 155	 24.00
283	 284	 144	 16.00
283	 315	 142	 18.00
284	 285	 166	 18.00
284	 316	 141	 16.00
285	 286	 228	 19.00
285	 317	 255	 20.00
286	 287	 175	 16.00
286	 318	 129	 18.00
287	 319	 201	 21.00
288	 289	 166	 24.00
288	 320	 267	 21.00
289	 290	 175	 22.00
289	 321	 181	 23.00
290	 291	 167	 22.00
290	 322	 230	 19.00
291	 292	 120	 21.00
291	 323	 248	 22.00
292	 293	 137	 24.00
292	 324	 226	 19.00
293	 294	 148	 22.00
293	 325	 133	 23.00
294	 295	 125	 22.00
294	 326	 159	 17.00
295	 296	 208	 22.00
295	 327	 276	 21.00
296	 297	 205	 19.00
296	 328	 193	 16.00
297	 298	 129	 19.00
297	 329	 230	 20.00
298	 299	 173	 23.00
298	 330	 228	 16.00
299	 300	 251	 16.00
299	 331	 156	 18.00
300	 301	 260	 23.00
300	 332	 242	 20.00
301	 302	 241	 20.00
301	 333	 274	 24.00
302	 303	 235	 21.00
302	 334	 230	 18.00
303	 304	 234	 23.00
303	 335	 240	 21.00
304	 305	 200	 20.00
304	 336	 215	 20.00
305	 306	 142	 22.00
305	 337	 160	 21.00
306	 307	 214	 18.00
306	 338	 157	 16.00
307	 308	 126	 23.00
307	 339	 164	 18.00
308	 309	 203	 24.00
308	 340	 257	 18.00
309	 310	 269	 23.00
309	 341	 141	 23.00
310	 311	 193	 23.00
310	 342	 141	 18.00
311	 312	 170	 17.00
311	 343	 196	 20.00
312	 313	 205	 16.00
312	 344	 174	 21.00
313	 314	 258	 18.00
313	 345	 214	 22.00
314	 315	 223	 19.00
314	 346	 248	 16.00
315	 316	 175	 24.00
315	 347	 276	 23.00
316	 317	 151	 20.00
316	 348	 230	 24.00
317	 318	 241	 22.00
317	 349	 144	 23.00
318	 319	 261	 19.00
318	 350	 193	 18.00
319	 351	 195	 16.00
320	 321	 134	 22.00
320	 352	 131	 22.00
321	 322	 158	 24.00
321	 353	 178	 19.00
322	 323	 246	 17.00
322	 354	 224	 19.00
323	 324	 250	 19.00
323	 355	 244	 21.00
324	 325	 213	 22.00
324	 356	 150	 22.00
325	 326	 197	 21.00
325	 357	 120	 21.00
326	 327	 246	 19.00
326	 358	 237	 20.00
327	 328	 142	 17.00
327	 359	 151	 17.00
328	 329	 159	 22.00
328	 360	 242	 23.00
329	 330	 150	 22.00
329	 361	 148	 18.00
330	 331	 162	 23.00
330	 362	 272	 19.00
331	 332	 141	 23.00
331	 363	 160	 21.00
332	 333	 142	 21.00
332	 364	 264	 19.00
333	 334	 280	 23.00
333	 365	 260	 17.00
334	 335	 207	 23.00
334	 366	 254	 18.00
335	 336	 206	 18.00
335	 367	 248	 18.00
336	 337	 170	 24.00
336	 368	 244	 16.00
337	 338	 232	 24.00
337	 369	 228	 20.00
338	 339	 140	 19.00
338	 370	 264	 20.00
339	 340	 155	 17.00
339	 371	 214	 19.00
340	 341	 185	 20.00
340	 372	 248	 20.00
341	 342	 262	 23.00
341	 373	 275	 20.00
342	 343	 229	 16.00
342	 374	 226	 23.00
343	 344	 125	 17.00
343	 375	 208	 23.00
344	 345	 263	 18.00
344	 376	 260	 20.00
345	 346	 229	 22.00
345	 377	 139	 20.00
346	 347	 164	 16.00
346	 378	 125	 19.00
347	 348	 263	 21.00
347	 379	 265	 17.00
348	 349	 254	 18.00
348	 380	 198	 23.00
349	 350	 258	 19.00
349	 381	 228	 18.00
350	 351	 226	 22.00
350	 382	 165	 23.00
351	 383	 205	 18.00
352	 353	 193	 22.00
352	 384	 178	 19.00
353	 354	 198	 20.00
353	 385	 214	 22.00
354	 355	 209	 17.00
354	 386	 168	 24.00
355	 356	 197	 19.00
355	 387	 209	 16.00
356	 357	 228	 17.00
356	 388	 143	 20.00
357	 358	 153	 17.00
357	 389	 129	 19.00
358	 359	 162	 19.00
358	 390	 232	 24.00
359	 360	 262	 18.00
359	 391	 252	 19.00
360	 361	 272	 24.00
360	 392	 253	 20.00
361	 362	 221	 18.00
361	 393	 166	 20.00
362	 363	 197	 21.00
362	 394	 120	 19.00
363	 364	 275	 24.00
363	 395	 203	 16.00
364	 365	 163	 23.00
364	 396	 173	 17.00
365	 366	 240	 24.00
365	 397	 230	 23.00
366	 367	 256	 17.00
366	 398	 239	 23.00
367	 368	 162	 22.00
367	 399	 170	 19.00
368	 369	 258	 18.00
368	 400	 209	 22.00
369	 370	 192	 24.00
369	 401	 238	 20.00
370	 371	 226	 17.00
370	 402	 279	 22.00
371	 372	 252	 22.00
371	 403	 144	 24.00
372	 373	 186	 22.00
372	 404	 207	 24.00
373	 374	 209	 23.00
373	 405	 252	 23.00
374	 375	 196	 20.00
374	 406	 199	 23.00
375	 376	 164	 24.00
375	 407	 250	 20.00
376	 377	 249	 21.00
376	 408	 141	 21.00
377	 378	 230	 19.00
377	 409	 165	 22.00
378	 379	 171	 18.00
378	 410	 206	 24.00
379	 380	 207	 19.00
379	 411	 233	 19.00
380	 381	 227	 19.00
380	 412	 152	 21.00
381	 382	 227	 16.00
381	 413	 221	 21.00
382	 383	 190	 21.00
382	 414	 180	 17.00
383	 415	 273	 19.00
384	 385	 132	 22.00
384	 416	 242	 20.00
385	 386	 171	 19.00
385	 417	 142	 19.00
386	 387	 167	 22.00
386	 418	 271	 24.00
387	 388	 145	 19.00
387	 419	 223	 19.00
388	 389	 126	 18.00
388	 420	 197	 17.00
389	 390	 195	 24.00
389	 421	 158	 18.00
390	 391	 155	 23.00
390	 422	 278	 24.00
391	 392	 280	 22.00
391	 423	 270	 19.00
392	 393	 271	 21.00
392	 424	 223	 21.00
393	 394	 147	 24.00
393	 425	 248	 23.00
394	 395	 219	 23.00
394	 426	 196	 18.00
395	 396	 227	 20.00
395	 427	 167	 16.00
396	 397	 263	 19.00
396	 428	 140	 18.00
397	 398	 161	 23.00
397	 429	 210	 19.00
398	 399	 223	 23.00
398	 430	 149	 22.00
399	 400	 162	 17.00
399	 431	 267	 20.00
400	 401	 224	 20.00
400	 432	 220	 20.00
401	 402	 272	 24.00
401	 433	 160	 20.00
402	 403	 212	 24.00
402	 434	 138	 16.00
403	 404	 206	 23.00
403	 435	 170	 22.00
404	 405	 132	 24.00
404	 436	 245	 16.00
405	 406	 143	 22.00
405	 437	 270	 23.00
406	 407	 121	 20.00
406	 438	 272	 18.00
407	 408	 172	 20.00
407	 439	 152	 22.00
408	 409	 278	 17.00
408	 440	 174	 19.00
409	 410	 217	 20.00
409	 441	 220	 22.00
410	 411	 123	 22.00
410	 442	 196	 21.00
411	 412	 121	 19.00
411	 443	 130	 21.00
412	 413	 252	 16.00
412	 444	 189	 18.00
413	 414	 205	 20.00
413	 445	 262	 19.00
414	 415	 260	 24.00
414	 446	 215	 17.00
415	 447	 279	 23.00
416	 417	 247	 19.00
416	 448	 154	 20.00
417	 418	 229	 20.00
417	 449	 261	 21.00
418	 419	 154	 18.00
418	 450	 235	 18.00
419	 420	 130	 17.00
419	 451	 211	 23.00
420	 421	 125	 23.00
420	 452	 253	 20.00
421	 422	 277	 18.00
421	 453	 198	 16.00
422	 423	 122	 16.00
422	 454	 244	 24.00
423	 424	 156	 24.00
423	 455	 263	 18.00
424	 425	 158	 20.00
424	 456	 121	 19.00
425	 426	 121	 18.00
425	 457	 163	 23.00
426	 427	 269	 19.00
426	 458	 194	 22.00
427	 428	 146	 23.00
427	 459	 262	 20.00
428	 429	 176	 18.00
428	 460	 261	 19.00
429	 430	 217	 23.00
429	 461	 179	 21.00
430	 431	 196	 24.00
430	 462	 238	 23.00
431	 432	 262	 17.00
431	 463	 172	 18.00
432	 433	 144	 16.00
432	 464	 139	 16.00
433	 434	 184	 22.00
433	 465	 186	 18.00
434	 435	 161	 21.00
434	 466	 209	 19.00
435	 436	 203	 22.00
435	 467	 194	 19.00
436	 437	 241	 24.00
436	 468	 221	 23.00
437	 438	 193	 23.00
437	 469	 151	 18.00
438	 439	 214	 20.00
438	 470	 161	 16.00
439	 440	 192	 23.00
439	 471	 175	 22.00
440	 441	 258	 23.00
440	 472	 236	 22.00
441	 442	 195	 23.00
441	 473	 167	 24.00
442	 443	 168	 22.00
442	 474	 235	 23.00
443	 444	 217	 23.00
443	 475	 191	 24.00
444	 445	 202	 21.00
444	 476	 165	 20.00
445	 446	 275	 22.00
445	 477	 166	 23.00
446	 447	 247	 21.00
446	 478	 182	 17.00
447	 479	 221	 19.00
448	 449	 161	 24.00
448	 480	 232	 21.00
449	 450	 201	 24.00
449	 481	 121	 19.00
450	 451	 125	 17.00
450	 482	 173	 18.00
451	 452	 149	 20.00
451	 483	 263	 17.00
452	 453	 233	 24.00
452	 484	 133	 17.00
453	 454	 126	 18.00
453	 485	 186	 20.00
454	 455	 151	 20.00
454	 486	 218	 22.00
455	 456	 128	 23.00
455	 487	 198	 20.00
456	 457	 219	 16.00
456	 488	 233	 16.00
457	 458	 226	 19.00
457	 489	 253	 21.00
458	 459	 127	 17.00
458	 490	 136	 17.00
459	 460	 231	 18.00
459	 491	 221	 18.00
460	 461	 272	 22.00
460	 492	 127	 16.00
461	 462	 120	 24.00
461	 493	 198	 18.00
462	 463	 142	 18.00
462	 494	 144	 19.00
463	 464	 159	 16.00
463	 495	 202	 23.00
464	 465	 219	 22.00
464	 496	 271	 24.00
465	 466	 245	 22.00
465	 497	 276	 22.00
466	 467	 195	 23.00
466	 498	 142	 17.00
467	 468	 275	 17.00
467	 499	 189	 17.00
468	 469	 202	 20.00
468	 500	 202	 24.00
469	 470	 258	 17.00
469	 501	 157	 24.00
470	 471	 222	 23.00
470	 502	 149	 24.00
471	 472	 191	 21.00
471	 503	 198	 22.00
472	 473	 168	 22.00
472	 504	 137	 20.00
473	 474	 130	 23.00
473	 505	 266	 22.00
474	 475	 141	 21.00
474	 506	 267	 19.00
475	 476	 232	 17.00
475	 507	 161	 17.00
476	 477	 206	 17.00
476	 508	 245	 16.00
477	 478	 160	 24.00
477	 509	 121	 19.00
478	 479	 192	 21.00
478	 510	 206	 24.00
479	 511	 205	 23.00
480	 481	 211	 17.00
480	 512	 261	 23.00
481	 482	 212	 19.00
481	 513	 131	 16.00
482	 483	 279	 24.00
482	 514	 150	 21.00
483	 484	 219	 18.00
483	 515	 127	 21.00
484	 485	 124	 17.00
484	 516	 172	 23.00
485	 486	 231	 16.00
485	 517	 235	 21.00
486	 487	 213	 18.00
486	 518	 202	 18.00
487	 488	 155	 17.00
487	 519	 271	 24.00
488	 489	 246	 24.00
488	 520	 173	 17.00
489	 490	 157	 22.00
489	 521	 271	 18.00
490	 491	 177	 17.00
490	 522	 276	 22.00
491	 492	 126	 23.00
491	 523	 224	 23.00
492	 493	 179	 17.00
492	 524	 122	 23.00
493	 494	 239	 24.00
493	 525	 188	 18.00
494	 495	 124	 19.00
494	 526	 123	 22.00
495	 496	 161	 24.00
495	 527	 213	 20.00
496	 497	 207	 23.00
496	 528	 256	 22.00
497	 498	 138	 22.00
497	 529	 161	 17.00
498	 499	 130	 18.00
498	 530	 203	 19.00
499	 500	 123	 19.00
499	 531	 152	 19.00
500	 501	 259	 23.00
500	 532	 183	 22.00
501	 502	 206	 24.00
501	 533	 184	 22.00
502	 503	 178	 17.00
502	 534	 192	 18.00
503	 504	 173	 19.00
503	 535	 255	 17.00
504	 505	 131	 24.00
504	 536	 178	 23.00
505	 506	 264	 20.00
505	 537	 215	 17.00
506	 507	 201	 23.00
506	 538	 222	 21.00
507	 508	 130	 20.00
507	 539	 170	 16.00
508	 509	 192	 24.00
508	 540	 202	 17.00
509	 510	 243	 18.00
509	 541	 237	 17.00
510	 511	 258	 17.00
510	 542	 273	 20.00
511	 543	 244	 17.00
512	 513	 136	 22.00
512	 544	 273	 16.00
513	 514	 130	 17.00
513	 545	 247	 18.00
514	 515	 120	 16.00
514	 546	 187	 16.00
515	 516	 183	 16.00
515	 547	 164	 20.00
516	 517	 213	 21.00
516	 548	 188	 19.00
517	 518	 223	 16.00
517	 549	 158	 23.00
518	 519	 198	 23.00
518	 550	 161	 21.00
519	 520	 266	 19.00
519	 551	 191	 19.00
520	 521	 235	 17.00
520	 552	 228	 19.00
521	 522	 248	 17.00
521	 553	 152	 23.00
522	 523	 199	 21.00
522	 554	 264	 23.00
523	 524	 124	 20.00
523	 555	 176	 21.00
524	 525	 142	 18.00
524	 556	 182	 20.00
525	 526	 169	 24.00
525	 557	 261	 19.00
526	 527	 227	 19.00
526	 558	 206	 24.00
527	 528	 280	 16.00
527	 559	 184	 20.00
528	 529	 123	 20.00
528	 560	 206	 19.00
529	 530	 242	 22.00
529	 561	 138	 23.00
530	 531	 141	 16.00
530	 562	 279	 16.00
531	 532	 207	 23.00
531	 563	 136	 17.00
532	 533	 209	 16.00
532	 564	 178	 22.00
533	 534	 248	 20.00
533	 565	 154	 23.00
534	 535	 245	 17.00
534	 566	 221	 17.00
535	 536	 211	 18.00
535	 567	 157	 19.00
536	 537	 257	 24.00
536	 568	 240	 23.00
537	 538	 165	 21.00
537	 569	 131	 18.00
538	 539	 187	 18.00
538	 570	 194	 17.00
539	 540	 238	 21.00
539	 571	 272	 17.00
540	 541	 266	 20.00
540	 572	 152	 21.00
541	 542	 130	 20.00
541	 573	 180	 24.00
542	 543	 259	 24.00
542	 574	 170	 22.00
543	 575	 161	 23.00
544	 545	 224	 20.00
544	 576	 278	 17.00
545	 546	 249	 18.00
545	 577	 279	 17.00
546	 547	 245	 22.00
546	 578	 254	 24.00
547	 548	 122	 17.00
547	 579	 126	 19.00
548	 549	 190	 22.00
548	 580	 236	 22.00
549	 550	 137	 16.00
549	 581	 253	 23.00
550	 551	 218	 17.00
550	 582	 262	 23.00
551	 552	 231	 16.00
551	 583	 178	 21.00
552	 553	 122	 18.00
552	 584	 159	 21.00
553	 554	 145	 18.00
553	 585	 156	 19.00
554	 555	 209	 23.00
554	 586	 178	 17.00
555	 556	 159	 19.00
555	 587	 142	 18.00
556	 557	 232	 21.00
556	 588	 127	 24.00
557	 558	 235	 22.00
557	 589	 129	 22.00
558	 559	 251	 16.00
558	 590	 254	 22.00
559	 560	 239	 21.00
559	 591	 121	 24.00
560	 561	 159	 17.00
560	 592	 266	 24.00
561	 562	 125	 24.00
561	 593	 128	 16.00
562	 563	 169	 24.00
562	 594	 193	 24.00
563	 564	 120	 16.00
563	 595	 207	 23.00
564	 565	 279	 22.00
564	 596	 262	 20.00
565	 566	 188	 18.00
565	 597	 272	 16.00
566	 567	 266	 16.00
566	 598	 143	 24.00
567	 568	 252	 23.00
567	 599	 277	 24.00
568	 569	 273	 18.00
568	 600	 158	 17.00
569	 570	 206	 24.00
569	 601	 241	 19.00
570	 571	 129	 18.00
570	 602	 137	 24.00
571	 572	 132	 16.00
571	 603	 263	 21.00
572	 573	 148	 21.00
572	 604	 166	 21.00
573	 574	 120	 16.00
573	 605	 187	 22.00
574	 575	 277	 19.00
574	 606	 236	 23.00
575	 607	 218	 21.00
576	 577	 252	 16.00
576	 608	 166	 24.00
577	 578	 201	 18.00
577	 609	 227	 24.00
578	 579	 185	 17.00
578	 610	 190	 20.00
579	 580	 150	 16.00
579	 611	 142	 19.00
580	 581	 215	 20.00
580	 612	 157	 17.00
581	 582	 156	 18.00
581	 613	 144	 21.00
582	 583	 138	 22.00
582	 614	 159	 20.00
583	 584	 130	 24.00
583	 615	 229	 21.00
584	 585	 174	 24.00
584	 616	 197	 17.00
585	 586	 261	 20.00
585	 617	 238	 22.00
586	 587	 248	 19.00
586	 618	 228	 19.00
587	 588	 140	 20.00
587	 619	 139	 22.00
588	 589	 169	 16.00
588	 620	 154	 22.00
589	 590	 224	 23.00
589	 621	 263	 24.00
590	 591	 273	 18.00
590	 622	 194	 18.00
591	 592	 125	 24.00
591	 623	 188	 17.00
592	 593	 202	 18.00
592	 624	 278	 23.00
593	 594	 138	 18.00
593	 625	 279	 22.00
594	 595	 186	 17.00
594	 626	 138	 19.00
595	 596	 258	 21.00
595	 627	 262	 23.00
596	 597	 267	 23.00
596	 628	 176	 23.00
597	 598	 206	 22.00
597	 629	 129	 22.00
598	 599	 130	 24.00
598	 630	 127	 24.00
599	 600	 200	 23.00
599	 631	 149	 23.00
600	 601	 142	 16.00
600	 632	 155	 24.00
601	 602	 268	 24.00
601	 633	 192	 17.00
602	 603	 120	 19.00
602	 634	 241	 16.00
603	 604	 159	 21.00
603	 635	 142	 20.00
604	 605	 210	 21.00
604	 636	 185	 22.00
605	 606	 172	 20.00
605	 637	 269	 22.00
606	 607	 164	 23.00
606	 638	 205	 19.00
607	 639	 183	 20.00
608	 609	 123	 16.00
608	 640	 222	 17.00
609	 610	 179	 20.00
609	 641	 275	 18.00
610	 611	 201	 21.00
610	 642	 207	 22.00
611	 612	 218	 22.00
611	 643	 140	 18.00
612	 613	 196	 18.00
612	 644	 127	 17.00
613	 614	 250	 22.00
613	 645	 273	 16.00
614	 615	 212	 17.00
614	 646	 234	 24.00
615	 616	 202	 19.00
615	 647	 207	 16.00
616	 617	 195	 23.00
616	 648	 244	 17.00
617	 618	 210	 23.00
617	 649	 188	 16.00
618	 619	 198	 16.00
618	 650	 160	 19.00
619	 620	 270	 16.00
619	 651	 187	 18.00
620	 621	 169	 18.00
620	 652	 277	 21.00
621	 622	 212	 24.00
621	 653	 251	 16.00
622	 623	 270	 22.00
622	 654	 232	 16.00
623	 624	 236	 23.00
623	 655	 170	 23.00
624	 625	 264	 21.00
624	 656	 198	 16.00
625	 626	 232	 22.00
625	 657	 192	 19.00
626	 627	 199	 23.00
626	 658	 132	 19.00
627	 628	 192	 21.00
627	 659	 183	 21.00
628	 629	 263	 18.00
628	 660	 148	 18.00
629	 630	 171	 20.00
629	 661	 172	 23.00
630	 631	 176	 20.00
630	 662	 171	 19.00
631	 632	 206	 18.00
631	 663	 120	 20.00
632	 633	 200	 16.00
632	 664	 278	 20.00
633	 634	 147	 21.00
633	 665	 227	 19.00
634	 635	 203	 24.00
634	 666	 151	 17.00
635	 636	 207	 17.00
635	 667	 185	 17.00
636	 637	 190	 18.00
636	 668	 153	 19.00
637	 638	 170	 19.00
637	 669	 255	 19.00
638	 639	 194	 24.00
638	 670	 256	 20.00
639	 671	 176	 18.00
640	 641	 194	 20.00
640	 672	 255	 20.00
641	 642	 222	 18.00
641	 673	 122	 16.00
642	 643	 240	 17.00
642	 674	 183	 18.00
643	 644	 209	 16.00
643	 675	 246	 18.00
644	 645	 163	 17.00
644	 676	 180	 22.00
645	 646	 171	 18.00
645	 677	 177	 20.00
646	 647	 237	 18.00
646	 678	 174	 24.00
647	 648	 172	 17.00
647	 679	 246	 19.00
648	 649	 275	 21.00
648	 680	 179	 21.00
649	 650	 223	 17.00
649	 681	 182	 18.00
650	 651	 156	 19.00
650	 682	 263	 21.00
651	 652	 243	 24.00
651	 683	 241	 18.00
652	 653	 241	 16.00
652	 684	 138	 17.00
653	 654	 135	 16.00
653	 685	 266	 19.00
654	 655	 178	 24.00
654	 686	 260	 16.00
655	 656	 126	 21.00
655	 687	 198	 24.00
656	 657	 168	 24.00
656	 688	 262	 18.00
657	 658	 185	 16.00
657	 689	 128	 21.00
658	 659	 237	 21.00
658	 690	 123	 22.00
659	 660	 238	 16.00
659	 691	 143	 19.00
660	 661	 146	 20.00
660	 692	 174	 16.00
661	 662	 160	 17.00
661	 693	 210	 24.00
662	 663	 130	 16.00
662	 694	 161	 21.00
663	 664	 194	 23.00
663	 695	 240	 18.00
664	 665	 157	 20.00
664	 696	 124	 17.00
665	 666	 200	 19.00
665	 697	 187	 16.00
666	 667	 258	 20.00
666	 698	 241	 20.00
667	 668	 133	 17.00
667	 699	 256	 17.00
668	 669	 157	 24.00
668	 700	 230	 17.00
669	 670	 166	 23.00
669	 701	 199	 23.00
670	 671	 222	 20.00
670	 702	 146	 24.00
671	 703	 178	 24.00
672	 673	 268	 20.00
672	 704	 202	 20.00
673	 674	 174	 23.00
673	 705	 248	 24.00
674	 675	 265	 23.00
674	 706	 143	 17.00
675	 676	 176	 17.00
675	 707	 228	 21.00
676	 677	 164	 20.00
676	 708	 153	 19.00
677	 678	 128	 18.00
677	 709	 270	 23.00
678	 679	 196	 19.00
678	 710	 186	 18.00
679	 680	 203	 19.00
679	 711	 232	 21.00
680	 681	 124	 23.00
680	 712	 180	 20.00
681	 682	 221	 21.00
681	 713	 187	 24.00
682	 683	 137	 21.00
682	 714	 219	 21.00
683	 684	 276	 20.00
683	 715	 133	 17.00
684	 685	 202	 19.00
684	 716	 169	 22.00
685	 686	 163	 24.00
685	 717	 222	 24.00
686	 687	 262	 24.00
686	 718	 145	 20.00
687	 688	 149	 17.00
687	 719	 227	 18.00
688	 689	 227	 18.00
688	 720	 129	 24.00
689	 690	 232	 18.00
689	 721	 227	 17.00
690	 691	 158	 21.00
690	 722	 176	 24.00
691	 692	 141	 22.00
691	 723	 218	 23.00
692	 693	 147	 17.00
692	 724	 240	 17.00
693	 694	 195	 16.00
693	 725	 218	 18.00
694	 695	 154	 17.00
694	 726	 220	 20.00
695	 696	 256	 18.00
695	 727	 234	 22.00
696	 697	 213	 22.00
696	 728	 158	 20.00
697	 698	 133	 23.00
697	 729	 219	 17.00
698	 699	 219	 19.00
698	 730	 171	 22.00
699	 700	 233	 16.00
699	 731	 178	 21.00
700	 701	 211	 19.00
700	 732	 242	 23.00
701	 702	 152	 24.00
701	 733	 162	 22.00
702	 703	 143	 23.00
702	 734	 138	 23.00
703	 735	 203	 23.00
704	 705	 203	 23.00
704	 736	 210	 23.00
705	 706	 137	 18.00
705	 737	 241	 22.00
706	 707	 214	 19.00
706	 738	 221	 21.00
707	 708	 201	 19.00
707	 739	 259	 23.00
708	 709	 139	 23.00
708	 740	 126	 23.00
709	 710	 277	 20.00
709	 741	 250	 16.00
710	 711	 168	 23.00
710	 742	 170	 19.00
711	 712	 253	 16.00
711	 743	 142	 22.00
712	 713	 196	 21.00
712	 744	 216	 20.00
713	 714	 260	 16.00
713	 745	 127	 23.00
714	 715	 208	 16.00
714	 746	 257	 24.00
715	 716	 273	 22.00
715	 747	 164	 17.00
716	 717	 181	 21.00
716	 748	 223	 19.00
717	 718	 215	 21.00
717	 749	 132	 20.00
718	 719	 131	 20.00
718	 750	 137	 23.00
719	 720	 121	 16.00
719	 751	 273	 20.00
720	 721	 242	 19.00
720	 752	 144	 19.00
721	 722	 145	 18.00
721	 753	 215	 19.00
722	 723	 169	 20.00
722	 754	 259	 23.00
723	 724	 131	 20.00
723	 755	 254	 24.00
724	 725	 268	 23.00
724	 756	 262	 19.00
725	 726	 236	 24.00
725	 757	 131	 24.00
726	 727	 234	 23.00
726	 758	 272	 23.00
727	 728	 175	 19.00
727	 759	 220	 17.00
728	 729	 159	 19.00
728	 760	 193	 24.00
729	 730	 140	 18.00
729	 761	 266	 17.00
730	 731	 257	 16.00
730	 762	 190	 20.00
731	 732	 258	 24.00
731	 763	 257	 24.00
732	 733	 161	 16.00
732	 764	 132	 20.00
733	 734	 212	 20.00
733	 765	 159	 17.00
734	 735	 139	 18.00
734	 766	 262	 22.00
735	 767	 211	 21.00
736	 737	 131	 17.00
736	 768	 121	 18.00
737	 738	 241	 21.00
737	 769	 264	 18.00
738	 739	 270	 16.00
738	 770	 270	 18.00
739	 740	 268	 21.00
739	 771	 230	 24.00
740	 741	 122	 19.00
740	 772	 216	 16.00
741	 742	 193	 24.00
741	 773	 232	 17.00
742	 743	 188	 19.00
742	 774	 259	 23.00
743	 744	 128	 22.00
743	 775	 169	 23.00
744	 745	 153	 16.00
744	 776	 271	 21.00
745	 746	 261	 22.00
745	 777	 127	 18.00
746	 747	 259	 22.00
746	 778	 277	 23.00
747	 748	 166	 16.00
747	 779	 126	 16.00
748	 749	 168	 21.00
748	 780	 184	 22.00
749	 750	 201	 19.00
749	 781	 235	 20.00
750	 751	 164	 20.00
750	 782	 171	 19.00
751	 752	 244	 23.00
751	 783	 163	 19.00
752	 753	 150	 17.00
752	 784	 214	 19.00
753	 754	 257	 21.00
753	 785	 157	 23.00
754	 755	 252	 17.00
754	 786	 239	 22.00
755	 756	 131	 16.00
755	 787	 166	 21.00
756	 757	 145	 21.00
756	 788	 180	 22.00
757	 758	 237	 21.00
757	 789	 151	 21.00
758	 759	 260	 19.00
758	 790	 206	 19.00
759	 760	 262	 20.00
759	 791	 211	 23.00
760	 761	 216	 17.00
760	 792	 165	 18.00
761	 762	 242	 19.00
761	 793	 196	 17.00
762	 763	 167	 20.00
762	 794	 218	 24.00
763	 764	 122	 22.00
763	 795	 252	 19.00
764	 765	 242	 19.00
764	 796	 194	 22.00
765	 766	 163	 24.00
765	 797	 160	 18.00
766	 767	 214	 23.00
766	 798	 247	 16.00
767	 799	 178	 17.00
768	 769	 172	 24.00
768	 800	 179	 24.00
769	 770	 214	 22.00
769	 801	 251	 18.00
770	 771	 182	 18.00
770	 802	 133	 20.00
771	 772	 168	 20.00
771	 803	 259	 22.00
772	 773	 202	 16.00
772	 804	 242	 16.00
773	 774	 171	 22.00
773	 805	 186	 19.00
774	 775	 270	 16.00
774	 806	 146	 20.00
775	 776	 144	 24.00
775	 807	 255	 18.00
776	 777	 152	 21.00
776	 808	 240	 22.00
777	 778	 160	 24.00
777	 809	 167	 16.00
778	 779	 279	 20.00
778	 810	 259	 18.00
779	 780	 153	 16.00
779	 811	 207	 17.00
780	 781	 239	 21.00
780	 812	 137	 19.00
781	 782	 256	 24.00
781	 813	 121	 23.00
782	 783	 160	 24.00
782	 814	 232	 22.00
783	 784	 181	 21.00
783	 815	 198	 24.00
784	 785	 240	 23.00
784	 816	 182	 22.00
785	 786	 172	 20.00
785	 817	 226	 22.00
786	 787	 249	 18.00
786	 818	 232	 19.00
787	 788	 273	 22.00
787	 819	 127	 21.00
788	 789	 251	 18.00
788	 820	 137	 16.00
789	 790	 150	 20.00
789	 821	 206	 18.00
790	 791	 239	 24.00
790	 822	 234	 19.00
791	 792	 123	 16.00
791	 823	 147	 21.00
792	 793	 213	 23.00
792	 824	 170	 22.00
793	 794	 127	 22.00
793	 825	 267	 24.00
794	 795	 183	 17.00
794	 826	 199	 24.00
795	 796	 185	 21.00
795	 827	 123	 22.00
796	 797	 133	 17.00
796	 828	 190	 23.00
797	 798	 152	 16.00
797	 829	 214	 18.00
798	 799	 189	 17.00
798	 830	 198	 21.00
799	 831	 238	 16.00
800	 801	 160	 18.00
800	 832	 162	 16.00
801	 802	 180	 20.00
801	 833	 187	 23.00
802	 803	 148	 20.00
802	 834	 155	 23.00
803	 804	 200	 23.00
803	 835	 228	 17.00
804	 805	 223	 16.00
804	 836	 170	 23.00
805	 806	 148	 17.00
805	 837	 202	 17.00
806	 807	 251	 20.00
806	 838	 249	 23.00
807	 808	 163	 23.00
807	 839	 134	 24.00
808	 809	 165	 24.00
808	 840	 171	 22.00
809	 810	 245	 17.00
809	 841	 222	 17.00
810	 811	 240	 16.00
810	 842	 243	 19.00
811	 812	 255	 18.00
811	 843	 224	 20.00
812	 813	 167	 16.00
812	 844	 177	 22.00
813	 814	 227	 21.00
813	 845	 270	 20.00
814	 815	 214	 21.00
814	 846	 170	 22.00
815	 816	 131	 16.00
815	 847	 157	 24.00
816	 817	 190	 20.00
816	 848	 170	 22.00
817	 818	 136	 16.00
817	 849	 151	 18.00
818	 819	 273	 16.00
818	 850	 125	 24.00
819	 820	 120	 17.00
819	 851	 259	 21.00
820	 821	 184	 18.00
820	 852	 195	 21.00
821	 822	 235	 20.00
821	 853	 128	 24.00
822	 823	 240	 24.00
822	 854	 195	 19.00
823	 824	 170	 21.00
823	 855	 219	 20.00
824	 825	 271	 22.00
824	 856	 245	 22.00
825	 826	 248	 16.00
825	 857	 157	 18.00
826	 827	 242	 22.00
826	 858	 192	 21.00
827	 828	 166	 24.00
827	 859	 222	 24.00
828	 829	 128	 21.00
828	 860	 267	 20.00
829	 830	 189	 18.00
829	 861	 232	 21.00
830	 831	 259	 24.00
830	 862	 229	 20.00
831	 863	 162	 17.00
832	 833	 272	 18.00
832	 864	 146	 18.00
833	 834	 228	 23.00
833	 865	 146	 18.00
834	 835	 237	 20.00
834	 866	 162	 23.00
835	 836	 192	 22.00
835	 867	 192	 24.00
836	 837	 127	 23.00
836	 868	 260	 21.00
837	 838	 191	 18.00
837	 869	 241	 24.00
838	 839	 175	 22.00
838	 870	 211	 23.00
839	 840	 260	 17.00
839	 871	 130	 18.00
840	 841	 219	 24.00
840	 872	 134	 24.00
841	 842	 204	 17.00
841	 873	 256	 20.00
842	 843	 172	 20.00
842	 874	 218	 17.00
843	 844	 196	 23.00
843	 875	 126	 18.00
844	 845	 167	 16.00
844	 876	 228	 16.00
845	 846	 164	 19.00
845	 877	 129	 21.00
846	 847	 179	 23.00
846	 878	 216	 24.00
847	 848	 120	 20.00
847	 879	 233	 16.00
848	 849	 166	 19.00
848	 880	 159	 18.00
849	 850	 169	 23.00
849	 881	 174	 22.00
850	 851	 262	 17.00
850	 882	 146	 16.00
851	 852	 191	 22.00
851	 883	 269	 22.00
852	 853	 197	 16.00
852	 884	 172	 17.00
853	 854	 223	 23.00
853	 885	 203	 18.00
854	 855	 152	 16.00
854	 886	 161	 17.00
855	 856	 188	 21.00
855	 887	 279	 22.00
856	 857	 172	 23.00
856	 888	 182	 20.00
857	 858	 192	 21.00
857	 889	 130	 18.00
858	 859	 215	 16.00
858	 890	 162	 21.00
859	 860	 156	 18.00
859	 891	 195	 21.00
860	 861	 253	 24.00
860	 892	 169	 20.00
861	 862	 236	 20.00
861	 893	 157	 17.00
862	 863	 139	 21.00
862	 894	 130	 21.00
863	 895	 128	 17.00
864	 865	 145	 21.00
864	 896	 175	 20.00
865	 866	 165	 16.00
865	 897	 186	 22.00
866	 867	 156	 18.00
866	 898	 239	 20.00
867	 868	 191	 20.00
867	 899	 232	 19.00
868	 869	 157	 19.00
868	 900	 165	 22.00
869	 870	 238	 19.00
869	 901	 233	 23.00
870	 871	 126	 20.00
870	 902	 135	 24.00
871	 872	 211	 16.00
871	 903	 237	 21.00
872	 873	 248	 20.00
872	 904	 234	 21.00
873	 874	 177	 18.00
873	 905	 223	 16.00
874	 875	 191	 23.00
874	 906	 120	 20.00
875	 876	 171	 24.00
875	 907	 154	 18.00
876	 877	 159	 17.00
876	 908	 139	 21.00
877	 878	 174	 24.00
877	 909	 245	 21.00
878	 879	 166	 21.00
878	 910	 254	 18.00
879	 880	 273	 20.00
879	 911	 255	 22.00
880	 881	 172	 21.00
880	 912	 204	 23.00
881	 882	 135	 18.00
881	 913	 121	 21.00
882	 883	 225	 22.00
882	 914	 145	 19.00
883	 884	 225	 19.00
883	 915	 142	 18.00
884	 885	 257	 18.00
884	 916	 160	 24.00
885	 886	 265	 17.00
885	 917	 135	 16.00
886	 887	 207	 23.00
886	 918	 172	 21.00
887	 888	 274	 19.00
887	 919	 150	 19.00
888	 889	 195	 21.00
888	 920	 131	 24.00
889	 890	 224	 16.00
889	 921	 194	 19.00
890	 891	 140	 24.00
890	 922	 243	 22.00
891	 892	 162	 22.00
891	 923	 168	 22.00
892	 893	 164	 21.00
892	 924	 181	 19.00
893	 894	 183	 20.00
893	 925	 247	 17.00
894	 895	 257	 21.00
894	 926	 231	 19.00
895	 927	 209	 21.00
896	 897	 140	 21.00
896	 928	 274	 19.00
897	 898	 268	 21.00
897	 929	 241	 21.00
898	 899	 253	 22.00
898	 930	 222	 16.00
899	 900	 229	 16.00
899	 931	 136	 19.00
900	 901	 199	 21.00
900	 932	 214	 17.00
901	 902	 189	 20.00
901	 933	 257	 18.00
902	 903	 277	 18.00
902	 934	 128	 20.00
903	 904	 186	 17.00
903	 935	 235	 21.00
904	 905	 195	 23.00
904	 936	 159	 20.00
905	 906	 178	 24.00
905	 937	 239	 24.00
906	 907	 120	 22.00
906	 938	 139	 22.00
907	 908	 179	 18.00
907	 939	 242	 24.00
908	 909	 127	 19.00
908	 940	 157	 22.00
909	 910	 207	 18.00
909	 941	 266	 24.00
910	 911	 240	 23.00
910	 942	 257	 24.00
911	 912	 135	 19.00
911	 943	 123	 21.00
912	 913	 193	 17.00
912	 944	 234	 21.00
913	 914	 186	 17.00
913	 945	 216	 21.00
914	 915	 253	 16.00
914	 946	 120	 21.00
915	 916	 147	 20.00
915	 947	 259	 21.00
916	 917	 156	 16.00
916	 948	 276	 19.00
917	 918	 221	 18.00
917	 949	 257	 20.00
918	 919	 156	 20.00
918	 950	 248	 16.00
919	 920	 139	 23.00
919	 951	 243	 18.00
920	 921	 183	 18.00
920	 952	 214	 24.00
921	 922	 255	 20.00
921	 953	 258	 19.00
922	 923	 221	 20.00
922	 954	 207	 17.00
923	 924	 124	 19.00
923	 955	 234	 23.00
924	 925	 245	 23.00
924	 956	 200	 19.00
925	 926	 250	 18.00
925	 957	 201	 19.00
926	 927	 194	 23.00
926	 958	 257	 24.00
927	 959	 146	 21.00
928	 929	 157	 21.00
928	 960	 207	 22.00
929	 930	 269	 19.00
929	 961	 218	 20.00
930	 931	 233	 24.00
930	 962	 239	 23.00
931	 932	 177	 21.00
931	 963	 235	 22.00
932	 933	 150	 23.00
932	 964	 120	 24.00
933	 934	 250	 23.00
933	 965	 264	 16.00
934	 935	 185	 20.00
934	 966	 206	 16.00
935	 936	 250	 24.00
935	 967	 201	 21.00
936	 937	 182	 23.00
936	 968	 144	 19.00
937	 938	 152	 22.00
937	 969	 278	 22.00
938	 939	 189	 23.00
938	 970	 189	 16.00
939	 940	 262	 19.00
939	 971	 149	 20.00
940	 941	 170	 21.00
940	 972	 131	 22.00
941	 942	 163	 22.00
941	 973	 130	 21.00
942	 943	 212	 22.00
942	 974	 279	 16.00
943	 944	 244	 23.00
943	 975	 169	 19.00
944	 945	 243	 16.00
944	 976	 190	 19.00
945	 946	 149	 21.00
945	 977	 185	 16.00
946	 947	 187	 17.00
946	 978	 127	 18.00
947	 948	 194	 19.00
947	 979	 145	 22.00
948	 949	 145	 17.00
948	 980	 240	 24.00
949	 950	 139	 23.00
949	 981	 134	 24.00
950	 951	 246	 16.00
950	 982	 256	 17.00
951	 952	 170	 19.00
951	 983	 258	 24.00
952	 953	 126	 17.00
952	 984	 219	 23.00
953	 954	 207	 21.00
953	 985	 211	 20.00
954	 955	 145	 21.00
954	 986	 167	 16.00
955	 956	 248	 17.00
955	 987	 209	 22.00
956	 957	 194	 19.00
956	 988	 158	 16.00
957	 958	 268	 17.00
957	 989	 203	 19.00
958	 959	 246	 18.00
958	 990	 218	 22.00
959	 991	 159	 21.00
960	 961	 233	 19.00
960	 992	 121	 16.00
961	 962	 259	 24.00
961	 993	 254	 18.00
962	 963	 184	 16.00
962	 994	 164	 17.00
963	 964	 197	 19.00
963	 995	 269	 18.00
964	 965	 215	 22.00
964	 996	 208	 18.00
965	 966	 238	 17.00
965	 997	 147	 18.00
966	 967	 151	 20.00
966	 998	 198	 23.00
967	 968	 247	 18.00
967	 999	 249	 24.00
968	 969	 141	 23.00
968	 1000	 121	 19.00
969	 970	 184	 17.00
969	 1001	 181	 17.00
970	 971	 132	 16.00
970	 1002	 203	 16.00
971	 972	 246	 19.00
971	 1003	 242	 24.00
972	 973	 140	 20.00
972	 1004	 261	 19.00
973	 974	 182	 17.00
973	 1005	 141	 24.00
974	 975	 220	 21.00
974	 1006	 195	 21.00
975	 976	 256	 20.00
975	 1007	 140	 19.00
976	 977	 157	 22.00
976	 1008	 208	 17.00
977	 978	 177	 17.00
977	 1009	 194	 18.00
978	 979	 198	 23.00
978	 1010	 231	 17.00
979	 980	 120	 21.00
979	 1011	 129	 21.00
980	 981	 174	 20.00
980	 1012	 191	 20.00
981	 982	 176	 19.00
981	 1013	 124	 19.00
982	 983	 209	 23.00
982	 1014	 254	 24.00
983	 984	 244	 17.00
983	 1015	 135	 16.00
984	 985	 151	 22.00
984	 1016	 155	 21.00
985	 986	 266	 23.00
985	 1017	 148	 18.00
986	 987	 157	 16.00
986	 1018	 153	 21.00
987	 988	 249	 24.00
987	 1019	 189	 18.00
988	 989	 211	 24.00
988	 1020	 271	 24.00
989	 990	 246	 24.00
989	 1021	 172	 20.00
990	 991	 123	 21.00
990	 1022	 253	 16.00
991	 1023	 202	 21.00
992	 993	 127	 21.00
993	 994	 206	 17.00
994	 995	 160	 19.00
995	 996	 229	 23.00
996	 997	 271	 24.00
997	 998	 240	 18.00
998	 999	 227	 17.00
999	 1000	 259	 21.00
1000	 1001	 181	 19.00
1001	 1002	 197	 20.00
1002	 1003	 218	 18.00
1003	 1004	 250	 22.00
1004	 1005	 190	 17.00
1005	 1006	 237	 21.00
1006	 1007	 249	 21.00
1007	 1008	 122	 23.00
1008	 1009	 222	 17.00
1009	 1010	 279	 18.00
1010	 1011	 273	 16.00
1011	 1012	 164	 20.00
1012	 1013	 222	 20.00
1013	 1014	 213	 22.00
1014	 1015	 149	 20.00
1015	 1016	 187	 22.00
1016	 1017	 243	 21.00
1017	 1018	 265	 21.00
1018	 1019	 177	 16.00
1019	 1020	 205	 16.00
1020	 1021	 216	 16.00
1021	 1022	 230	 18.00
1022	 1023	 236	 20.00
