1024	1984	20	0.30

3	 6	 0
102	 0	 0
218	 -45	 0
305	 -28	 0
434	 -32	 0
506	 -43	 0
599	 -9	 0
703	 -10	 0
781	 -26	 0
943	 -3	 10
1017	 -1	 10
1073	 15	 10
1212	 -21	 10
1331	 4	 10
1428	 15	 10
1524	 27	 10
1615	 -17	 8
1688	 -39	 8
1833	 18	 8
1866	 3	 8
1999	 2	 8
2134	 1	 8
2203	 -12	 8
2319	 -19	 8
2400	 4	 8
2510	 -17	 8
2642	 -6	 3
2690	 4	 3
2778	 -6	 3
2931	 -9	 3
3032	 -3	 3
3099	 -5	 3
-8	 87	 0
99	 89	 0
230	 89	 0
311	 101	 0
372	 96	 0
493	 108	 0
602	 87	 0
693	 108	 0
787	 86	 10
913	 129	 10
1036	 82	 10
1083	 133	 10
1226	 73	 10
1293	 95	 10
1417	 134	 10
1476	 93	 10
1619	 63	 8
1667	 104	 8
1768	 83	 8
1902	 114	 8
1977	 101	 8
2135	 95	 8
2222	 87	 8
2321	 93	 8
2380	 78	 8
2533	 77	 3
2602	 103	 3
2710	 139	 3
2840	 107	 3
2881	 122	 3
3002	 137	 3
3121	 105	 3
15	 214	 0
69	 217	 0
199	 176	 0
321	 194	 0
378	 234	 0
464	 196	 0
601	 219	 0
657	 179	 0
808	 185	 0
923	 216	 10
996	 199	 10
1143	 248	 10
1177	 191	 10
1340	 205	 10
1400	 217	 10
1515	 206	 8
1629	 198	 8
1722	 167	 8
1784	 218	 8
1889	 168	 8
2018	 220	 8
2077	 207	 8
2199	 229	 8
2303	 231	 3
2407	 199	 3
2514	 182	 3
2567	 156	 3
2707	 200	 3
2786	 222	 3
2870	 200	 3
2996	 216	 3
3066	 216	 3
-11	 310	 0
85	 279	 0
226	 296	 0
278	 253	 0
426	 305	 0
533	 291	 0
593	 306	 0
705	 324	 0
793	 347	 0
897	 279	 0
992	 284	 10
1064	 266	 10
1167	 301	 10
1322	 282	 10
1378	 294	 10
1519	 299	 8
1616	 307	 8
1685	 306	 8
1752	 320	 8
1887	 308	 8
1998	 290	 8
2076	 270	 8
2196	 309	 8
2285	 306	 3
2385	 326	 3
2523	 273	 3
2608	 326	 3
2716	 251	 3
2813	 325	 3
2904	 297	 3
3027	 339	 3
3056	 294	 3
-2	 392	 0
104	 422	 0
200	 396	 0
319	 429	 0
422	 388	 0
471	 429	 0
601	 439	 0
700	 394	 0
814	 369	 10
903	 438	 10
984	 440	 10
1101	 415	 10
1208	 396	 10
1312	 361	 10
1355	 395	 10
1492	 398	 10
1580	 370	 10
1704	 368	 8
1768	 378	 8
1916	 420	 8
1996	 413	 8
2112	 417	 8
2198	 381	 8
2318	 436	 3
2398	 376	 3
2519	 386	 3
2608	 370	 3
2685	 370	 3
2796	 421	 3
2897	 387	 3
3039	 400	 3
3103	 445	 3
2	 519	 0
96	 523	 0
195	 461	 0
304	 489	 0
402	 519	 0
514	 472	 0
586	 514	 0
672	 499	 0
802	 485	 0
890	 472	 10
985	 484	 10
1089	 485	 10
1193	 505	 10
1273	 469	 10
1407	 485	 10
1465	 466	 10
1582	 505	 10
1723	 506	 8
1815	 505	 8
1929	 501	 8
2023	 505	 8
2086	 524	 8
2177	 484	 8
2277	 536	 8
2382	 538	 3
2507	 519	 3
2608	 454	 3
2712	 515	 3
2772	 531	 3
2931	 522	 3
2989	 506	 3
3107	 536	 3
-40	 607	 12
103	 629	 0
204	 590	 0
306	 596	 0
379	 601	 0
507	 610	 0
583	 607	 0
731	 605	 0
801	 580	 0
868	 618	 10
1011	 576	 10
1120	 591	 10
1213	 597	 10
1304	 611	 10
1395	 598	 10
1489	 588	 10
1595	 614	 17
1687	 619	 8
1827	 592	 8
1914	 629	 8
1978	 634	 8
2077	 591	 8
2210	 612	 8
2304	 623	 8
2400	 568	 8
2496	 574	 3
2589	 600	 3
2678	 612	 3
2824	 621	 3
2896	 603	 3
3026	 611	 3
3081	 635	 3
25	 703	 12
107	 712	 12
202	 685	 0
307	 701	 0
414	 677	 0
483	 727	 0
599	 657	 12
681	 707	 12
821	 688	 10
882	 710	 10
990	 672	 10
1096	 692	 10
1206	 694	 10
1290	 680	 10
1413	 712	 10
1509	 682	 10
1601	 739	 17
1683	 667	 17
1840	 712	 8
1910	 662	 8
2033	 694	 8
2070	 694	 8
2191	 710	 8
2307	 672	 8
2398	 729	 18
2524	 702	 18
2618	 712	 3
2668	 667	 3
2775	 688	 3
2905	 683	 3
3011	 675	 3
3105	 699	 3
4	 810	 12
150	 772	 12
169	 829	 12
340	 816	 12
443	 809	 0
536	 825	 12
578	 769	 12
719	 776	 12
826	 808	 12
886	 823	 10
956	 820	 10
1144	 823	 10
1238	 816	 10
1345	 832	 10
1412	 789	 10
1495	 816	 14
1594	 780	 14
1673	 795	 17
1815	 782	 8
1908	 812	 14
1983	 827	 8
2093	 827	 8
2191	 802	 8
2296	 839	 18
2364	 757	 18
2491	 820	 5
2625	 788	 3
2685	 789	 3
2780	 805	 3
2900	 805	 3
3002	 831	 3
3085	 782	 3
32	 907	 12
89	 940	 12
196	 895	 12
279	 930	 12
416	 911	 0
531	 899	 12
585	 873	 12
725	 879	 12
792	 857	 12
927	 906	 10
998	 944	 10
1075	 917	 10
1219	 881	 10
1266	 878	 10
1417	 865	 14
1472	 892	 14
1591	 900	 14
1653	 911	 14
1755	 906	 14
1888	 890	 14
1963	 880	 14
2117	 866	 8
2177	 896	 14
2318	 886	 14
2396	 927	 5
2524	 912	 5
2648	 908	 5
2704	 888	 5
2753	 897	 5
2874	 881	 3
2967	 875	 3
3117	 927	 5
2	 1018	 12
95	 1014	 12
228	 997	 12
286	 986	 12
404	 1001	 12
487	 989	 12
627	 994	 12
684	 962	 12
771	 1007	 12
903	 999	 12
1014	 1012	 15
1103	 996	 15
1203	 966	 15
1265	 1023	 15
1412	 993	 14
1461	 1028	 14
1603	 982	 14
1711	 1028	 14
1824	 1013	 14
1886	 1003	 14
1981	 1036	 14
2131	 1007	 14
2207	 982	 14
2287	 1021	 14
2433	 1013	 5
2492	 988	 5
2621	 974	 5
2699	 1003	 5
2797	 1008	 5
2870	 972	 5
3029	 973	 5
3103	 1014	 5
-40	 1088	 12
106	 1059	 12
220	 1096	 12
309	 1083	 12
378	 1096	 12
488	 1101	 12
553	 1085	 12
702	 1112	 12
813	 1080	 12
922	 1132	 15
1019	 1113	 15
1098	 1115	 13
1161	 1087	 13
1315	 1118	 15
1385	 1099	 14
1469	 1085	 14
1618	 1087	 14
1702	 1101	 14
1771	 1140	 14
1909	 1096	 14
2007	 1094	 14
2097	 1081	 14
2181	 1103	 14
2291	 1093	 5
2414	 1119	 5
2514	 1132	 5
2578	 1115	 5
2702	 1125	 5
2796	 1139	 5
2925	 1066	 5
3024	 1068	 5
3082	 1109	 5
19	 1197	 12
113	 1214	 12
175	 1168	 12
281	 1212	 12
415	 1234	 12
517	 1209	 12
581	 1211	 12
691	 1229	 12
811	 1195	 12
918	 1205	 13
996	 1221	 13
1053	 1202	 13
1187	 1200	 13
1295	 1194	 13
1400	 1186	 13
1486	 1199	 13
1634	 1184	 14
1697	 1191	 14
1813	 1212	 14
1872	 1213	 14
1968	 1181	 14
2079	 1188	 14
2168	 1153	 14
2335	 1189	 5
2390	 1219	 5
2495	 1206	 5
2627	 1224	 5
2692	 1181	 5
2828	 1187	 5
2896	 1229	 5
3009	 1227	 5
3097	 1242	 5
0	 1304	 12
84	 1264	 12
153	 1309	 12
334	 1283	 12
421	 1295	 12
452	 1332	 12
616	 1271	 12
698	 1318	 12
815	 1277	 13
908	 1275	 13
971	 1317	 13
1062	 1306	 13
1233	 1327	 13
1255	 1343	 13
1379	 1306	 13
1475	 1263	 13
1603	 1265	 13
1669	 1289	 14
1790	 1334	 14
1878	 1272	 14
2040	 1301	 14
2076	 1317	 14
2183	 1319	 14
2331	 1250	 5
2433	 1295	 5
2458	 1310	 5
2601	 1290	 5
2675	 1317	 5
2796	 1282	 5
2900	 1294	 5
2996	 1305	 5
3095	 1329	 5
31	 1397	 12
102	 1376	 12
204	 1394	 12
340	 1406	 12
434	 1368	 12
468	 1428	 12
594	 1372	 12
660	 1369	 12
797	 1398	 13
920	 1373	 13
973	 1412	 13
1102	 1432	 13
1194	 1375	 13
1269	 1420	 13
1437	 1368	 13
1534	 1399	 14
1635	 1396	 14
1695	 1420	 14
1780	 1381	 14
1948	 1383	 14
2022	 1395	 14
2122	 1399	 14
2211	 1389	 14
2301	 1419	 5
2383	 1393	 5
2504	 1379	 5
2634	 1386	 5
2701	 1363	 5
2820	 1412	 5
2910	 1392	 5
2991	 1421	 5
3078	 1410	 5
-31	 1494	 11
112	 1494	 12
201	 1461	 12
334	 1502	 11
414	 1471	 11
512	 1503	 11
614	 1515	 11
680	 1544	 11
837	 1504	 13
944	 1538	 13
1003	 1466	 13
1126	 1492	 13
1236	 1508	 13
1312	 1496	 13
1428	 1462	 13
1517	 1498	 13
1594	 1487	 13
1720	 1474	 14
1844	 1524	 14
1896	 1474	 14
2002	 1469	 14
2091	 1533	 14
2211	 1499	 14
2336	 1502	 5
2427	 1472	 5
2510	 1484	 5
2578	 1497	 5
2662	 1483	 5
2761	 1509	 5
2876	 1521	 5
3003	 1462	 5
3082	 1529	 5
-20	 1619	 11
99	 1561	 12
222	 1604	 11
274	 1613	 11
388	 1602	 11
530	 1607	 11
630	 1596	 11
694	 1601	 11
833	 1568	 13
882	 1561	 13
1024	 1564	 13
1082	 1579	 13
1241	 1631	 13
1319	 1626	 13
1391	 1623	 13
1537	 1609	 13
1573	 1635	 13
1667	 1592	 14
1772	 1614	 14
1892	 1632	 14
1989	 1629	 14
2094	 1607	 14
2172	 1628	 14
2297	 1638	 6
2416	 1598	 6
2504	 1557	 5
2595	 1605	 6
2660	 1614	 5
2788	 1601	 5
2897	 1637	 5
3000	 1603	 5
3100	 1572	 6
-39	 1705	 11
93	 1688	 11
218	 1670	 11
283	 1683	 11
369	 1685	 11
509	 1695	 11
581	 1674	 11
706	 1683	 11
804	 1727	 13
880	 1712	 13
1041	 1669	 13
1097	 1685	 13
1189	 1681	 13
1293	 1717	 13
1418	 1694	 13
1499	 1691	 13
1620	 1691	 16
1702	 1678	 16
1807	 1708	 14
1892	 1717	 14
1988	 1728	 16
2106	 1686	 14
2193	 1693	 14
2267	 1738	 6
2425	 1699	 6
2513	 1712	 6
2589	 1712	 6
2678	 1730	 6
2771	 1720	 5
2888	 1655	 6
3042	 1738	 6
3111	 1652	 6
15	 1795	 11
115	 1773	 11
183	 1816	 11
269	 1810	 11
422	 1813	 11
473	 1807	 11
588	 1834	 11
687	 1812	 11
813	 1798	 11
927	 1822	 13
992	 1782	 13
1101	 1811	 13
1228	 1797	 13
1264	 1777	 13
1401	 1832	 13
1496	 1823	 13
1574	 1782	 16
1736	 1809	 16
1787	 1800	 16
1905	 1775	 14
1990	 1808	 16
2094	 1792	 16
2228	 1792	 6
2336	 1763	 6
2389	 1818	 6
2512	 1770	 6
2571	 1793	 6
2706	 1786	 6
2778	 1796	 6
2924	 1811	 6
2999	 1795	 6
3123	 1806	 6
5	 1891	 11
107	 1890	 11
218	 1902	 11
305	 1904	 11
354	 1894	 11
473	 1911	 11
620	 1902	 11
698	 1865	 11
768	 1933	 11
877	 1871	 11
1015	 1910	 13
1109	 1909	 13
1182	 1875	 13
1307	 1905	 13
1363	 1897	 13
1515	 1910	 16
1601	 1882	 16
1720	 1878	 16
1779	 1909	 16
1913	 1903	 16
2006	 1894	 16
2072	 1879	 16
2221	 1945	 6
2343	 1920	 6
2424	 1876	 6
2476	 1873	 6
2626	 1873	 6
2729	 1919	 6
2774	 1882	 6
2887	 1913	 6
3017	 1884	 6
3075	 1866	 6
-15	 1957	 11
121	 2004	 11
244	 1998	 11
315	 2030	 11
393	 1976	 11
485	 1992	 11
626	 2035	 11
707	 1982	 11
792	 1970	 11
867	 2018	 11
1011	 2010	 19
1107	 1977	 13
1185	 1995	 16
1301	 2007	 16
1416	 2014	 16
1468	 2021	 16
1612	 2026	 16
1690	 2019	 16
1814	 1974	 16
1901	 1996	 16
1984	 1990	 16
2115	 2000	 6
2225	 1981	 6
2255	 1977	 6
2427	 1970	 6
2517	 1993	 6
2574	 1975	 6
2669	 2001	 6
2761	 2027	 6
2896	 1975	 6
2987	 2009	 6
3081	 2006	 6
5	 2116	 11
104	 2100	 11
189	 2086	 11
322	 2141	 11
444	 2117	 11
514	 2119	 11
607	 2098	 11
741	 2121	 11
755	 2131	 11
902	 2124	 19
1017	 2084	 19
1096	 2129	 7
1186	 2103	 16
1271	 2061	 16
1365	 2084	 16
1519	 2060	 16
1622	 2122	 16
1692	 2128	 16
1777	 2108	 16
1928	 2121	 16
1973	 2081	 16
2095	 2084	 16
2217	 2093	 6
2287	 2084	 6
2397	 2065	 6
2496	 2092	 6
2610	 2140	 6
2705	 2082	 6
2784	 2092	 6
2901	 2134	 6
3000	 2114	 6
3116	 2125	 6
15	 2165	 11
110	 2191	 11
206	 2220	 1
275	 2177	 11
412	 2207	 11
482	 2204	 1
601	 2245	 1
697	 2244	 11
813	 2187	 11
862	 2173	 19
1029	 2205	 7
1090	 2211	 7
1198	 2196	 7
1320	 2240	 7
1418	 2234	 16
1500	 2202	 7
1598	 2191	 16
1660	 2186	 16
1814	 2182	 16
1870	 2170	 16
2036	 2226	 16
2060	 2183	 16
2181	 2165	 16
2302	 2209	 6
2393	 2224	 6
2470	 2195	 6
2590	 2249	 6
2681	 2232	 2
2786	 2190	 6
2891	 2159	 6
3015	 2191	 6
3108	 2187	 6
-4	 2273	 11
103	 2313	 11
197	 2307	 1
301	 2288	 1
384	 2294	 1
486	 2313	 1
624	 2305	 1
690	 2278	 11
805	 2307	 19
911	 2342	 19
969	 2294	 7
1092	 2334	 7
1227	 2271	 7
1285	 2313	 7
1386	 2282	 7
1512	 2327	 7
1606	 2262	 16
1729	 2303	 16
1813	 2332	 16
1911	 2295	 4
2001	 2283	 4
2099	 2302	 4
2188	 2295	 16
2304	 2299	 6
2360	 2283	 6
2514	 2334	 6
2601	 2305	 6
2733	 2303	 2
2787	 2304	 2
2914	 2285	 2
2984	 2294	 2
3055	 2322	 6
11	 2366	 1
89	 2390	 11
223	 2396	 1
291	 2407	 1
370	 2412	 1
511	 2387	 1
551	 2398	 1
662	 2438	 1
792	 2433	 1
889	 2369	 19
1009	 2377	 7
1063	 2409	 7
1156	 2384	 7
1331	 2392	 7
1366	 2369	 7
1490	 2392	 7
1599	 2411	 16
1718	 2389	 4
1817	 2405	 4
1912	 2428	 4
2009	 2365	 4
2100	 2435	 4
2157	 2432	 4
2301	 2370	 4
2409	 2428	 6
2456	 2427	 2
2605	 2368	 2
2671	 2426	 2
2793	 2382	 2
2928	 2385	 2
2985	 2383	 2
3133	 2410	 2
-31	 2500	 1
127	 2467	 1
200	 2496	 1
322	 2488	 1
398	 2523	 1
544	 2503	 1
597	 2490	 1
734	 2490	 1
817	 2489	 7
923	 2514	 7
989	 2488	 7
1080	 2487	 7
1191	 2486	 7
1291	 2507	 7
1396	 2528	 7
1519	 2479	 7
1590	 2479	 4
1742	 2521	 4
1789	 2507	 4
1937	 2498	 4
2010	 2521	 4
2112	 2469	 4
2206	 2484	 4
2331	 2530	 4
2399	 2529	 2
2519	 2506	 2
2637	 2499	 2
2666	 2535	 2
2783	 2515	 2
2871	 2490	 2
2969	 2505	 2
3115	 2536	 2
4	 2602	 1
122	 2601	 1
207	 2612	 1
304	 2641	 1
422	 2572	 1
456	 2596	 1
601	 2620	 1
689	 2608	 1
815	 2599	 7
891	 2637	 7
988	 2569	 7
1113	 2601	 7
1216	 2601	 7
1328	 2615	 7
1373	 2569	 7
1497	 2608	 7
1620	 2592	 4
1680	 2618	 4
1762	 2573	 4
1896	 2584	 4
1994	 2618	 4
2068	 2616	 4
2189	 2619	 4
2304	 2571	 4
2418	 2598	 2
2529	 2613	 2
2602	 2572	 2
2696	 2618	 2
2808	 2608	 2
2931	 2616	 2
3007	 2599	 2
3073	 2628	 2
5	 2662	 1
118	 2671	 1
167	 2688	 1
279	 2659	 1
423	 2677	 1
531	 2688	 1
603	 2688	 1
695	 2700	 1
790	 2715	 7
882	 2676	 7
1010	 2673	 7
1107	 2719	 7
1213	 2691	 7
1315	 2700	 7
1381	 2680	 7
1478	 2736	 4
1605	 2731	 4
1685	 2696	 4
1819	 2721	 4
1887	 2731	 4
2004	 2725	 4
2130	 2713	 4
2213	 2687	 4
2303	 2671	 2
2434	 2715	 2
2509	 2675	 2
2632	 2696	 2
2710	 2692	 2
2805	 2669	 2
2919	 2696	 2
2991	 2708	 2
3093	 2706	 2
-6	 2792	 1
63	 2838	 1
174	 2823	 1
349	 2780	 1
406	 2801	 1
503	 2816	 1
623	 2824	 1
709	 2753	 1
798	 2762	 1
868	 2809	 7
983	 2790	 7
1095	 2803	 7
1182	 2821	 7
1295	 2809	 7
1398	 2828	 7
1495	 2812	 4
1600	 2802	 4
1672	 2804	 4
1800	 2788	 4
1852	 2796	 4
2025	 2833	 4
2101	 2811	 4
2183	 2805	 4
2290	 2787	 2
2364	 2790	 2
2458	 2802	 2
2589	 2806	 2
2692	 2756	 2
2835	 2767	 2
2926	 2821	 2
3044	 2797	 2
3131	 2811	 2
-30	 2894	 1
133	 2905	 1
232	 2915	 1
301	 2927	 1
400	 2905	 1
508	 2897	 1
583	 2932	 1
740	 2936	 1
840	 2924	 7
911	 2913	 7
1021	 2894	 7
1114	 2912	 7
1224	 2881	 7
1312	 2877	 7
1424	 2922	 7
1485	 2899	 7
1608	 2929	 4
1690	 2902	 4
1812	 2883	 4
1857	 2924	 4
2016	 2891	 4
2123	 2924	 4
2220	 2900	 4
2287	 2901	 2
2407	 2916	 2
2487	 2873	 2
2596	 2917	 2
2684	 2912	 2
2804	 2943	 2
2891	 2915	 2
3002	 2897	 2
3123	 2905	 2
23	 3009	 1
85	 2963	 1
199	 3010	 1
273	 2998	 1
405	 3005	 1
516	 3048	 1
633	 3003	 1
719	 3030	 1
776	 2990	 9
911	 2995	 7
1002	 3005	 7
1087	 3006	 7
1207	 3025	 7
1305	 2993	 7
1401	 3022	 7
1517	 2999	 4
1620	 3005	 4
1701	 3010	 4
1828	 2983	 4
1869	 2985	 4
2000	 2989	 4
2125	 2977	 4
2200	 3014	 4
2308	 2982	 2
2376	 3025	 2
2506	 2980	 2
2608	 3013	 2
2662	 3020	 2
2806	 3005	 2
2918	 3016	 2
3026	 3009	 2
3094	 2977	 2
24	 3094	 1
105	 3098	 1
225	 3108	 1
294	 3118	 1
384	 3078	 1
490	 3089	 1
600	 3090	 1
748	 3130	 9
799	 3082	 9
864	 3133	 9
994	 3098	 7
1068	 3085	 7
1157	 3104	 7
1313	 3076	 7
1440	 3125	 7
1489	 3097	 4
1642	 3120	 4
1694	 3078	 4
1804	 3065	 4
1863	 3065	 4
2000	 3117	 4
2091	 3097	 4
2234	 3105	 4
2281	 3075	 4
2368	 3128	 4
2493	 3089	 2
2605	 3137	 2
2684	 3101	 2
2795	 3109	 2
2922	 3130	 2
3012	 3137	 2
3131	 3112	 2

0	 1	 246	 19.00
0	 32	 216	 21.00
1	 2	 175	 23.00
1	 33	 163	 20.00
2	 3	 231	 21.00
2	 34	 251	 24.00
3	 4	 219	 22.00
3	 35	 126	 17.00
4	 5	 201	 18.00
4	 36	 230	 21.00
5	 6	 200	 22.00
5	 37	 179	 18.00
6	 7	 234	 21.00
6	 38	 255	 18.00
7	 8	 146	 19.00
7	 39	 143	 21.00
8	 9	 223	 23.00
8	 40	 265	 16.00
9	 10	 137	 20.00
9	 41	 237	 21.00
10	 11	 260	 20.00
10	 42	 157	 17.00
11	 12	 247	 17.00
11	 43	 142	 24.00
12	 13	 182	 21.00
12	 44	 189	 21.00
13	 14	 277	 21.00
13	 45	 270	 20.00
14	 15	 193	 21.00
14	 46	 261	 17.00
15	 16	 193	 18.00
15	 47	 203	 18.00
16	 17	 144	 21.00
16	 48	 160	 19.00
17	 18	 217	 16.00
17	 49	 146	 17.00
18	 19	 137	 17.00
18	 50	 168	 17.00
19	 20	 202	 18.00
19	 51	 159	 16.00
20	 21	 266	 24.00
20	 52	 176	 24.00
21	 22	 275	 17.00
21	 53	 250	 21.00
22	 23	 220	 19.00
22	 54	 258	 22.00
23	 24	 252	 23.00
23	 55	 272	 18.00
24	 25	 163	 21.00
24	 56	 257	 22.00
25	 26	 130	 24.00
25	 57	 174	 20.00
26	 27	 205	 17.00
26	 58	 179	 17.00
27	 28	 269	 16.00
27	 59	 123	 24.00
28	 29	 156	 18.00
28	 60	 245	 21.00
29	 30	 246	 22.00
29	 61	 253	 17.00
30	 31	 259	 18.00
30	 62	 199	 19.00
31	 63	 163	 22.00
32	 33	 268	 23.00
32	 64	 177	 19.00
33	 34	 231	 22.00
33	 65	 195	 24.00
34	 35	 153	 23.00
34	 66	 159	 19.00
35	 36	 222	 23.00
35	 67	 177	 19.00
36	 37	 159	 20.00
36	 68	 200	 16.00
37	 38	 184	 21.00
37	 69	 211	 21.00
38	 39	 274	 17.00
38	 70	 234	 19.00
39	 40	 258	 18.00
39	 71	 279	 24.00
40	 41	 204	 24.00
40	 72	 181	 17.00
41	 42	 229	 24.00
41	 73	 193	 16.00
42	 43	 249	 20.00
42	 74	 251	 21.00
43	 44	 127	 18.00
43	 75	 181	 21.00
44	 45	 168	 18.00
44	 76	 182	 16.00
45	 46	 172	 22.00
45	 77	 128	 19.00
46	 47	 174	 24.00
46	 78	 167	 18.00
47	 48	 276	 20.00
47	 79	 185	 20.00
48	 49	 264	 22.00
48	 80	 153	 22.00
49	 50	 206	 24.00
49	 81	 202	 23.00
50	 51	 164	 21.00
50	 82	 252	 16.00
51	 52	 212	 17.00
51	 83	 164	 24.00
52	 53	 222	 20.00
52	 84	 121	 22.00
53	 54	 274	 22.00
53	 85	 257	 21.00
54	 55	 140	 21.00
54	 86	 148	 21.00
55	 56	 221	 24.00
55	 87	 149	 19.00
56	 57	 180	 16.00
56	 88	 154	 16.00
57	 58	 264	 18.00
57	 89	 166	 21.00
58	 59	 263	 17.00
58	 90	 256	 21.00
59	 60	 274	 19.00
59	 91	 213	 16.00
60	 61	 260	 22.00
60	 92	 199	 17.00
61	 62	 132	 17.00
61	 93	 238	 17.00
62	 63	 225	 16.00
62	 94	 180	 19.00
63	 95	 127	 20.00
64	 65	 244	 18.00
64	 96	 176	 23.00
65	 66	 156	 22.00
65	 97	 235	 16.00
66	 67	 230	 16.00
66	 98	 279	 16.00
67	 68	 264	 16.00
67	 99	 167	 24.00
68	 69	 138	 20.00
68	 100	 157	 19.00
69	 70	 268	 18.00
69	 101	 249	 21.00
70	 71	 154	 23.00
70	 102	 258	 24.00
71	 72	 271	 24.00
71	 103	 237	 24.00
72	 73	 239	 19.00
72	 104	 252	 21.00
73	 74	 137	 16.00
73	 105	 244	 24.00
74	 75	 171	 16.00
74	 106	 128	 17.00
75	 76	 202	 19.00
75	 107	 212	 24.00
76	 77	 254	 17.00
76	 108	 198	 19.00
77	 78	 266	 17.00
77	 109	 146	 20.00
78	 79	 128	 24.00
78	 110	 239	 21.00
79	 80	 265	 16.00
79	 111	 134	 16.00
80	 81	 206	 21.00
80	 112	 265	 18.00
81	 82	 156	 20.00
81	 113	 248	 20.00
82	 83	 221	 18.00
82	 114	 148	 16.00
83	 84	 234	 24.00
83	 115	 219	 19.00
84	 85	 279	 24.00
84	 116	 137	 24.00
85	 86	 276	 19.00
85	 117	 121	 19.00
86	 87	 153	 21.00
86	 118	 272	 17.00
87	 88	 239	 21.00
87	 119	 262	 17.00
88	 89	 156	 20.00
88	 120	 255	 17.00
89	 90	 251	 16.00
89	 121	 251	 18.00
90	 91	 141	 17.00
90	 122	 211	 22.00
91	 92	 195	 16.00
91	 123	 140	 24.00
92	 93	 210	 16.00
92	 124	 136	 24.00
93	 94	 151	 19.00
93	 125	 131	 18.00
94	 95	 191	 19.00
94	 126	 236	 21.00
95	 127	 192	 17.00
96	 97	 243	 16.00
96	 128	 145	 18.00
97	 98	 272	 24.00
97	 129	 152	 22.00
98	 99	 232	 16.00
98	 130	 157	 22.00
99	 100	 280	 20.00
99	 131	 164	 16.00
100	 101	 223	 19.00
100	 132	 165	 23.00
101	 102	 218	 20.00
101	 133	 222	 22.00
102	 103	 184	 22.00
102	 134	 152	 23.00
103	 104	 193	 17.00
103	 135	 277	 17.00
104	 105	 148	 16.00
104	 136	 269	 23.00
105	 106	 233	 21.00
105	 137	 231	 24.00
106	 107	 160	 24.00
106	 138	 276	 20.00
107	 108	 264	 23.00
107	 139	 215	 21.00
108	 109	 131	 24.00
108	 140	 132	 22.00
109	 110	 263	 18.00
109	 141	 243	 17.00
110	 111	 192	 18.00
110	 142	 145	 21.00
111	 112	 211	 20.00
111	 143	 249	 20.00
112	 113	 196	 19.00
112	 144	 171	 20.00
113	 114	 219	 23.00
113	 145	 200	 22.00
114	 115	 204	 17.00
114	 146	 225	 24.00
115	 116	 245	 17.00
115	 147	 253	 21.00
116	 117	 152	 22.00
116	 148	 138	 17.00
117	 118	 249	 16.00
117	 149	 216	 24.00
118	 119	 203	 18.00
118	 150	 158	 21.00
119	 120	 147	 23.00
119	 151	 180	 24.00
120	 121	 259	 18.00
120	 152	 187	 24.00
121	 122	 190	 20.00
121	 153	 188	 17.00
122	 123	 212	 17.00
122	 154	 177	 16.00
123	 124	 248	 22.00
123	 155	 199	 16.00
124	 125	 139	 22.00
124	 156	 174	 18.00
125	 126	 173	 20.00
125	 157	 226	 16.00
126	 127	 160	 20.00
126	 158	 139	 16.00
127	 159	 186	 19.00
128	 129	 216	 22.00
128	 160	 183	 16.00
129	 130	 273	 20.00
129	 161	 255	 24.00
130	 131	 146	 19.00
130	 162	 149	 24.00
131	 132	 247	 18.00
131	 163	 223	 22.00
132	 133	 189	 16.00
132	 164	 184	 20.00
133	 134	 182	 20.00
133	 165	 127	 16.00
134	 135	 184	 21.00
134	 166	 151	 24.00
135	 136	 155	 23.00
135	 167	 222	 18.00
136	 137	 183	 20.00
136	 168	 278	 18.00
137	 138	 199	 23.00
137	 169	 169	 24.00
138	 139	 187	 22.00
138	 170	 131	 19.00
139	 140	 128	 17.00
139	 171	 236	 18.00
140	 141	 213	 22.00
140	 172	 247	 16.00
141	 142	 137	 18.00
141	 173	 140	 17.00
142	 143	 168	 19.00
142	 174	 151	 17.00
143	 144	 214	 22.00
143	 175	 152	 20.00
144	 145	 146	 19.00
144	 176	 267	 19.00
145	 146	 238	 18.00
145	 177	 243	 20.00
146	 147	 188	 23.00
146	 178	 161	 20.00
147	 148	 174	 18.00
147	 179	 192	 18.00
148	 149	 248	 22.00
148	 180	 129	 24.00
149	 150	 147	 21.00
149	 181	 183	 17.00
150	 151	 243	 22.00
150	 182	 201	 22.00
151	 152	 148	 24.00
151	 183	 223	 17.00
152	 153	 235	 17.00
152	 184	 255	 24.00
153	 154	 153	 19.00
153	 185	 175	 19.00
154	 155	 179	 17.00
154	 186	 235	 16.00
155	 156	 138	 21.00
155	 187	 188	 21.00
156	 157	 278	 19.00
156	 188	 247	 21.00
157	 158	 262	 17.00
157	 189	 239	 20.00
158	 159	 159	 19.00
158	 190	 231	 17.00
159	 191	 280	 18.00
160	 161	 218	 16.00
160	 192	 280	 17.00
161	 162	 233	 23.00
161	 193	 217	 23.00
162	 163	 158	 17.00
162	 194	 183	 24.00
163	 164	 151	 23.00
163	 195	 140	 17.00
164	 165	 254	 17.00
164	 196	 194	 22.00
165	 166	 176	 19.00
165	 197	 176	 17.00
166	 167	 228	 16.00
166	 198	 142	 19.00
167	 168	 239	 16.00
167	 199	 274	 20.00
168	 169	 245	 23.00
168	 200	 169	 22.00
169	 170	 270	 20.00
169	 201	 263	 21.00
170	 171	 167	 21.00
170	 202	 145	 21.00
171	 172	 247	 20.00
171	 203	 169	 24.00
172	 173	 187	 23.00
172	 204	 213	 19.00
173	 174	 128	 16.00
173	 205	 266	 21.00
174	 175	 256	 16.00
174	 206	 258	 22.00
175	 176	 271	 19.00
175	 207	 210	 23.00
176	 177	 206	 17.00
176	 208	 199	 17.00
177	 178	 151	 23.00
177	 209	 235	 20.00
178	 179	 187	 18.00
178	 210	 251	 22.00
179	 180	 124	 20.00
179	 211	 256	 21.00
180	 181	 219	 23.00
180	 212	 228	 21.00
181	 182	 125	 20.00
181	 213	 132	 16.00
182	 183	 120	 18.00
182	 214	 242	 21.00
183	 184	 193	 23.00
183	 215	 226	 16.00
184	 185	 255	 22.00
184	 216	 173	 17.00
185	 186	 213	 24.00
185	 217	 129	 16.00
186	 187	 149	 19.00
186	 218	 120	 21.00
187	 188	 162	 18.00
187	 219	 146	 18.00
188	 189	 185	 24.00
188	 220	 201	 21.00
189	 190	 172	 16.00
189	 221	 142	 23.00
190	 191	 273	 23.00
190	 222	 155	 20.00
191	 223	 262	 18.00
192	 193	 244	 22.00
192	 224	 232	 24.00
193	 194	 230	 21.00
193	 225	 121	 19.00
194	 195	 129	 18.00
194	 226	 239	 20.00
195	 196	 241	 18.00
195	 227	 154	 18.00
196	 197	 183	 23.00
196	 228	 188	 21.00
197	 198	 189	 22.00
197	 229	 164	 23.00
198	 199	 147	 23.00
198	 230	 230	 19.00
199	 200	 218	 23.00
199	 231	 206	 23.00
200	 201	 225	 17.00
200	 232	 256	 17.00
201	 202	 242	 18.00
201	 233	 250	 20.00
202	 203	 212	 23.00
202	 234	 249	 21.00
203	 204	 160	 23.00
203	 235	 272	 21.00
204	 205	 191	 22.00
204	 236	 264	 24.00
205	 206	 232	 19.00
205	 237	 135	 22.00
206	 207	 262	 21.00
206	 238	 236	 21.00
207	 208	 159	 19.00
207	 239	 150	 18.00
208	 209	 169	 17.00
208	 240	 280	 22.00
209	 210	 265	 20.00
209	 241	 211	 18.00
210	 211	 160	 18.00
210	 242	 244	 16.00
211	 212	 123	 23.00
211	 243	 256	 21.00
212	 213	 270	 18.00
212	 244	 225	 20.00
213	 214	 125	 18.00
213	 245	 179	 20.00
214	 215	 244	 19.00
214	 246	 244	 18.00
215	 216	 193	 24.00
215	 247	 278	 24.00
216	 217	 276	 17.00
216	 248	 135	 23.00
217	 218	 250	 19.00
217	 249	 261	 24.00
218	 219	 274	 21.00
218	 250	 226	 23.00
219	 220	 140	 17.00
219	 251	 242	 17.00
220	 221	 152	 19.00
220	 252	 138	 18.00
221	 222	 157	 19.00
221	 253	 127	 17.00
222	 223	 135	 17.00
222	 254	 220	 21.00
223	 255	 280	 20.00
224	 225	 257	 17.00
224	 256	 141	 20.00
225	 226	 136	 21.00
225	 257	 158	 19.00
226	 227	 209	 21.00
226	 258	 242	 21.00
227	 228	 198	 24.00
227	 259	 216	 24.00
228	 229	 171	 19.00
228	 260	 177	 20.00
229	 230	 177	 18.00
229	 261	 275	 21.00
230	 231	 189	 19.00
230	 262	 243	 19.00
231	 232	 146	 17.00
231	 263	 153	 19.00
232	 233	 138	 23.00
232	 264	 279	 16.00
233	 234	 228	 16.00
233	 265	 182	 16.00
234	 235	 174	 23.00
234	 266	 122	 20.00
235	 236	 200	 16.00
235	 267	 202	 19.00
236	 237	 126	 24.00
236	 268	 229	 21.00
237	 238	 127	 19.00
237	 269	 278	 17.00
238	 239	 149	 21.00
238	 270	 123	 17.00
239	 240	 263	 18.00
239	 271	 258	 21.00
240	 241	 120	 18.00
240	 272	 279	 17.00
241	 242	 275	 16.00
241	 273	 200	 17.00
242	 243	 176	 23.00
242	 274	 163	 20.00
243	 244	 199	 16.00
243	 275	 255	 16.00
244	 245	 162	 24.00
244	 276	 167	 22.00
245	 246	 193	 22.00
245	 277	 279	 17.00
246	 247	 172	 20.00
246	 278	 159	 21.00
247	 248	 265	 17.00
247	 279	 225	 23.00
248	 249	 203	 19.00
248	 280	 249	 24.00
249	 250	 177	 19.00
249	 281	 235	 21.00
250	 251	 277	 23.00
250	 282	 255	 17.00
251	 252	 260	 21.00
251	 283	 135	 18.00
252	 253	 156	 23.00
252	 284	 269	 19.00
253	 254	 192	 24.00
253	 285	 143	 19.00
254	 255	 237	 20.00
254	 286	 143	 16.00
255	 287	 186	 23.00
256	 257	 181	 22.00
256	 288	 217	 16.00
257	 258	 255	 18.00
257	 289	 236	 22.00
258	 259	 159	 19.00
258	 290	 218	 16.00
259	 260	 157	 22.00
259	 291	 226	 19.00
260	 261	 162	 23.00
260	 292	 120	 19.00
261	 262	 147	 21.00
261	 293	 206	 21.00
262	 263	 138	 17.00
262	 294	 139	 23.00
263	 264	 218	 22.00
263	 295	 167	 20.00
264	 265	 241	 23.00
264	 296	 201	 17.00
265	 266	 237	 22.00
265	 297	 147	 24.00
266	 267	 158	 21.00
266	 298	 177	 20.00
267	 268	 151	 20.00
267	 299	 203	 23.00
268	 269	 165	 21.00
268	 300	 132	 23.00
269	 270	 234	 16.00
269	 301	 245	 21.00
270	 271	 131	 19.00
270	 302	 220	 23.00
271	 272	 244	 18.00
271	 303	 198	 23.00
272	 273	 194	 19.00
272	 304	 177	 20.00
273	 274	 178	 17.00
273	 305	 174	 19.00
274	 275	 173	 22.00
274	 306	 161	 23.00
275	 276	 242	 24.00
275	 307	 227	 18.00
276	 277	 144	 21.00
276	 308	 157	 24.00
277	 278	 220	 20.00
277	 309	 270	 16.00
278	 279	 222	 16.00
278	 310	 231	 19.00
279	 280	 197	 20.00
279	 311	 279	 16.00
280	 281	 157	 18.00
280	 312	 141	 18.00
281	 282	 257	 21.00
281	 313	 195	 20.00
282	 283	 222	 19.00
282	 314	 152	 19.00
283	 284	 146	 19.00
283	 315	 195	 24.00
284	 285	 243	 24.00
284	 316	 144	 21.00
285	 286	 133	 22.00
285	 317	 170	 21.00
286	 287	 263	 17.00
286	 318	 220	 24.00
287	 319	 174	 19.00
288	 289	 280	 20.00
288	 320	 234	 24.00
289	 290	 231	 21.00
289	 321	 128	 19.00
290	 291	 194	 22.00
290	 322	 249	 24.00
291	 292	 273	 20.00
291	 323	 177	 22.00
292	 293	 262	 17.00
292	 324	 209	 17.00
293	 294	 251	 21.00
293	 325	 131	 21.00
294	 295	 250	 20.00
294	 326	 201	 24.00
295	 296	 218	 16.00
295	 327	 230	 21.00
296	 297	 241	 17.00
296	 328	 129	 21.00
297	 298	 159	 18.00
297	 329	 125	 19.00
298	 299	 165	 18.00
298	 330	 187	 19.00
299	 300	 215	 17.00
299	 331	 126	 22.00
300	 301	 280	 16.00
300	 332	 189	 19.00
301	 302	 143	 20.00
301	 333	 165	 21.00
302	 303	 278	 24.00
302	 334	 121	 24.00
303	 304	 228	 23.00
303	 335	 218	 23.00
304	 305	 224	 19.00
304	 336	 192	 24.00
305	 306	 171	 17.00
305	 337	 138	 22.00
306	 307	 121	 19.00
306	 338	 201	 23.00
307	 308	 132	 20.00
307	 339	 149	 21.00
308	 309	 196	 20.00
308	 340	 243	 21.00
309	 310	 179	 22.00
309	 341	 143	 22.00
310	 311	 202	 16.00
310	 342	 200	 20.00
311	 312	 234	 24.00
311	 343	 262	 16.00
312	 313	 149	 23.00
312	 344	 197	 21.00
313	 314	 256	 16.00
313	 345	 175	 20.00
314	 315	 182	 24.00
314	 346	 153	 18.00
315	 316	 247	 19.00
315	 347	 268	 18.00
316	 317	 140	 20.00
316	 348	 190	 20.00
317	 318	 133	 24.00
317	 349	 255	 21.00
318	 319	 132	 23.00
318	 350	 210	 20.00
319	 351	 280	 16.00
320	 321	 132	 24.00
320	 352	 192	 22.00
321	 322	 250	 21.00
321	 353	 141	 20.00
322	 323	 204	 23.00
322	 354	 232	 16.00
323	 324	 122	 24.00
323	 355	 177	 24.00
324	 325	 146	 18.00
324	 356	 175	 16.00
325	 326	 168	 24.00
325	 357	 158	 18.00
326	 327	 163	 23.00
326	 358	 218	 17.00
327	 328	 228	 21.00
327	 359	 144	 23.00
328	 329	 191	 17.00
328	 360	 143	 19.00
329	 330	 279	 23.00
329	 361	 253	 17.00
330	 331	 139	 21.00
330	 362	 259	 21.00
331	 332	 277	 19.00
331	 363	 253	 21.00
332	 333	 208	 16.00
332	 364	 140	 21.00
333	 334	 159	 16.00
333	 365	 151	 17.00
334	 335	 127	 18.00
334	 366	 212	 16.00
335	 336	 265	 17.00
335	 367	 138	 21.00
336	 337	 279	 20.00
336	 368	 211	 16.00
337	 338	 137	 20.00
337	 369	 180	 20.00
338	 339	 273	 16.00
338	 370	 263	 19.00
339	 340	 140	 17.00
339	 371	 139	 19.00
340	 341	 195	 18.00
340	 372	 214	 24.00
341	 342	 200	 19.00
341	 373	 221	 21.00
342	 343	 133	 22.00
342	 374	 125	 17.00
343	 344	 239	 16.00
343	 375	 232	 23.00
344	 345	 276	 16.00
344	 376	 226	 22.00
345	 346	 246	 23.00
345	 377	 229	 23.00
346	 347	 276	 17.00
346	 378	 274	 16.00
347	 348	 271	 16.00
347	 379	 121	 21.00
348	 349	 125	 22.00
348	 380	 276	 21.00
349	 350	 275	 23.00
349	 381	 126	 23.00
350	 351	 188	 21.00
350	 382	 232	 16.00
351	 383	 231	 23.00
352	 353	 228	 24.00
352	 384	 177	 23.00
353	 354	 274	 19.00
353	 385	 121	 22.00
354	 355	 272	 19.00
354	 386	 189	 21.00
355	 356	 171	 17.00
355	 387	 271	 24.00
356	 357	 134	 24.00
356	 388	 131	 19.00
357	 358	 139	 17.00
357	 389	 263	 20.00
358	 359	 176	 22.00
358	 390	 195	 22.00
359	 360	 177	 18.00
359	 391	 159	 23.00
360	 361	 204	 22.00
360	 392	 253	 16.00
361	 362	 141	 16.00
361	 393	 178	 19.00
362	 363	 165	 20.00
362	 394	 241	 22.00
363	 364	 250	 19.00
363	 395	 208	 24.00
364	 365	 256	 21.00
364	 396	 224	 18.00
365	 366	 279	 21.00
365	 397	 130	 22.00
366	 367	 170	 17.00
366	 398	 164	 23.00
367	 368	 267	 20.00
367	 399	 173	 23.00
368	 369	 152	 23.00
368	 400	 264	 20.00
369	 370	 257	 20.00
369	 401	 254	 24.00
370	 371	 133	 24.00
370	 402	 220	 21.00
371	 372	 261	 16.00
371	 403	 160	 18.00
372	 373	 223	 17.00
372	 404	 217	 24.00
373	 374	 218	 21.00
373	 405	 241	 22.00
374	 375	 210	 23.00
374	 406	 217	 18.00
375	 376	 269	 23.00
375	 407	 187	 21.00
376	 377	 191	 23.00
376	 408	 228	 19.00
377	 378	 211	 19.00
377	 409	 190	 18.00
378	 379	 224	 24.00
378	 410	 199	 23.00
379	 380	 142	 20.00
379	 411	 196	 19.00
380	 381	 223	 21.00
380	 412	 275	 20.00
381	 382	 229	 16.00
381	 413	 233	 19.00
382	 383	 126	 21.00
382	 414	 129	 16.00
383	 415	 123	 22.00
384	 385	 189	 24.00
384	 416	 259	 24.00
385	 386	 135	 22.00
385	 417	 152	 20.00
386	 387	 226	 19.00
386	 418	 229	 20.00
387	 388	 202	 21.00
387	 419	 242	 23.00
388	 389	 228	 21.00
388	 420	 269	 18.00
389	 390	 204	 24.00
389	 421	 269	 18.00
390	 391	 218	 23.00
390	 422	 139	 16.00
391	 392	 264	 22.00
391	 423	 264	 18.00
392	 393	 248	 17.00
392	 424	 202	 23.00
393	 394	 251	 19.00
393	 425	 257	 18.00
394	 395	 202	 22.00
394	 426	 142	 16.00
395	 396	 210	 16.00
395	 427	 123	 18.00
396	 397	 234	 22.00
396	 428	 188	 24.00
397	 398	 247	 20.00
397	 429	 245	 17.00
398	 399	 242	 21.00
398	 430	 277	 22.00
399	 400	 141	 20.00
399	 431	 274	 21.00
400	 401	 260	 21.00
400	 432	 235	 18.00
401	 402	 237	 20.00
401	 433	 233	 16.00
402	 403	 182	 22.00
402	 434	 269	 21.00
403	 404	 167	 22.00
403	 435	 259	 24.00
404	 405	 200	 23.00
404	 436	 265	 23.00
405	 406	 204	 20.00
405	 437	 155	 20.00
406	 407	 249	 24.00
406	 438	 149	 22.00
407	 408	 279	 21.00
407	 439	 219	 22.00
408	 409	 135	 19.00
408	 440	 141	 22.00
409	 410	 192	 16.00
409	 441	 127	 18.00
410	 411	 246	 23.00
410	 442	 168	 22.00
411	 412	 130	 24.00
411	 443	 244	 22.00
412	 413	 183	 22.00
412	 444	 194	 19.00
413	 414	 233	 22.00
413	 445	 256	 17.00
414	 415	 269	 24.00
414	 446	 136	 22.00
415	 447	 276	 18.00
416	 417	 272	 20.00
416	 448	 170	 20.00
417	 418	 185	 17.00
417	 449	 166	 23.00
418	 419	 244	 18.00
418	 450	 220	 23.00
419	 420	 167	 23.00
419	 451	 271	 20.00
420	 421	 183	 18.00
420	 452	 164	 20.00
421	 422	 225	 22.00
421	 453	 127	 22.00
422	 423	 182	 23.00
422	 454	 172	 17.00
423	 424	 133	 22.00
423	 455	 243	 16.00
424	 425	 227	 22.00
424	 456	 180	 18.00
425	 426	 264	 21.00
425	 457	 261	 23.00
426	 427	 276	 16.00
426	 458	 247	 23.00
427	 428	 189	 20.00
427	 459	 169	 17.00
428	 429	 270	 21.00
428	 460	 201	 21.00
429	 430	 253	 18.00
429	 461	 277	 20.00
430	 431	 145	 16.00
430	 462	 143	 21.00
431	 432	 155	 16.00
431	 463	 257	 22.00
432	 433	 125	 16.00
432	 464	 221	 16.00
433	 434	 267	 22.00
433	 465	 122	 19.00
434	 435	 150	 22.00
434	 466	 231	 22.00
435	 436	 277	 24.00
435	 467	 150	 24.00
436	 437	 158	 19.00
436	 468	 184	 21.00
437	 438	 228	 23.00
437	 469	 239	 22.00
438	 439	 130	 21.00
438	 470	 280	 19.00
439	 440	 201	 20.00
439	 471	 261	 23.00
440	 441	 274	 18.00
440	 472	 262	 20.00
441	 442	 142	 20.00
441	 473	 242	 24.00
442	 443	 155	 17.00
442	 474	 230	 22.00
443	 444	 140	 19.00
443	 475	 267	 24.00
444	 445	 166	 16.00
444	 476	 162	 23.00
445	 446	 162	 21.00
445	 477	 234	 17.00
446	 447	 228	 20.00
446	 478	 126	 23.00
447	 479	 168	 18.00
448	 449	 171	 22.00
448	 480	 265	 22.00
449	 450	 274	 16.00
449	 481	 122	 18.00
450	 451	 184	 21.00
450	 482	 261	 20.00
451	 452	 151	 18.00
451	 483	 184	 24.00
452	 453	 196	 21.00
452	 484	 139	 18.00
453	 454	 265	 19.00
453	 485	 127	 17.00
454	 455	 127	 22.00
454	 486	 145	 20.00
455	 456	 258	 21.00
455	 487	 247	 24.00
456	 457	 161	 18.00
456	 488	 209	 16.00
457	 458	 220	 16.00
457	 489	 269	 16.00
458	 459	 194	 20.00
458	 490	 220	 18.00
459	 460	 121	 24.00
459	 491	 146	 23.00
460	 461	 229	 17.00
460	 492	 266	 17.00
461	 462	 213	 16.00
461	 493	 169	 20.00
462	 463	 226	 16.00
462	 494	 238	 20.00
463	 464	 210	 24.00
463	 495	 212	 20.00
464	 465	 140	 23.00
464	 496	 133	 19.00
465	 466	 149	 23.00
465	 497	 222	 24.00
466	 467	 229	 16.00
466	 498	 125	 18.00
467	 468	 201	 18.00
467	 499	 153	 24.00
468	 469	 205	 21.00
468	 500	 272	 17.00
469	 470	 214	 24.00
469	 501	 239	 18.00
470	 471	 225	 21.00
470	 502	 166	 23.00
471	 472	 152	 24.00
471	 503	 134	 19.00
472	 473	 208	 23.00
472	 504	 256	 24.00
473	 474	 178	 18.00
473	 505	 227	 20.00
474	 475	 215	 22.00
474	 506	 242	 16.00
475	 476	 274	 18.00
475	 507	 143	 17.00
476	 477	 239	 18.00
476	 508	 214	 19.00
477	 478	 228	 19.00
477	 509	 166	 16.00
478	 479	 267	 21.00
478	 510	 168	 20.00
479	 511	 258	 18.00
480	 481	 216	 19.00
480	 512	 173	 23.00
481	 482	 247	 16.00
481	 513	 189	 18.00
482	 483	 198	 16.00
482	 514	 261	 17.00
483	 484	 139	 18.00
483	 515	 234	 23.00
484	 485	 187	 16.00
484	 516	 248	 18.00
485	 486	 256	 17.00
485	 517	 131	 23.00
486	 487	 179	 18.00
486	 518	 200	 21.00
487	 488	 180	 20.00
487	 519	 208	 17.00
488	 489	 238	 24.00
488	 520	 137	 21.00
489	 490	 195	 23.00
489	 521	 138	 22.00
490	 491	 184	 22.00
490	 522	 202	 16.00
491	 492	 195	 16.00
491	 523	 125	 16.00
492	 493	 178	 21.00
492	 524	 188	 22.00
493	 494	 258	 17.00
493	 525	 277	 22.00
494	 495	 232	 20.00
494	 526	 243	 17.00
495	 496	 148	 20.00
495	 527	 175	 24.00
496	 497	 131	 19.00
496	 528	 233	 18.00
497	 498	 123	 24.00
497	 529	 137	 22.00
498	 499	 132	 21.00
498	 530	 234	 21.00
499	 500	 256	 24.00
499	 531	 232	 19.00
500	 501	 230	 16.00
500	 532	 122	 24.00
501	 502	 168	 20.00
501	 533	 222	 23.00
502	 503	 178	 22.00
502	 534	 162	 16.00
503	 504	 124	 19.00
503	 535	 233	 22.00
504	 505	 187	 22.00
504	 536	 223	 21.00
505	 506	 158	 19.00
505	 537	 138	 21.00
506	 507	 122	 23.00
506	 538	 176	 21.00
507	 508	 250	 16.00
507	 539	 273	 19.00
508	 509	 188	 18.00
508	 540	 167	 16.00
509	 510	 126	 16.00
509	 541	 235	 16.00
510	 511	 173	 20.00
510	 542	 170	 17.00
511	 543	 257	 23.00
512	 513	 150	 18.00
512	 544	 122	 22.00
513	 514	 157	 24.00
513	 545	 278	 17.00
514	 515	 252	 23.00
514	 546	 215	 16.00
515	 516	 226	 19.00
515	 547	 145	 21.00
516	 517	 125	 19.00
516	 548	 274	 19.00
517	 518	 142	 24.00
517	 549	 279	 20.00
518	 519	 179	 19.00
518	 550	 260	 22.00
519	 520	 185	 21.00
519	 551	 147	 20.00
520	 521	 237	 18.00
520	 552	 195	 23.00
521	 522	 124	 21.00
521	 553	 246	 21.00
522	 523	 264	 17.00
522	 554	 134	 20.00
523	 524	 120	 20.00
523	 555	 225	 20.00
524	 525	 229	 19.00
524	 556	 213	 22.00
525	 526	 151	 16.00
525	 557	 228	 18.00
526	 527	 249	 17.00
526	 558	 152	 21.00
527	 528	 167	 22.00
527	 559	 143	 23.00
528	 529	 171	 20.00
528	 560	 235	 23.00
529	 530	 240	 19.00
529	 561	 153	 19.00
530	 531	 278	 17.00
530	 562	 208	 21.00
531	 532	 202	 21.00
531	 563	 243	 22.00
532	 533	 218	 19.00
532	 564	 188	 21.00
533	 534	 258	 20.00
533	 565	 163	 18.00
534	 535	 140	 22.00
534	 566	 171	 24.00
535	 536	 208	 24.00
535	 567	 273	 18.00
536	 537	 181	 24.00
536	 568	 126	 23.00
537	 538	 266	 21.00
537	 569	 277	 16.00
538	 539	 157	 24.00
538	 570	 191	 16.00
539	 540	 132	 18.00
539	 571	 208	 17.00
540	 541	 195	 18.00
540	 572	 271	 17.00
541	 542	 239	 16.00
541	 573	 132	 20.00
542	 543	 192	 19.00
542	 574	 222	 22.00
543	 575	 176	 20.00
544	 545	 121	 23.00
544	 576	 181	 24.00
545	 546	 221	 17.00
545	 577	 160	 19.00
546	 547	 181	 17.00
546	 578	 236	 19.00
547	 548	 140	 19.00
547	 579	 162	 19.00
548	 549	 142	 20.00
548	 580	 279	 19.00
549	 550	 202	 16.00
549	 581	 228	 16.00
550	 551	 184	 22.00
550	 582	 188	 24.00
551	 552	 258	 19.00
551	 583	 145	 20.00
552	 553	 240	 16.00
552	 584	 156	 23.00
553	 554	 280	 18.00
553	 585	 156	 21.00
554	 555	 183	 22.00
554	 586	 216	 24.00
555	 556	 236	 17.00
555	 587	 185	 23.00
556	 557	 170	 20.00
556	 588	 251	 16.00
557	 558	 252	 22.00
557	 589	 161	 22.00
558	 559	 162	 16.00
558	 590	 222	 17.00
559	 560	 225	 24.00
559	 591	 232	 21.00
560	 561	 160	 23.00
560	 592	 252	 24.00
561	 562	 207	 16.00
561	 593	 123	 21.00
562	 563	 209	 17.00
562	 594	 191	 23.00
563	 564	 170	 21.00
563	 595	 139	 18.00
564	 565	 278	 21.00
564	 596	 129	 16.00
565	 566	 269	 22.00
565	 597	 168	 22.00
566	 567	 240	 20.00
566	 598	 222	 17.00
567	 568	 269	 23.00
567	 599	 267	 24.00
568	 569	 150	 19.00
568	 600	 210	 24.00
569	 570	 275	 23.00
569	 601	 212	 19.00
570	 571	 274	 20.00
570	 602	 168	 23.00
571	 572	 163	 24.00
571	 603	 148	 21.00
572	 573	 131	 19.00
572	 604	 181	 16.00
573	 574	 242	 23.00
573	 605	 254	 19.00
574	 575	 131	 19.00
574	 606	 202	 16.00
575	 607	 204	 19.00
576	 577	 275	 21.00
576	 608	 263	 18.00
577	 578	 167	 21.00
577	 609	 268	 17.00
578	 579	 131	 22.00
578	 610	 263	 23.00
579	 580	 156	 19.00
579	 611	 173	 21.00
580	 581	 135	 21.00
580	 612	 236	 16.00
581	 582	 266	 22.00
581	 613	 135	 21.00
582	 583	 227	 23.00
582	 614	 201	 21.00
583	 584	 250	 23.00
583	 615	 140	 16.00
584	 585	 241	 17.00
584	 616	 234	 23.00
585	 586	 265	 17.00
585	 617	 175	 18.00
586	 587	 186	 16.00
586	 618	 237	 24.00
587	 588	 165	 22.00
587	 619	 142	 19.00
588	 589	 147	 22.00
588	 620	 222	 17.00
589	 590	 236	 19.00
589	 621	 215	 23.00
590	 591	 247	 24.00
590	 622	 203	 23.00
591	 592	 128	 19.00
591	 623	 246	 18.00
592	 593	 189	 22.00
592	 624	 230	 19.00
593	 594	 236	 18.00
593	 625	 209	 21.00
594	 595	 230	 18.00
594	 626	 273	 23.00
595	 596	 121	 20.00
595	 627	 227	 19.00
596	 597	 273	 17.00
596	 628	 137	 21.00
597	 598	 266	 24.00
597	 629	 153	 22.00
598	 599	 200	 23.00
598	 630	 137	 17.00
599	 600	 163	 16.00
599	 631	 180	 24.00
600	 601	 176	 19.00
600	 632	 185	 22.00
601	 602	 130	 21.00
601	 633	 241	 16.00
602	 603	 173	 18.00
602	 634	 220	 17.00
603	 604	 179	 17.00
603	 635	 153	 21.00
604	 605	 137	 21.00
604	 636	 209	 21.00
605	 606	 202	 23.00
605	 637	 180	 23.00
606	 607	 239	 21.00
606	 638	 268	 17.00
607	 639	 195	 21.00
608	 609	 234	 20.00
608	 640	 143	 20.00
609	 610	 224	 19.00
609	 641	 241	 18.00
610	 611	 191	 24.00
610	 642	 183	 17.00
611	 612	 269	 20.00
611	 643	 268	 23.00
612	 613	 120	 20.00
612	 644	 141	 18.00
613	 614	 126	 17.00
613	 645	 143	 22.00
614	 615	 237	 16.00
614	 646	 243	 24.00
615	 616	 153	 19.00
615	 647	 138	 16.00
616	 617	 183	 20.00
616	 648	 223	 19.00
617	 618	 235	 24.00
617	 649	 211	 16.00
618	 619	 205	 16.00
618	 650	 163	 17.00
619	 620	 232	 21.00
619	 651	 212	 17.00
620	 621	 130	 16.00
620	 652	 167	 18.00
621	 622	 233	 18.00
621	 653	 165	 17.00
622	 623	 188	 17.00
622	 654	 122	 16.00
623	 624	 251	 18.00
623	 655	 145	 18.00
624	 625	 180	 17.00
624	 656	 190	 24.00
625	 626	 129	 19.00
625	 657	 254	 23.00
626	 627	 170	 20.00
626	 658	 199	 23.00
627	 628	 170	 24.00
627	 659	 170	 22.00
628	 629	 175	 23.00
628	 660	 194	 20.00
629	 630	 249	 21.00
629	 661	 193	 24.00
630	 631	 173	 23.00
630	 662	 153	 18.00
631	 632	 159	 20.00
631	 663	 218	 23.00
632	 633	 201	 18.00
632	 664	 170	 22.00
633	 634	 239	 19.00
633	 665	 157	 16.00
634	 635	 178	 22.00
634	 666	 261	 20.00
635	 636	 174	 21.00
635	 667	 217	 18.00
636	 637	 212	 19.00
636	 668	 258	 16.00
637	 638	 143	 24.00
637	 669	 235	 24.00
638	 639	 249	 17.00
638	 670	 154	 24.00
639	 671	 205	 17.00
640	 641	 181	 22.00
640	 672	 203	 20.00
641	 642	 176	 23.00
641	 673	 270	 16.00
642	 643	 134	 17.00
642	 674	 230	 23.00
643	 644	 276	 17.00
643	 675	 175	 16.00
644	 645	 256	 16.00
644	 676	 182	 23.00
645	 646	 179	 16.00
645	 677	 243	 24.00
646	 647	 200	 20.00
646	 678	 274	 24.00
647	 648	 237	 20.00
647	 679	 185	 22.00
648	 649	 181	 23.00
648	 680	 191	 19.00
649	 650	 251	 18.00
649	 681	 267	 17.00
650	 651	 136	 17.00
650	 682	 137	 16.00
651	 652	 210	 20.00
651	 683	 141	 19.00
652	 653	 280	 23.00
652	 684	 249	 24.00
653	 654	 148	 17.00
653	 685	 158	 16.00
654	 655	 168	 23.00
654	 686	 175	 17.00
655	 656	 143	 22.00
655	 687	 139	 16.00
656	 657	 205	 22.00
656	 688	 153	 20.00
657	 658	 232	 17.00
657	 689	 125	 16.00
658	 659	 276	 20.00
658	 690	 252	 16.00
659	 660	 141	 21.00
659	 691	 205	 23.00
660	 661	 185	 16.00
660	 692	 225	 21.00
661	 662	 222	 24.00
661	 693	 153	 23.00
662	 663	 133	 17.00
662	 694	 249	 18.00
663	 664	 215	 20.00
663	 695	 131	 17.00
664	 665	 156	 17.00
664	 696	 212	 20.00
665	 666	 247	 17.00
665	 697	 173	 20.00
666	 667	 185	 21.00
666	 698	 259	 17.00
667	 668	 190	 22.00
667	 699	 120	 19.00
668	 669	 203	 18.00
668	 700	 221	 17.00
669	 670	 178	 24.00
669	 701	 202	 20.00
670	 671	 166	 19.00
670	 702	 215	 18.00
671	 703	 187	 23.00
672	 673	 171	 18.00
672	 704	 175	 17.00
673	 674	 235	 18.00
673	 705	 126	 22.00
674	 675	 264	 17.00
674	 706	 140	 18.00
675	 676	 151	 24.00
675	 707	 277	 17.00
676	 677	 135	 21.00
676	 708	 224	 23.00
677	 678	 247	 19.00
677	 709	 239	 17.00
678	 679	 124	 20.00
678	 710	 172	 17.00
679	 680	 250	 18.00
679	 711	 243	 24.00
680	 681	 197	 17.00
680	 712	 158	 16.00
681	 682	 213	 20.00
681	 713	 230	 19.00
682	 683	 190	 24.00
682	 714	 246	 18.00
683	 684	 209	 19.00
683	 715	 191	 18.00
684	 685	 280	 22.00
684	 716	 148	 20.00
685	 686	 135	 22.00
685	 717	 248	 21.00
686	 687	 171	 21.00
686	 718	 139	 19.00
687	 688	 180	 24.00
687	 719	 263	 17.00
688	 689	 238	 18.00
688	 720	 164	 17.00
689	 690	 130	 17.00
689	 721	 227	 19.00
690	 691	 164	 18.00
690	 722	 120	 21.00
691	 692	 214	 22.00
691	 723	 170	 17.00
692	 693	 200	 18.00
692	 724	 268	 19.00
693	 694	 172	 20.00
693	 725	 185	 19.00
694	 695	 279	 18.00
694	 726	 133	 16.00
695	 696	 222	 20.00
695	 727	 270	 23.00
696	 697	 121	 22.00
696	 728	 156	 23.00
697	 698	 255	 17.00
697	 729	 235	 19.00
698	 699	 256	 23.00
698	 730	 270	 19.00
699	 700	 165	 22.00
699	 731	 157	 17.00
700	 701	 203	 23.00
700	 732	 155	 19.00
701	 702	 219	 22.00
701	 733	 217	 17.00
702	 703	 160	 17.00
702	 734	 212	 19.00
703	 735	 242	 19.00
704	 705	 138	 23.00
704	 736	 228	 22.00
705	 706	 195	 21.00
705	 737	 127	 23.00
706	 707	 229	 24.00
706	 738	 150	 16.00
707	 708	 236	 23.00
707	 739	 279	 22.00
708	 709	 220	 20.00
708	 740	 124	 23.00
709	 710	 178	 22.00
709	 741	 197	 16.00
710	 711	 147	 16.00
710	 742	 200	 20.00
711	 712	 274	 24.00
711	 743	 242	 19.00
712	 713	 128	 23.00
712	 744	 256	 16.00
713	 714	 164	 20.00
713	 745	 207	 21.00
714	 715	 241	 23.00
714	 746	 196	 16.00
715	 716	 274	 21.00
715	 747	 188	 19.00
716	 717	 229	 16.00
716	 748	 226	 16.00
717	 718	 148	 22.00
717	 749	 244	 16.00
718	 719	 145	 16.00
718	 750	 142	 23.00
719	 720	 218	 24.00
719	 751	 128	 24.00
720	 721	 194	 23.00
720	 752	 145	 23.00
721	 722	 266	 19.00
721	 753	 152	 22.00
722	 723	 175	 18.00
722	 754	 268	 17.00
723	 724	 239	 17.00
723	 755	 228	 20.00
724	 725	 160	 21.00
724	 756	 226	 20.00
725	 726	 266	 16.00
725	 757	 151	 18.00
726	 727	 241	 23.00
726	 758	 164	 23.00
727	 728	 172	 19.00
727	 759	 179	 22.00
728	 729	 260	 22.00
728	 760	 264	 19.00
729	 730	 150	 17.00
729	 761	 217	 20.00
730	 731	 123	 18.00
730	 762	 271	 21.00
731	 732	 143	 18.00
731	 763	 220	 20.00
732	 733	 274	 16.00
732	 764	 169	 21.00
733	 734	 166	 18.00
733	 765	 257	 24.00
734	 735	 127	 20.00
734	 766	 210	 17.00
735	 767	 189	 24.00
736	 737	 172	 22.00
736	 768	 202	 17.00
737	 738	 198	 17.00
737	 769	 174	 20.00
738	 739	 249	 21.00
738	 770	 235	 17.00
739	 740	 198	 19.00
739	 771	 232	 16.00
740	 741	 134	 19.00
740	 772	 142	 20.00
741	 742	 135	 19.00
741	 773	 222	 19.00
742	 743	 232	 19.00
742	 774	 148	 24.00
743	 744	 246	 18.00
743	 775	 162	 22.00
744	 745	 263	 22.00
744	 776	 251	 18.00
745	 746	 262	 24.00
745	 777	 129	 20.00
746	 747	 222	 21.00
746	 778	 275	 21.00
747	 748	 221	 20.00
747	 779	 198	 18.00
748	 749	 239	 18.00
748	 780	 188	 18.00
749	 750	 125	 16.00
749	 781	 135	 17.00
750	 751	 125	 24.00
750	 782	 224	 23.00
751	 752	 177	 21.00
751	 783	 128	 23.00
752	 753	 261	 18.00
752	 784	 211	 24.00
753	 754	 155	 24.00
753	 785	 217	 23.00
754	 755	 260	 24.00
754	 786	 140	 23.00
755	 756	 222	 21.00
755	 787	 205	 19.00
756	 757	 126	 22.00
756	 788	 222	 21.00
757	 758	 171	 18.00
757	 789	 272	 23.00
758	 759	 279	 21.00
758	 790	 144	 17.00
759	 760	 238	 21.00
759	 791	 220	 20.00
760	 761	 201	 16.00
760	 792	 144	 20.00
761	 762	 233	 16.00
761	 793	 231	 17.00
762	 763	 216	 23.00
762	 794	 240	 16.00
763	 764	 156	 22.00
763	 795	 173	 22.00
764	 765	 183	 24.00
764	 796	 170	 18.00
765	 766	 156	 18.00
765	 797	 254	 24.00
766	 767	 216	 20.00
766	 798	 219	 24.00
767	 799	 214	 17.00
768	 769	 229	 19.00
768	 800	 169	 21.00
769	 770	 161	 18.00
769	 801	 226	 24.00
770	 771	 279	 20.00
770	 802	 160	 21.00
771	 772	 219	 22.00
771	 803	 182	 20.00
772	 773	 184	 23.00
772	 804	 126	 16.00
773	 774	 240	 22.00
773	 805	 219	 21.00
774	 775	 277	 20.00
774	 806	 243	 18.00
775	 776	 231	 21.00
775	 807	 131	 22.00
776	 777	 206	 24.00
776	 808	 231	 17.00
777	 778	 248	 24.00
777	 809	 123	 20.00
778	 779	 148	 23.00
778	 810	 222	 17.00
779	 780	 243	 19.00
779	 811	 137	 17.00
780	 781	 151	 20.00
780	 812	 202	 19.00
781	 782	 276	 17.00
781	 813	 120	 24.00
782	 783	 126	 19.00
782	 814	 150	 16.00
783	 784	 248	 19.00
783	 815	 130	 17.00
784	 785	 172	 24.00
784	 816	 267	 19.00
785	 786	 188	 24.00
785	 817	 254	 19.00
786	 787	 185	 19.00
786	 818	 267	 23.00
787	 788	 280	 16.00
787	 819	 124	 22.00
788	 789	 234	 20.00
788	 820	 244	 22.00
789	 790	 157	 19.00
789	 821	 276	 16.00
790	 791	 142	 21.00
790	 822	 199	 19.00
791	 792	 128	 17.00
791	 823	 201	 19.00
792	 793	 171	 20.00
792	 824	 138	 23.00
793	 794	 197	 21.00
793	 825	 163	 24.00
794	 795	 170	 18.00
794	 826	 141	 17.00
795	 796	 244	 17.00
795	 827	 179	 18.00
796	 797	 263	 23.00
796	 828	 226	 16.00
797	 798	 127	 22.00
797	 829	 156	 18.00
798	 799	 273	 20.00
798	 830	 220	 16.00
799	 831	 169	 18.00
800	 801	 268	 20.00
800	 832	 151	 21.00
801	 802	 160	 19.00
801	 833	 221	 21.00
802	 803	 211	 23.00
802	 834	 130	 19.00
803	 804	 148	 20.00
803	 835	 255	 17.00
804	 805	 211	 16.00
804	 836	 145	 22.00
805	 806	 249	 18.00
805	 837	 219	 19.00
806	 807	 132	 24.00
806	 838	 210	 22.00
807	 808	 270	 19.00
807	 839	 234	 16.00
808	 809	 201	 24.00
808	 840	 137	 20.00
809	 810	 149	 19.00
809	 841	 148	 16.00
810	 811	 221	 18.00
810	 842	 237	 17.00
811	 812	 165	 16.00
811	 843	 144	 17.00
812	 813	 278	 20.00
812	 844	 272	 19.00
813	 814	 242	 24.00
813	 845	 272	 17.00
814	 815	 196	 21.00
814	 846	 129	 17.00
815	 816	 123	 16.00
815	 847	 204	 16.00
816	 817	 277	 19.00
816	 848	 158	 21.00
817	 818	 141	 17.00
817	 849	 236	 20.00
818	 819	 187	 21.00
818	 850	 263	 20.00
819	 820	 129	 23.00
819	 851	 188	 21.00
820	 821	 242	 20.00
820	 852	 220	 20.00
821	 822	 261	 22.00
821	 853	 152	 18.00
822	 823	 192	 18.00
822	 854	 215	 20.00
823	 824	 198	 18.00
823	 855	 182	 24.00
824	 825	 160	 21.00
824	 856	 241	 20.00
825	 826	 144	 19.00
825	 857	 132	 19.00
826	 827	 122	 23.00
826	 858	 230	 18.00
827	 828	 194	 17.00
827	 859	 218	 22.00
828	 829	 126	 17.00
828	 860	 222	 21.00
829	 830	 267	 17.00
829	 861	 172	 24.00
830	 831	 144	 16.00
830	 862	 147	 16.00
831	 863	 235	 20.00
832	 833	 212	 20.00
832	 864	 243	 24.00
833	 834	 160	 24.00
833	 865	 223	 16.00
834	 835	 248	 18.00
834	 866	 222	 17.00
835	 836	 219	 22.00
835	 867	 252	 24.00
836	 837	 256	 22.00
836	 868	 144	 20.00
837	 838	 248	 19.00
837	 869	 278	 16.00
838	 839	 277	 16.00
838	 870	 171	 17.00
839	 840	 264	 22.00
839	 871	 192	 22.00
840	 841	 220	 24.00
840	 872	 230	 22.00
841	 842	 258	 21.00
841	 873	 266	 19.00
842	 843	 146	 17.00
842	 874	 219	 20.00
843	 844	 242	 17.00
843	 875	 176	 16.00
844	 845	 129	 23.00
844	 876	 277	 17.00
845	 846	 123	 16.00
845	 877	 201	 17.00
846	 847	 214	 21.00
846	 878	 177	 18.00
847	 848	 245	 16.00
847	 879	 245	 24.00
848	 849	 253	 19.00
848	 880	 233	 20.00
849	 850	 226	 23.00
849	 881	 133	 19.00
850	 851	 232	 22.00
850	 882	 176	 24.00
851	 852	 146	 23.00
851	 883	 209	 24.00
852	 853	 183	 20.00
852	 884	 200	 24.00
853	 854	 133	 21.00
853	 885	 258	 16.00
854	 855	 243	 24.00
854	 886	 151	 20.00
855	 856	 253	 20.00
855	 887	 241	 18.00
856	 857	 228	 16.00
856	 888	 213	 16.00
857	 858	 163	 21.00
857	 889	 148	 16.00
858	 859	 222	 18.00
858	 890	 257	 24.00
859	 860	 174	 21.00
859	 891	 180	 22.00
860	 861	 150	 22.00
860	 892	 178	 20.00
861	 862	 182	 17.00
861	 893	 232	 23.00
862	 863	 265	 20.00
862	 894	 189	 18.00
863	 895	 140	 16.00
864	 865	 218	 21.00
864	 896	 261	 20.00
865	 866	 247	 22.00
865	 897	 236	 20.00
866	 867	 126	 17.00
866	 898	 278	 16.00
867	 868	 167	 19.00
867	 899	 239	 17.00
868	 869	 202	 23.00
868	 900	 135	 24.00
869	 870	 251	 20.00
869	 901	 148	 19.00
870	 871	 207	 21.00
870	 902	 211	 23.00
871	 872	 244	 20.00
871	 903	 136	 16.00
872	 873	 137	 22.00
872	 904	 197	 19.00
873	 874	 175	 19.00
873	 905	 130	 21.00
874	 875	 264	 21.00
874	 906	 279	 20.00
875	 876	 184	 24.00
875	 907	 267	 18.00
876	 877	 144	 23.00
876	 908	 194	 18.00
877	 878	 146	 17.00
877	 909	 244	 22.00
878	 879	 168	 18.00
878	 910	 221	 24.00
879	 880	 121	 22.00
879	 911	 238	 24.00
880	 881	 246	 19.00
880	 912	 221	 20.00
881	 882	 181	 17.00
881	 913	 261	 23.00
882	 883	 168	 23.00
882	 914	 126	 16.00
883	 884	 206	 16.00
883	 915	 249	 18.00
884	 885	 159	 23.00
884	 916	 253	 22.00
885	 886	 181	 16.00
885	 917	 274	 23.00
886	 887	 160	 23.00
886	 918	 143	 19.00
887	 888	 211	 18.00
887	 919	 121	 18.00
888	 889	 123	 23.00
888	 920	 169	 21.00
889	 890	 145	 21.00
889	 921	 229	 17.00
890	 891	 236	 24.00
890	 922	 181	 23.00
891	 892	 144	 16.00
891	 923	 263	 16.00
892	 893	 138	 21.00
892	 924	 201	 23.00
893	 894	 121	 18.00
893	 925	 120	 22.00
894	 895	 202	 24.00
894	 926	 272	 22.00
895	 927	 275	 20.00
896	 897	 182	 17.00
896	 928	 141	 18.00
897	 898	 229	 17.00
897	 929	 130	 21.00
898	 899	 189	 17.00
898	 930	 193	 22.00
899	 900	 271	 17.00
899	 931	 258	 18.00
900	 901	 209	 19.00
900	 932	 198	 23.00
901	 902	 213	 22.00
901	 933	 154	 17.00
902	 903	 139	 20.00
902	 934	 124	 20.00
903	 904	 210	 20.00
903	 935	 250	 22.00
904	 905	 239	 19.00
904	 936	 153	 19.00
905	 906	 146	 16.00
905	 937	 209	 23.00
906	 907	 141	 19.00
906	 938	 220	 17.00
907	 908	 253	 20.00
907	 939	 253	 16.00
908	 909	 243	 20.00
908	 940	 270	 17.00
909	 910	 169	 19.00
909	 941	 164	 21.00
910	 911	 130	 18.00
910	 942	 144	 22.00
911	 912	 161	 21.00
911	 943	 259	 17.00
912	 913	 209	 24.00
912	 944	 242	 24.00
913	 914	 184	 16.00
913	 945	 152	 21.00
914	 915	 166	 23.00
914	 946	 166	 17.00
915	 916	 199	 16.00
915	 947	 259	 19.00
916	 917	 267	 17.00
916	 948	 172	 18.00
917	 918	 152	 16.00
917	 949	 131	 23.00
918	 919	 130	 20.00
918	 950	 218	 21.00
919	 920	 127	 20.00
919	 951	 197	 24.00
920	 921	 149	 19.00
920	 952	 217	 24.00
921	 922	 166	 21.00
921	 953	 148	 21.00
922	 923	 172	 16.00
922	 954	 167	 18.00
923	 924	 206	 16.00
923	 955	 173	 20.00
924	 925	 184	 18.00
924	 956	 280	 18.00
925	 926	 198	 16.00
925	 957	 214	 21.00
926	 927	 168	 21.00
926	 958	 264	 17.00
927	 959	 153	 22.00
928	 929	 139	 24.00
928	 960	 121	 24.00
929	 930	 198	 23.00
929	 961	 190	 18.00
930	 931	 171	 24.00
930	 962	 233	 20.00
931	 932	 181	 18.00
931	 963	 169	 24.00
932	 933	 166	 18.00
932	 964	 135	 23.00
933	 934	 207	 23.00
933	 965	 155	 18.00
934	 935	 275	 21.00
934	 966	 274	 18.00
935	 936	 278	 23.00
935	 967	 149	 17.00
936	 937	 173	 18.00
936	 968	 270	 17.00
937	 938	 198	 18.00
937	 969	 148	 16.00
938	 939	 201	 16.00
938	 970	 175	 18.00
939	 940	 147	 19.00
939	 971	 187	 21.00
940	 941	 258	 18.00
940	 972	 177	 16.00
941	 942	 275	 16.00
941	 973	 126	 23.00
942	 943	 182	 21.00
942	 974	 233	 18.00
943	 944	 133	 22.00
943	 975	 229	 16.00
944	 945	 254	 19.00
944	 976	 251	 17.00
945	 946	 198	 21.00
945	 977	 138	 18.00
946	 947	 244	 24.00
946	 978	 147	 23.00
947	 948	 213	 19.00
947	 979	 158	 22.00
948	 949	 160	 21.00
948	 980	 208	 17.00
949	 950	 222	 16.00
949	 981	 275	 18.00
950	 951	 148	 19.00
950	 982	 239	 22.00
951	 952	 263	 19.00
951	 983	 230	 17.00
952	 953	 177	 18.00
952	 984	 269	 18.00
953	 954	 164	 18.00
953	 985	 131	 21.00
954	 955	 236	 23.00
954	 986	 208	 20.00
955	 956	 189	 19.00
955	 987	 163	 20.00
956	 957	 169	 23.00
956	 988	 276	 22.00
957	 958	 240	 23.00
957	 989	 139	 18.00
958	 959	 167	 18.00
958	 990	 220	 21.00
959	 991	 260	 18.00
960	 961	 181	 17.00
960	 992	 174	 19.00
961	 962	 144	 16.00
961	 993	 203	 20.00
962	 963	 134	 23.00
962	 994	 220	 20.00
963	 964	 263	 20.00
963	 995	 263	 23.00
964	 965	 254	 23.00
964	 996	 197	 21.00
965	 966	 196	 19.00
965	 997	 183	 21.00
966	 967	 197	 16.00
966	 998	 236	 22.00
967	 968	 127	 19.00
967	 999	 180	 23.00
968	 969	 141	 18.00
968	 1000	 243	 20.00
969	 970	 244	 20.00
969	 1001	 236	 20.00
970	 971	 278	 18.00
970	 1002	 251	 24.00
971	 972	 210	 17.00
971	 1003	 124	 21.00
972	 973	 279	 17.00
972	 1004	 174	 18.00
973	 974	 173	 24.00
973	 1005	 123	 24.00
974	 975	 226	 24.00
974	 1006	 231	 16.00
975	 976	 212	 20.00
975	 1007	 138	 20.00
976	 977	 141	 20.00
976	 1008	 164	 22.00
977	 978	 210	 24.00
977	 1009	 240	 16.00
978	 979	 159	 22.00
978	 1010	 242	 24.00
979	 980	 261	 16.00
979	 1011	 228	 24.00
980	 981	 198	 23.00
980	 1012	 213	 18.00
981	 982	 249	 16.00
981	 1013	 265	 24.00
982	 983	 212	 21.00
982	 1014	 263	 21.00
983	 984	 249	 20.00
983	 1015	 148	 20.00
984	 985	 166	 17.00
984	 1016	 210	 21.00
985	 986	 176	 16.00
985	 1017	 167	 21.00
986	 987	 138	 22.00
986	 1018	 277	 17.00
987	 988	 155	 23.00
987	 1019	 143	 21.00
988	 989	 172	 22.00
988	 1020	 191	 22.00
989	 990	 234	 18.00
989	 1021	 229	 23.00
990	 991	 259	 19.00
990	 1022	 237	 19.00
991	 1023	 170	 16.00
992	 993	 193	 16.00
993	 994	 146	 20.00
994	 995	 278	 18.00
995	 996	 175	 18.00
996	 997	 195	 22.00
997	 998	 142	 22.00
998	 999	 233	 18.00
999	 1000	 259	 17.00
1000	 1001	 120	 23.00
1001	 1002	 240	 17.00
1002	 1003	 250	 16.00
1003	 1004	 164	 20.00
1004	 1005	 263	 23.00
1005	 1006	 176	 19.00
1006	 1007	 146	 21.00
1007	 1008	 149	 19.00
1008	 1009	 164	 23.00
1009	 1010	 144	 18.00
1010	 1011	 198	 16.00
1011	 1012	 247	 21.00
1012	 1013	 155	 19.00
1013	 1014	 203	 19.00
1014	 1015	 228	 22.00
1015	 1016	 218	 19.00
1016	 1017	 154	 24.00
1017	 1018	 235	 21.00
1018	 1019	 155	 19.00
1019	 1020	 153	 20.00
1020	 1021	 185	 23.00
1021	 1022	 219	 19.00
1022	 1023	 247	 16.00
