1024	1984	20	0.30

8	 -16	 0
121	 -11	 0
204	 -35	 0
315	 -5	 0
394	 0	 0
511	 -27	 0
621	 -3	 0
703	 31	 9
789	 -37	 9
900	 -9	 9
985	 2	 7
1080	 22	 7
1209	 0	 7
1303	 16	 7
1399	 -6	 7
1506	 25	 7
1624	 -23	 5
1661	 -21	 5
1826	 9	 5
1908	 39	 5
2016	 -27	 5
2101	 8	 5
2227	 -10	 5
2319	 10	 5
2389	 0	 3
2478	 -11	 3
2595	 -3	 3
2719	 46	 3
2802	 3	 3
2901	 17	 3
3007	 -19	 3
3134	 -9	 3
15	 105	 0
110	 71	 0
195	 82	 0
292	 88	 0
378	 83	 0
493	 94	 0
620	 101	 0
713	 125	 0
757	 108	 0
936	 146	 7
1016	 72	 7
1103	 132	 7
1199	 82	 7
1336	 82	 7
1423	 98	 7
1458	 132	 7
1637	 85	 5
1667	 111	 5
1800	 103	 5
1910	 123	 5
1994	 116	 5
2134	 99	 5
2223	 106	 5
2344	 77	 3
2424	 106	 3
2514	 72	 3
2632	 88	 3
2707	 120	 3
2805	 114	 3
2898	 99	 3
3006	 125	 3
3115	 104	 3
12	 231	 0
93	 233	 0
202	 168	 0
315	 192	 0
399	 237	 0
495	 181	 0
625	 227	 0
676	 193	 0
800	 175	 7
905	 194	 7
1041	 181	 7
1136	 229	 7
1216	 220	 7
1317	 161	 7
1407	 219	 7
1508	 231	 5
1589	 204	 5
1710	 196	 5
1791	 205	 5
1898	 198	 5
2008	 189	 5
2089	 214	 5
2193	 232	 5
2298	 194	 3
2406	 230	 3
2481	 167	 3
2576	 192	 3
2696	 209	 3
2788	 212	 3
2894	 244	 3
3013	 231	 3
3084	 230	 3
18	 302	 0
97	 283	 0
196	 262	 0
297	 282	 0
394	 312	 0
513	 296	 0
564	 311	 0
721	 313	 0
782	 307	 0
901	 286	 7
1003	 267	 7
1105	 295	 7
1194	 299	 7
1332	 303	 7
1397	 304	 7
1487	 278	 5
1606	 287	 5
1696	 317	 5
1800	 318	 5
1875	 289	 5
2021	 278	 5
2087	 282	 5
2165	 314	 5
2329	 294	 3
2375	 325	 3
2507	 297	 3
2612	 291	 3
2707	 257	 3
2816	 330	 3
2900	 276	 3
3012	 300	 3
3060	 287	 3
5	 418	 0
126	 403	 0
221	 416	 0
315	 437	 0
436	 370	 0
515	 406	 0
598	 431	 0
678	 426	 0
797	 404	 0
903	 430	 7
1003	 437	 7
1129	 430	 7
1211	 388	 7
1311	 400	 7
1393	 374	 7
1514	 416	 5
1606	 392	 5
1719	 391	 5
1798	 371	 5
1920	 417	 5
2031	 421	 5
2132	 387	 5
2213	 353	 5
2328	 425	 3
2425	 417	 3
2506	 392	 3
2591	 392	 3
2698	 383	 3
2787	 409	 3
2917	 421	 3
3040	 411	 3
3108	 433	 3
8	 509	 0
72	 498	 0
184	 456	 0
321	 508	 0
400	 492	 0
521	 457	 0
570	 531	 0
708	 493	 0
813	 488	 0
890	 458	 7
974	 491	 7
1065	 496	 7
1223	 515	 7
1308	 482	 7
1371	 501	 7
1502	 488	 7
1593	 493	 5
1703	 464	 5
1813	 478	 5
1901	 466	 5
2001	 490	 5
2086	 531	 5
2201	 465	 5
2307	 542	 5
2379	 538	 5
2518	 493	 3
2599	 483	 3
2715	 535	 3
2764	 492	 3
2931	 535	 3
2962	 479	 3
3077	 517	 3
-33	 595	 0
97	 601	 0
204	 598	 0
308	 586	 0
392	 570	 0
529	 598	 0
598	 605	 19
721	 590	 0
815	 595	 7
900	 608	 7
1001	 607	 7
1135	 588	 7
1197	 601	 7
1301	 593	 7
1402	 568	 7
1475	 563	 7
1610	 607	 5
1681	 597	 5
1819	 590	 5
1935	 643	 5
2015	 613	 5
2087	 602	 5
2206	 646	 5
2328	 619	 5
2395	 562	 3
2516	 581	 3
2571	 595	 3
2711	 609	 3
2790	 611	 3
2888	 612	 3
3020	 626	 3
3088	 643	 3
7	 655	 0
101	 725	 0
188	 694	 0
278	 714	 0
422	 675	 0
477	 727	 0
619	 681	 0
690	 699	 14
814	 714	 14
863	 733	 14
1028	 679	 7
1100	 684	 7
1227	 656	 7
1257	 686	 7
1384	 696	 7
1520	 685	 7
1605	 707	 7
1708	 687	 5
1819	 694	 5
1881	 703	 5
2040	 664	 5
2114	 712	 5
2221	 741	 5
2292	 682	 5
2398	 705	 6
2502	 726	 3
2592	 742	 3
2671	 671	 3
2755	 697	 3
2917	 716	 3
2992	 688	 3
3105	 659	 3
9	 793	 13
115	 816	 0
202	 837	 13
326	 791	 0
411	 810	 0
543	 797	 13
585	 794	 13
726	 812	 13
816	 815	 14
881	 784	 14
985	 805	 7
1105	 802	 7
1210	 832	 7
1308	 811	 7
1400	 808	 7
1496	 799	 7
1581	 774	 7
1675	 764	 16
1789	 771	 16
1922	 813	 5
2020	 819	 5
2101	 820	 5
2171	 826	 5
2290	 841	 6
2400	 786	 6
2506	 809	 6
2618	 802	 6
2676	 786	 3
2779	 776	 3
2899	 839	 3
3001	 811	 6
3102	 790	 6
30	 894	 13
103	 897	 13
211	 909	 13
277	 896	 0
443	 914	 13
512	 900	 13
568	 897	 13
704	 875	 13
783	 870	 13
892	 897	 14
997	 943	 14
1094	 896	 7
1205	 911	 7
1281	 871	 7
1399	 891	 7
1505	 853	 14
1594	 903	 14
1654	 922	 14
1769	 913	 16
1914	 883	 16
1968	 902	 16
2088	 869	 5
2180	 876	 6
2332	 871	 6
2396	 926	 6
2499	 909	 6
2642	 875	 6
2728	 888	 6
2784	 910	 6
2882	 916	 6
2969	 904	 6
3102	 926	 6
31	 982	 13
110	 976	 13
198	 993	 13
333	 1013	 13
404	 977	 13
485	 981	 13
591	 965	 13
661	 1010	 13
804	 997	 13
917	 981	 13
1003	 1007	 14
1129	 975	 7
1180	 987	 14
1266	 1023	 14
1370	 972	 14
1501	 1001	 14
1590	 969	 14
1697	 1031	 16
1823	 975	 16
1900	 1022	 16
1960	 1028	 16
2109	 959	 16
2202	 996	 6
2293	 1000	 6
2429	 1025	 6
2489	 997	 6
2602	 985	 6
2658	 998	 6
2833	 1017	 6
2873	 1004	 6
3040	 970	 6
3117	 992	 6
-7	 1103	 13
99	 1096	 13
209	 1081	 13
306	 1078	 13
418	 1078	 13
492	 1123	 13
596	 1113	 13
725	 1098	 13
799	 1086	 13
931	 1101	 13
1034	 1117	 14
1143	 1094	 14
1171	 1131	 14
1326	 1101	 14
1398	 1116	 14
1472	 1063	 14
1616	 1111	 14
1688	 1106	 14
1769	 1110	 14
1906	 1117	 16
2016	 1114	 16
2112	 1104	 16
2151	 1111	 6
2306	 1083	 6
2406	 1120	 6
2547	 1100	 6
2577	 1082	 6
2710	 1125	 6
2804	 1114	 6
2912	 1101	 6
3003	 1099	 6
3069	 1093	 6
5	 1165	 13
111	 1200	 13
154	 1211	 13
274	 1188	 13
423	 1199	 13
499	 1219	 13
589	 1242	 13
704	 1229	 13
796	 1219	 13
884	 1173	 13
963	 1203	 13
1087	 1196	 14
1186	 1194	 14
1276	 1180	 14
1396	 1194	 14
1510	 1199	 14
1598	 1198	 14
1690	 1214	 14
1807	 1208	 16
1866	 1218	 16
1999	 1167	 16
2089	 1230	 16
2189	 1162	 6
2294	 1216	 6
2400	 1233	 6
2476	 1166	 6
2632	 1207	 6
2664	 1208	 6
2825	 1223	 6
2910	 1215	 6
3041	 1183	 6
3094	 1226	 6
-5	 1273	 13
123	 1293	 13
180	 1302	 13
321	 1290	 13
432	 1314	 13
498	 1305	 13
633	 1317	 13
690	 1302	 13
841	 1309	 13
885	 1291	 13
995	 1297	 13
1091	 1310	 14
1221	 1300	 14
1281	 1305	 14
1400	 1307	 14
1473	 1275	 14
1642	 1260	 14
1659	 1323	 14
1780	 1323	 16
1878	 1280	 16
2039	 1269	 16
2097	 1274	 16
2179	 1330	 6
2314	 1288	 6
2401	 1271	 6
2488	 1292	 6
2617	 1294	 6
2684	 1280	 6
2771	 1330	 6
2894	 1303	 6
3004	 1303	 6
3114	 1301	 6
14	 1382	 13
133	 1391	 11
207	 1390	 13
326	 1371	 11
426	 1399	 11
469	 1395	 11
597	 1376	 13
692	 1406	 13
818	 1439	 13
896	 1373	 13
983	 1441	 14
1076	 1444	 14
1210	 1384	 14
1300	 1389	 14
1425	 1370	 14
1547	 1376	 14
1617	 1396	 16
1720	 1410	 16
1795	 1404	 16
1936	 1379	 16
2004	 1385	 16
2102	 1426	 16
2214	 1377	 6
2309	 1409	 6
2427	 1374	 6
2523	 1377	 6
2635	 1381	 6
2688	 1362	 6
2813	 1430	 4
2932	 1387	 4
2976	 1434	 4
3082	 1381	 6
-37	 1484	 13
113	 1504	 11
212	 1463	 11
329	 1519	 11
393	 1471	 11
517	 1471	 11
600	 1524	 11
710	 1534	 13
828	 1492	 13
942	 1515	 14
999	 1514	 14
1117	 1516	 14
1231	 1468	 14
1312	 1519	 14
1447	 1476	 14
1523	 1503	 14
1597	 1476	 14
1692	 1500	 16
1821	 1516	 16
1914	 1511	 16
2032	 1472	 16
2133	 1516	 16
2199	 1476	 16
2306	 1484	 16
2434	 1475	 6
2478	 1512	 6
2585	 1478	 4
2672	 1473	 6
2761	 1489	 4
2899	 1531	 4
2972	 1484	 4
3076	 1485	 4
-19	 1606	 11
68	 1578	 11
217	 1625	 11
296	 1603	 11
386	 1580	 11
517	 1582	 11
641	 1592	 11
739	 1582	 13
806	 1601	 13
902	 1564	 14
997	 1556	 14
1118	 1605	 14
1216	 1623	 14
1328	 1597	 14
1372	 1580	 14
1499	 1640	 15
1590	 1606	 16
1698	 1629	 16
1786	 1582	 16
1904	 1598	 16
2002	 1635	 16
2084	 1626	 16
2205	 1610	 16
2293	 1628	 16
2405	 1572	 6
2509	 1586	 4
2575	 1606	 4
2703	 1609	 4
2803	 1634	 4
2865	 1624	 4
2978	 1602	 4
3113	 1576	 4
-33	 1710	 11
96	 1692	 11
169	 1673	 11
309	 1675	 11
387	 1725	 11
486	 1690	 11
600	 1682	 11
703	 1678	 11
842	 1721	 11
893	 1705	 14
1007	 1667	 14
1066	 1703	 14
1218	 1698	 15
1289	 1673	 14
1397	 1667	 14
1499	 1700	 15
1631	 1713	 15
1728	 1665	 16
1836	 1713	 16
1891	 1729	 16
2014	 1710	 16
2116	 1664	 16
2177	 1713	 16
2311	 1719	 4
2407	 1704	 4
2523	 1706	 4
2618	 1685	 4
2702	 1732	 4
2795	 1700	 4
2894	 1702	 4
3011	 1730	 4
3138	 1686	 4
7	 1755	 11
109	 1762	 11
174	 1816	 11
302	 1786	 11
442	 1806	 11
519	 1793	 11
585	 1805	 11
673	 1846	 11
809	 1808	 11
909	 1797	 15
1021	 1794	 14
1070	 1842	 15
1229	 1760	 15
1293	 1781	 15
1401	 1831	 15
1517	 1839	 15
1606	 1770	 15
1715	 1794	 15
1781	 1830	 15
1900	 1788	 16
1988	 1793	 16
2091	 1769	 16
2232	 1784	 16
2336	 1759	 4
2396	 1834	 4
2533	 1809	 4
2584	 1778	 4
2692	 1763	 4
2791	 1800	 4
2921	 1839	 4
3008	 1755	 4
3116	 1773	 4
-19	 1916	 11
111	 1876	 11
195	 1919	 11
335	 1903	 11
377	 1897	 11
494	 1901	 11
647	 1899	 11
722	 1862	 11
765	 1920	 11
873	 1879	 15
1003	 1871	 14
1119	 1900	 15
1180	 1911	 15
1295	 1886	 15
1389	 1889	 15
1495	 1911	 15
1596	 1906	 15
1727	 1908	 15
1771	 1887	 15
1915	 1922	 16
1999	 1881	 16
2084	 1896	 16
2193	 1923	 16
2338	 1884	 4
2414	 1911	 4
2474	 1893	 4
2615	 1859	 4
2718	 1927	 4
2796	 1908	 4
2900	 1878	 4
2996	 1919	 4
3112	 1885	 4
1	 1974	 11
107	 1990	 11
215	 1994	 11
295	 2016	 11
393	 2003	 11
467	 1995	 11
599	 2013	 11
702	 1981	 11
821	 1993	 15
889	 2034	 15
1008	 2042	 15
1133	 1987	 15
1199	 1991	 15
1328	 1986	 15
1412	 1999	 15
1479	 1996	 15
1627	 2036	 15
1678	 1982	 15
1817	 1999	 15
1919	 1987	 16
1976	 1967	 15
2095	 1974	 16
2227	 1975	 4
2294	 1965	 4
2401	 1964	 4
2489	 2003	 4
2596	 2001	 4
2712	 2023	 4
2774	 2029	 4
2895	 2011	 4
2970	 2031	 4
3099	 2002	 4
4	 2099	 11
84	 2146	 11
184	 2093	 11
308	 2097	 11
418	 2100	 11
537	 2075	 11
636	 2089	 11
695	 2119	 11
781	 2134	 15
869	 2092	 15
993	 2098	 15
1104	 2116	 15
1190	 2112	 15
1319	 2095	 15
1369	 2087	 15
1494	 2083	 15
1626	 2104	 15
1656	 2110	 15
1789	 2127	 15
1933	 2110	 15
1954	 2117	 15
2102	 2117	 16
2240	 2081	 16
2319	 2064	 16
2401	 2097	 4
2524	 2099	 4
2585	 2105	 4
2727	 2067	 4
2795	 2061	 4
2858	 2132	 4
3027	 2134	 4
3078	 2093	 4
36	 2186	 11
84	 2237	 11
197	 2218	 1
286	 2181	 1
448	 2178	 11
485	 2194	 11
606	 2237	 11
689	 2221	 15
809	 2194	 15
861	 2213	 15
1000	 2188	 15
1097	 2197	 10
1221	 2200	 10
1288	 2232	 10
1402	 2219	 10
1519	 2208	 15
1576	 2218	 15
1687	 2218	 15
1796	 2197	 15
1901	 2161	 15
2026	 2195	 16
2096	 2213	 16
2225	 2188	 16
2290	 2239	 17
2386	 2242	 17
2491	 2199	 4
2586	 2206	 4
2673	 2200	 2
2800	 2205	 2
2917	 2203	 4
3018	 2200	 4
3103	 2234	 4
19	 2279	 11
110	 2305	 1
174	 2273	 1
327	 2312	 1
402	 2273	 11
502	 2314	 1
611	 2323	 11
703	 2311	 15
792	 2315	 15
925	 2317	 10
999	 2312	 10
1053	 2294	 10
1200	 2268	 10
1274	 2300	 10
1365	 2295	 15
1494	 2299	 15
1611	 2296	 15
1701	 2284	 15
1803	 2307	 15
1893	 2290	 8
2012	 2317	 16
2079	 2283	 8
2193	 2290	 17
2297	 2325	 17
2397	 2289	 17
2489	 2302	 17
2569	 2308	 4
2730	 2298	 2
2810	 2270	 2
2893	 2263	 2
2974	 2291	 2
3084	 2294	 4
-5	 2396	 11
53	 2401	 1
242	 2390	 1
295	 2376	 1
367	 2374	 1
486	 2416	 1
571	 2384	 1
694	 2437	 10
827	 2399	 10
917	 2389	 10
1000	 2375	 10
1101	 2433	 10
1171	 2381	 10
1319	 2398	 10
1371	 2378	 10
1524	 2388	 10
1629	 2397	 15
1692	 2418	 15
1802	 2431	 8
1925	 2405	 8
2011	 2384	 8
2114	 2426	 8
2196	 2404	 17
2321	 2397	 17
2404	 2430	 17
2465	 2410	 17
2593	 2393	 2
2704	 2390	 18
2781	 2418	 2
2919	 2376	 2
3004	 2384	 2
3123	 2394	 2
0	 2468	 1
103	 2483	 1
235	 2519	 1
337	 2496	 1
414	 2522	 1
517	 2509	 1
601	 2489	 1
738	 2499	 10
789	 2488	 10
927	 2512	 10
975	 2497	 10
1099	 2470	 10
1192	 2464	 10
1302	 2501	 10
1436	 2529	 10
1527	 2495	 10
1606	 2493	 8
1693	 2511	 8
1766	 2473	 8
1920	 2476	 8
1988	 2535	 8
2093	 2455	 8
2197	 2492	 8
2345	 2494	 17
2413	 2536	 17
2519	 2521	 2
2621	 2478	 2
2663	 2500	 2
2753	 2489	 2
2867	 2517	 2
2967	 2472	 2
3103	 2490	 2
26	 2616	 1
131	 2627	 1
214	 2627	 1
304	 2631	 1
394	 2551	 1
498	 2592	 1
627	 2626	 1
681	 2634	 1
830	 2624	 1
890	 2611	 10
1019	 2604	 10
1075	 2632	 10
1194	 2596	 10
1313	 2623	 10
1388	 2612	 10
1502	 2635	 8
1621	 2603	 8
1661	 2646	 8
1789	 2611	 8
1871	 2610	 8
2025	 2587	 8
2104	 2596	 8
2202	 2602	 8
2265	 2592	 8
2387	 2588	 2
2501	 2600	 2
2592	 2602	 2
2699	 2598	 2
2771	 2593	 2
2905	 2603	 2
2989	 2586	 2
3105	 2618	 2
-3	 2704	 1
134	 2676	 1
195	 2685	 1
284	 2664	 1
412	 2684	 1
508	 2704	 1
590	 2689	 1
699	 2723	 1
772	 2700	 1
886	 2670	 1
1048	 2699	 10
1103	 2683	 10
1193	 2669	 10
1309	 2717	 10
1371	 2678	 10
1473	 2716	 8
1587	 2697	 8
1670	 2705	 8
1793	 2717	 8
1924	 2689	 8
1997	 2683	 8
2131	 2704	 8
2216	 2687	 8
2269	 2689	 8
2400	 2701	 2
2479	 2711	 2
2584	 2673	 2
2719	 2670	 2
2762	 2675	 2
2937	 2704	 2
3028	 2735	 2
3095	 2707	 2
14	 2792	 1
104	 2843	 1
206	 2845	 1
312	 2797	 1
397	 2768	 1
477	 2830	 1
600	 2843	 1
709	 2769	 1
796	 2807	 10
869	 2768	 10
1016	 2796	 10
1112	 2776	 10
1172	 2796	 10
1339	 2821	 10
1372	 2799	 8
1527	 2805	 8
1626	 2802	 8
1695	 2823	 8
1776	 2815	 8
1902	 2790	 8
2008	 2821	 8
2068	 2783	 8
2218	 2809	 8
2307	 2772	 2
2372	 2790	 2
2496	 2782	 2
2605	 2803	 2
2715	 2796	 2
2827	 2758	 2
2913	 2798	 2
3043	 2777	 2
3111	 2819	 2
-16	 2906	 1
94	 2862	 1
228	 2927	 1
275	 2903	 1
384	 2902	 1
471	 2921	 1
610	 2886	 1
745	 2927	 1
822	 2944	 10
920	 2903	 10
985	 2924	 10
1107	 2897	 10
1207	 2896	 10
1310	 2896	 10
1396	 2893	 8
1476	 2852	 8
1585	 2936	 8
1684	 2915	 8
1813	 2902	 8
1903	 2925	 8
2011	 2865	 8
2095	 2915	 8
2234	 2878	 8
2309	 2896	 2
2433	 2911	 2
2507	 2866	 2
2613	 2943	 2
2712	 2916	 2
2802	 2919	 2
2862	 2894	 2
3027	 2880	 2
3138	 2923	 2
34	 3008	 1
118	 2964	 1
208	 3004	 1
277	 3045	 1
404	 3021	 1
504	 3005	 1
611	 2993	 1
695	 3028	 1
795	 2971	 10
896	 3000	 10
1044	 3039	 10
1130	 2976	 10
1200	 2998	 10
1307	 3017	 10
1391	 3028	 10
1518	 2966	 8
1609	 2974	 8
1687	 3030	 8
1806	 2984	 8
1907	 3004	 8
1989	 2954	 8
2100	 2970	 8
2197	 3018	 8
2306	 2990	 8
2399	 3010	 2
2479	 2987	 2
2596	 3000	 2
2679	 3031	 2
2810	 3022	 2
2870	 2986	 2
3033	 3045	 2
3130	 2969	 2
-3	 3100	 1
104	 3090	 1
214	 3076	 1
285	 3148	 1
397	 3085	 1
457	 3081	 1
602	 3099	 12
731	 3150	 12
798	 3078	 10
895	 3119	 10
1010	 3109	 10
1098	 3089	 10
1157	 3074	 10
1331	 3112	 10
1412	 3100	 10
1488	 3143	 10
1602	 3082	 8
1654	 3095	 8
1787	 3102	 8
1890	 3061	 8
2003	 3103	 8
2081	 3068	 8
2223	 3122	 8
2270	 3098	 8
2408	 3112	 2
2502	 3079	 2
2605	 3129	 2
2677	 3109	 2
2772	 3100	 2
2906	 3148	 2
2996	 3096	 2
3129	 3084	 2

0	 1	 146	 16.00
0	 32	 185	 16.00
1	 2	 251	 17.00
1	 33	 267	 22.00
2	 3	 259	 24.00
2	 34	 148	 23.00
3	 4	 239	 17.00
3	 35	 261	 20.00
4	 5	 143	 17.00
4	 36	 158	 24.00
5	 6	 251	 19.00
5	 37	 208	 21.00
6	 7	 160	 21.00
6	 38	 190	 22.00
7	 8	 152	 20.00
7	 39	 133	 21.00
8	 9	 209	 18.00
8	 40	 200	 18.00
9	 10	 120	 24.00
9	 41	 242	 22.00
10	 11	 203	 22.00
10	 42	 150	 17.00
11	 12	 163	 24.00
11	 43	 266	 22.00
12	 13	 250	 20.00
12	 44	 246	 19.00
13	 14	 141	 18.00
13	 45	 158	 18.00
14	 15	 233	 22.00
14	 46	 236	 16.00
15	 16	 123	 23.00
15	 47	 207	 19.00
16	 17	 217	 22.00
16	 48	 272	 16.00
17	 18	 164	 16.00
17	 49	 251	 22.00
18	 19	 238	 17.00
18	 50	 190	 16.00
19	 20	 248	 19.00
19	 51	 205	 23.00
20	 21	 142	 24.00
20	 52	 256	 19.00
21	 22	 184	 18.00
21	 53	 211	 24.00
22	 23	 224	 21.00
22	 54	 125	 18.00
23	 24	 269	 24.00
23	 55	 151	 21.00
24	 25	 171	 19.00
24	 56	 206	 18.00
25	 26	 124	 17.00
25	 57	 209	 22.00
26	 27	 245	 18.00
26	 58	 249	 21.00
27	 28	 280	 23.00
27	 59	 202	 18.00
28	 29	 271	 23.00
28	 60	 183	 20.00
29	 30	 127	 21.00
29	 61	 199	 20.00
30	 31	 258	 20.00
30	 62	 238	 21.00
31	 63	 193	 21.00
32	 33	 138	 17.00
32	 64	 167	 18.00
33	 34	 180	 18.00
33	 65	 246	 24.00
34	 35	 120	 23.00
34	 66	 174	 16.00
35	 36	 224	 19.00
35	 67	 179	 19.00
36	 37	 242	 21.00
36	 68	 277	 17.00
37	 38	 233	 20.00
37	 69	 249	 18.00
38	 39	 143	 17.00
38	 70	 203	 17.00
39	 40	 207	 24.00
39	 71	 199	 17.00
40	 41	 125	 24.00
40	 72	 202	 20.00
41	 42	 277	 20.00
41	 73	 186	 20.00
42	 43	 252	 16.00
42	 74	 228	 22.00
43	 44	 138	 24.00
43	 75	 132	 23.00
44	 45	 234	 24.00
44	 76	 205	 17.00
45	 46	 198	 22.00
45	 77	 136	 22.00
46	 47	 238	 20.00
46	 78	 251	 17.00
47	 48	 131	 17.00
47	 79	 205	 21.00
48	 49	 164	 22.00
48	 80	 280	 21.00
49	 50	 239	 17.00
49	 81	 192	 22.00
50	 51	 166	 17.00
50	 82	 189	 19.00
51	 52	 156	 23.00
51	 83	 213	 19.00
52	 53	 212	 21.00
52	 84	 180	 21.00
53	 54	 170	 24.00
53	 85	 136	 16.00
54	 55	 138	 22.00
54	 86	 197	 21.00
55	 56	 242	 22.00
55	 87	 186	 21.00
56	 57	 232	 16.00
56	 88	 161	 18.00
57	 58	 181	 21.00
57	 89	 238	 16.00
58	 59	 171	 16.00
58	 90	 171	 22.00
59	 60	 254	 20.00
59	 91	 280	 17.00
60	 61	 202	 22.00
60	 92	 234	 22.00
61	 62	 131	 20.00
61	 93	 162	 24.00
62	 63	 230	 18.00
62	 94	 150	 19.00
63	 95	 185	 20.00
64	 65	 147	 20.00
64	 96	 176	 22.00
65	 66	 165	 16.00
65	 97	 198	 22.00
66	 67	 155	 21.00
66	 98	 255	 18.00
67	 68	 201	 17.00
67	 99	 155	 17.00
68	 69	 249	 21.00
68	 100	 173	 19.00
69	 70	 170	 21.00
69	 101	 122	 22.00
70	 71	 230	 17.00
70	 102	 200	 16.00
71	 72	 211	 22.00
71	 103	 147	 23.00
72	 73	 208	 19.00
72	 104	 183	 24.00
73	 74	 206	 21.00
73	 105	 198	 21.00
74	 75	 233	 17.00
74	 106	 200	 20.00
75	 76	 141	 21.00
75	 107	 274	 17.00
76	 77	 206	 21.00
76	 108	 125	 20.00
77	 78	 257	 16.00
77	 109	 249	 21.00
78	 79	 162	 21.00
78	 110	 236	 18.00
79	 80	 245	 24.00
79	 111	 138	 19.00
80	 81	 131	 24.00
80	 112	 207	 19.00
81	 82	 190	 19.00
81	 113	 234	 17.00
82	 83	 229	 16.00
82	 114	 280	 16.00
83	 84	 258	 24.00
83	 115	 277	 21.00
84	 85	 145	 20.00
84	 116	 143	 23.00
85	 86	 124	 17.00
85	 117	 262	 20.00
86	 87	 137	 16.00
86	 118	 216	 22.00
87	 88	 185	 21.00
87	 119	 221	 17.00
88	 89	 188	 18.00
88	 120	 145	 17.00
89	 90	 195	 17.00
89	 121	 167	 19.00
90	 91	 265	 21.00
90	 122	 147	 21.00
91	 92	 243	 18.00
91	 123	 224	 21.00
92	 93	 148	 19.00
92	 124	 248	 16.00
93	 94	 203	 18.00
93	 125	 223	 18.00
94	 95	 131	 16.00
94	 126	 124	 19.00
95	 127	 220	 19.00
96	 97	 268	 22.00
96	 128	 219	 21.00
97	 98	 235	 21.00
97	 129	 279	 20.00
98	 99	 164	 22.00
98	 130	 244	 19.00
99	 100	 182	 18.00
99	 131	 274	 23.00
100	 101	 219	 24.00
100	 132	 199	 16.00
101	 102	 246	 16.00
101	 133	 198	 22.00
102	 103	 242	 16.00
102	 134	 241	 21.00
103	 104	 276	 22.00
103	 135	 201	 24.00
104	 105	 136	 16.00
104	 136	 179	 18.00
105	 106	 244	 23.00
105	 137	 276	 23.00
106	 107	 129	 16.00
106	 138	 211	 16.00
107	 108	 238	 20.00
107	 139	 129	 17.00
108	 109	 190	 22.00
108	 140	 146	 16.00
109	 110	 120	 18.00
109	 141	 130	 16.00
110	 111	 243	 19.00
110	 142	 264	 19.00
111	 112	 126	 24.00
111	 143	 138	 21.00
112	 113	 229	 18.00
112	 144	 212	 23.00
113	 114	 121	 22.00
113	 145	 240	 23.00
114	 115	 174	 20.00
114	 146	 226	 19.00
115	 116	 178	 16.00
115	 147	 138	 20.00
116	 117	 197	 20.00
116	 148	 279	 19.00
117	 118	 264	 18.00
117	 149	 188	 16.00
118	 119	 224	 17.00
118	 150	 223	 24.00
119	 120	 268	 17.00
119	 151	 122	 17.00
120	 121	 190	 19.00
120	 152	 264	 16.00
121	 122	 241	 18.00
121	 153	 156	 17.00
122	 123	 244	 16.00
122	 154	 157	 17.00
123	 124	 197	 16.00
123	 155	 225	 23.00
124	 125	 123	 16.00
124	 156	 278	 17.00
125	 126	 212	 18.00
125	 157	 223	 20.00
126	 127	 140	 16.00
126	 158	 232	 16.00
127	 159	 273	 17.00
128	 129	 165	 16.00
128	 160	 129	 18.00
129	 130	 247	 21.00
129	 161	 175	 17.00
130	 131	 156	 24.00
130	 162	 243	 21.00
131	 132	 234	 16.00
131	 163	 123	 22.00
132	 133	 163	 23.00
132	 164	 229	 22.00
133	 134	 275	 18.00
133	 165	 161	 22.00
134	 135	 172	 20.00
134	 166	 182	 21.00
135	 136	 222	 23.00
135	 167	 120	 23.00
136	 137	 266	 22.00
136	 168	 215	 19.00
137	 138	 261	 21.00
137	 169	 254	 19.00
138	 139	 221	 18.00
138	 170	 147	 22.00
139	 140	 234	 21.00
139	 171	 267	 20.00
140	 141	 276	 22.00
140	 172	 183	 19.00
141	 142	 263	 17.00
141	 173	 242	 21.00
142	 143	 210	 18.00
142	 174	 267	 17.00
143	 144	 231	 19.00
143	 175	 225	 18.00
144	 145	 193	 23.00
144	 176	 276	 16.00
145	 146	 123	 18.00
145	 177	 175	 20.00
146	 147	 161	 18.00
146	 178	 149	 18.00
147	 148	 134	 23.00
147	 179	 157	 20.00
148	 149	 160	 20.00
148	 180	 201	 16.00
149	 150	 206	 19.00
149	 181	 276	 17.00
150	 151	 267	 17.00
150	 182	 210	 18.00
151	 152	 176	 22.00
151	 183	 202	 23.00
152	 153	 184	 24.00
152	 184	 188	 17.00
153	 154	 251	 23.00
153	 185	 212	 24.00
154	 155	 185	 20.00
154	 186	 169	 22.00
155	 156	 196	 18.00
155	 187	 153	 16.00
156	 157	 141	 22.00
156	 188	 237	 19.00
157	 158	 262	 20.00
157	 189	 276	 19.00
158	 159	 190	 21.00
158	 190	 207	 16.00
159	 191	 256	 21.00
160	 161	 252	 17.00
160	 192	 153	 17.00
161	 162	 133	 22.00
161	 193	 142	 20.00
162	 163	 266	 19.00
162	 194	 175	 20.00
163	 164	 277	 21.00
163	 195	 154	 20.00
164	 165	 221	 23.00
164	 196	 207	 21.00
165	 166	 217	 17.00
165	 197	 218	 19.00
166	 167	 262	 16.00
166	 198	 231	 18.00
167	 168	 198	 23.00
167	 199	 135	 18.00
168	 169	 197	 24.00
168	 200	 262	 21.00
169	 170	 188	 23.00
169	 201	 129	 19.00
170	 171	 159	 23.00
170	 202	 266	 24.00
171	 172	 266	 16.00
171	 203	 176	 19.00
172	 173	 185	 18.00
172	 204	 201	 16.00
173	 174	 209	 23.00
173	 205	 232	 23.00
174	 175	 191	 17.00
174	 206	 221	 24.00
175	 176	 162	 19.00
175	 207	 177	 24.00
176	 177	 185	 19.00
176	 208	 257	 17.00
177	 178	 168	 16.00
177	 209	 262	 24.00
178	 179	 228	 24.00
178	 210	 170	 24.00
179	 180	 161	 23.00
179	 211	 235	 18.00
180	 181	 210	 24.00
180	 212	 265	 23.00
181	 182	 170	 18.00
181	 213	 246	 16.00
182	 183	 126	 19.00
182	 214	 256	 23.00
183	 184	 232	 16.00
183	 215	 200	 24.00
184	 185	 154	 16.00
184	 216	 134	 22.00
185	 186	 267	 17.00
185	 217	 223	 17.00
186	 187	 175	 21.00
186	 218	 253	 17.00
187	 188	 200	 21.00
187	 219	 173	 16.00
188	 189	 236	 22.00
188	 220	 238	 22.00
189	 190	 126	 20.00
189	 221	 251	 19.00
190	 191	 139	 18.00
190	 222	 242	 22.00
191	 223	 190	 20.00
192	 193	 152	 23.00
192	 224	 131	 16.00
193	 194	 200	 18.00
193	 225	 168	 24.00
194	 195	 141	 18.00
194	 226	 122	 16.00
195	 196	 229	 18.00
195	 227	 270	 24.00
196	 197	 199	 19.00
196	 228	 139	 17.00
197	 198	 176	 16.00
197	 229	 156	 16.00
198	 199	 189	 17.00
198	 230	 248	 19.00
199	 200	 184	 16.00
199	 231	 124	 23.00
200	 201	 176	 20.00
200	 232	 246	 19.00
201	 202	 196	 16.00
201	 233	 181	 23.00
202	 203	 181	 18.00
202	 234	 142	 16.00
203	 204	 135	 18.00
203	 235	 165	 19.00
204	 205	 234	 21.00
204	 236	 221	 17.00
205	 206	 149	 16.00
205	 237	 233	 24.00
206	 207	 120	 24.00
206	 238	 159	 17.00
207	 208	 227	 18.00
207	 239	 170	 19.00
208	 209	 213	 20.00
208	 240	 159	 18.00
209	 210	 272	 20.00
209	 241	 192	 16.00
210	 211	 134	 23.00
210	 242	 142	 24.00
211	 212	 161	 23.00
211	 243	 213	 18.00
212	 213	 234	 22.00
212	 244	 235	 23.00
213	 214	 140	 24.00
213	 245	 146	 22.00
214	 215	 227	 19.00
214	 246	 156	 16.00
215	 216	 123	 24.00
215	 247	 208	 24.00
216	 217	 162	 16.00
216	 248	 193	 20.00
217	 218	 160	 23.00
217	 249	 144	 19.00
218	 219	 170	 19.00
218	 250	 141	 24.00
219	 220	 176	 20.00
219	 251	 246	 17.00
220	 221	 122	 16.00
220	 252	 184	 24.00
221	 222	 209	 21.00
221	 253	 236	 24.00
222	 223	 165	 21.00
222	 254	 156	 17.00
223	 255	 190	 24.00
224	 225	 169	 24.00
224	 256	 279	 18.00
225	 226	 131	 16.00
225	 257	 240	 17.00
226	 227	 274	 22.00
226	 258	 155	 20.00
227	 228	 181	 18.00
227	 259	 212	 18.00
228	 229	 223	 24.00
228	 260	 246	 17.00
229	 230	 184	 19.00
229	 261	 165	 21.00
230	 231	 165	 24.00
230	 262	 260	 21.00
231	 232	 228	 21.00
231	 263	 162	 24.00
232	 233	 210	 24.00
232	 264	 134	 22.00
233	 234	 252	 22.00
233	 265	 172	 22.00
234	 235	 235	 18.00
234	 266	 244	 19.00
235	 236	 140	 17.00
235	 267	 205	 16.00
236	 237	 247	 24.00
236	 268	 197	 23.00
237	 238	 200	 23.00
237	 269	 146	 24.00
238	 239	 220	 18.00
238	 270	 170	 18.00
239	 240	 244	 21.00
239	 271	 189	 17.00
240	 241	 141	 17.00
240	 272	 138	 19.00
241	 242	 124	 16.00
241	 273	 244	 17.00
242	 243	 229	 17.00
242	 274	 144	 24.00
243	 244	 261	 19.00
243	 275	 265	 16.00
244	 245	 232	 16.00
244	 276	 252	 21.00
245	 246	 133	 23.00
245	 277	 207	 22.00
246	 247	 262	 17.00
246	 278	 147	 18.00
247	 248	 153	 24.00
247	 279	 170	 23.00
248	 249	 141	 24.00
248	 280	 183	 20.00
249	 250	 227	 21.00
249	 281	 268	 16.00
250	 251	 269	 19.00
250	 282	 249	 17.00
251	 252	 143	 18.00
251	 283	 248	 19.00
252	 253	 243	 20.00
252	 284	 232	 22.00
253	 254	 227	 16.00
253	 285	 149	 23.00
254	 255	 212	 22.00
254	 286	 231	 17.00
255	 287	 178	 23.00
256	 257	 248	 19.00
256	 288	 230	 18.00
257	 258	 191	 19.00
257	 289	 160	 16.00
258	 259	 128	 17.00
258	 290	 172	 21.00
259	 260	 175	 20.00
259	 291	 209	 17.00
260	 261	 169	 23.00
260	 292	 225	 23.00
261	 262	 159	 16.00
261	 293	 177	 23.00
262	 263	 266	 16.00
262	 294	 208	 23.00
263	 264	 185	 19.00
263	 295	 147	 22.00
264	 265	 228	 17.00
264	 296	 135	 20.00
265	 266	 123	 18.00
265	 297	 121	 20.00
266	 267	 197	 20.00
266	 298	 239	 16.00
267	 268	 154	 22.00
267	 299	 269	 17.00
268	 269	 209	 22.00
268	 300	 192	 23.00
269	 270	 264	 18.00
269	 301	 265	 21.00
270	 271	 200	 21.00
270	 302	 211	 23.00
271	 272	 134	 23.00
271	 303	 231	 19.00
272	 273	 172	 16.00
272	 304	 229	 18.00
273	 274	 225	 17.00
273	 305	 148	 19.00
274	 275	 191	 16.00
274	 306	 166	 22.00
275	 276	 120	 24.00
275	 307	 134	 21.00
276	 277	 216	 23.00
276	 308	 135	 19.00
277	 278	 155	 19.00
277	 309	 218	 19.00
278	 279	 229	 19.00
278	 310	 229	 19.00
279	 280	 157	 21.00
279	 311	 137	 20.00
280	 281	 207	 21.00
280	 312	 204	 20.00
281	 282	 129	 20.00
281	 313	 146	 24.00
282	 283	 230	 17.00
282	 314	 274	 24.00
283	 284	 128	 19.00
283	 315	 201	 19.00
284	 285	 200	 18.00
284	 316	 185	 24.00
285	 286	 141	 19.00
285	 317	 188	 21.00
286	 287	 234	 17.00
286	 318	 254	 20.00
287	 319	 125	 23.00
288	 289	 235	 20.00
288	 320	 227	 18.00
289	 290	 131	 16.00
289	 321	 235	 19.00
290	 291	 279	 18.00
290	 322	 278	 18.00
291	 292	 233	 22.00
291	 323	 121	 23.00
292	 293	 248	 21.00
292	 324	 166	 16.00
293	 294	 195	 22.00
293	 325	 145	 20.00
294	 295	 264	 17.00
294	 326	 174	 24.00
295	 296	 174	 20.00
295	 327	 197	 22.00
296	 297	 264	 23.00
296	 328	 269	 23.00
297	 298	 150	 21.00
297	 329	 177	 23.00
298	 299	 237	 17.00
298	 330	 203	 23.00
299	 300	 225	 21.00
299	 331	 148	 22.00
300	 301	 220	 24.00
300	 332	 126	 18.00
301	 302	 172	 21.00
301	 333	 224	 18.00
302	 303	 156	 24.00
302	 334	 243	 23.00
303	 304	 256	 18.00
303	 335	 161	 21.00
304	 305	 142	 22.00
304	 336	 144	 23.00
305	 306	 126	 21.00
305	 337	 264	 16.00
306	 307	 214	 23.00
306	 338	 121	 22.00
307	 308	 197	 24.00
307	 339	 212	 24.00
308	 309	 179	 20.00
308	 340	 152	 20.00
309	 310	 258	 19.00
309	 341	 225	 20.00
310	 311	 143	 16.00
310	 342	 148	 16.00
311	 312	 259	 18.00
311	 343	 168	 18.00
312	 313	 216	 19.00
312	 344	 211	 20.00
313	 314	 230	 24.00
313	 345	 121	 19.00
314	 315	 189	 24.00
314	 346	 225	 21.00
315	 316	 134	 24.00
315	 347	 212	 16.00
316	 317	 178	 20.00
316	 348	 250	 16.00
317	 318	 160	 22.00
317	 349	 199	 19.00
318	 319	 127	 16.00
318	 350	 237	 17.00
319	 351	 168	 16.00
320	 321	 244	 20.00
320	 352	 190	 16.00
321	 322	 266	 22.00
321	 353	 206	 19.00
322	 323	 135	 23.00
322	 354	 148	 18.00
323	 324	 217	 23.00
323	 355	 252	 20.00
324	 325	 144	 21.00
324	 356	 149	 23.00
325	 326	 172	 24.00
325	 357	 219	 18.00
326	 327	 147	 17.00
326	 358	 269	 22.00
327	 328	 143	 24.00
327	 359	 180	 20.00
328	 329	 211	 17.00
328	 360	 127	 23.00
329	 330	 263	 17.00
329	 361	 256	 21.00
330	 331	 173	 19.00
330	 362	 260	 19.00
331	 332	 207	 19.00
331	 363	 252	 16.00
332	 333	 214	 21.00
332	 364	 270	 22.00
333	 334	 239	 23.00
333	 365	 268	 19.00
334	 335	 273	 21.00
334	 366	 177	 21.00
335	 336	 207	 23.00
335	 367	 150	 19.00
336	 337	 166	 18.00
336	 368	 169	 19.00
337	 338	 161	 22.00
337	 369	 156	 23.00
338	 339	 130	 20.00
338	 370	 223	 23.00
339	 340	 136	 22.00
339	 371	 135	 18.00
340	 341	 181	 21.00
340	 372	 258	 23.00
341	 342	 120	 23.00
341	 373	 187	 22.00
342	 343	 252	 18.00
342	 374	 214	 18.00
343	 344	 131	 16.00
343	 375	 154	 20.00
344	 345	 179	 17.00
344	 376	 167	 22.00
345	 346	 144	 20.00
345	 377	 231	 18.00
346	 347	 186	 24.00
346	 378	 170	 17.00
347	 348	 183	 18.00
347	 379	 213	 24.00
348	 349	 244	 24.00
348	 380	 179	 19.00
349	 350	 205	 24.00
349	 381	 256	 18.00
350	 351	 127	 16.00
350	 382	 189	 16.00
351	 383	 174	 21.00
352	 353	 240	 16.00
352	 384	 177	 16.00
353	 354	 148	 21.00
353	 385	 249	 23.00
354	 355	 212	 20.00
354	 386	 156	 23.00
355	 356	 235	 21.00
355	 387	 207	 22.00
356	 357	 278	 24.00
356	 388	 158	 21.00
357	 358	 179	 20.00
357	 389	 241	 22.00
358	 359	 225	 20.00
358	 390	 123	 24.00
359	 360	 250	 18.00
359	 391	 189	 21.00
360	 361	 276	 23.00
360	 392	 215	 23.00
361	 362	 156	 22.00
361	 393	 180	 17.00
362	 363	 211	 24.00
362	 394	 137	 21.00
363	 364	 176	 21.00
363	 395	 226	 23.00
364	 365	 191	 16.00
364	 396	 273	 17.00
365	 366	 271	 18.00
365	 397	 214	 21.00
366	 367	 159	 19.00
366	 398	 203	 17.00
367	 368	 238	 16.00
367	 399	 194	 20.00
368	 369	 265	 24.00
368	 400	 146	 22.00
369	 370	 165	 20.00
369	 401	 193	 24.00
370	 371	 160	 16.00
370	 402	 256	 23.00
371	 372	 243	 16.00
371	 403	 244	 23.00
372	 373	 182	 20.00
372	 404	 177	 24.00
373	 374	 165	 24.00
373	 405	 260	 17.00
374	 375	 265	 17.00
374	 406	 272	 24.00
375	 376	 262	 21.00
375	 407	 196	 16.00
376	 377	 278	 23.00
376	 408	 179	 16.00
377	 378	 180	 21.00
377	 409	 156	 23.00
378	 379	 125	 24.00
378	 410	 123	 16.00
379	 380	 158	 17.00
379	 411	 123	 20.00
380	 381	 228	 24.00
380	 412	 222	 24.00
381	 382	 228	 18.00
381	 413	 207	 17.00
382	 383	 145	 20.00
382	 414	 190	 24.00
383	 415	 122	 16.00
384	 385	 213	 22.00
384	 416	 188	 19.00
385	 386	 160	 21.00
385	 417	 133	 17.00
386	 387	 242	 24.00
386	 418	 152	 23.00
387	 388	 180	 17.00
387	 419	 202	 23.00
388	 389	 179	 19.00
388	 420	 193	 22.00
389	 390	 235	 22.00
389	 421	 201	 24.00
390	 391	 184	 21.00
390	 422	 207	 21.00
391	 392	 272	 21.00
391	 423	 192	 16.00
392	 393	 161	 21.00
392	 424	 181	 17.00
393	 394	 130	 20.00
393	 425	 136	 22.00
394	 395	 151	 24.00
394	 426	 265	 20.00
395	 396	 274	 24.00
395	 427	 128	 18.00
396	 397	 268	 24.00
396	 428	 253	 18.00
397	 398	 231	 19.00
397	 429	 169	 23.00
398	 399	 173	 22.00
398	 430	 257	 24.00
399	 400	 210	 22.00
399	 431	 236	 22.00
400	 401	 212	 21.00
400	 432	 244	 21.00
401	 402	 175	 17.00
401	 433	 159	 18.00
402	 403	 219	 20.00
402	 434	 219	 20.00
403	 404	 121	 21.00
403	 435	 258	 22.00
404	 405	 140	 21.00
404	 436	 143	 20.00
405	 406	 274	 16.00
405	 437	 235	 22.00
406	 407	 144	 20.00
406	 438	 239	 18.00
407	 408	 151	 18.00
407	 439	 264	 21.00
408	 409	 199	 23.00
408	 440	 275	 16.00
409	 410	 251	 16.00
409	 441	 193	 24.00
410	 411	 130	 21.00
410	 442	 236	 17.00
411	 412	 120	 19.00
411	 443	 213	 19.00
412	 413	 212	 17.00
412	 444	 146	 21.00
413	 414	 221	 24.00
413	 445	 184	 24.00
414	 415	 224	 22.00
414	 446	 246	 16.00
415	 447	 187	 19.00
416	 417	 145	 20.00
416	 448	 212	 22.00
417	 418	 225	 24.00
417	 449	 268	 22.00
418	 419	 166	 23.00
418	 450	 213	 24.00
419	 420	 191	 19.00
419	 451	 236	 24.00
420	 421	 194	 20.00
420	 452	 228	 21.00
421	 422	 207	 21.00
421	 453	 129	 23.00
422	 423	 245	 16.00
422	 454	 140	 22.00
423	 424	 178	 16.00
423	 455	 136	 18.00
424	 425	 165	 23.00
424	 456	 236	 22.00
425	 426	 257	 18.00
425	 457	 269	 17.00
426	 427	 249	 21.00
426	 458	 240	 24.00
427	 428	 258	 24.00
427	 459	 206	 21.00
428	 429	 262	 23.00
428	 460	 265	 24.00
429	 430	 157	 20.00
429	 461	 246	 16.00
430	 431	 156	 18.00
430	 462	 180	 18.00
431	 432	 156	 17.00
431	 463	 169	 20.00
432	 433	 157	 17.00
432	 464	 193	 20.00
433	 434	 204	 18.00
433	 465	 242	 17.00
434	 435	 174	 18.00
434	 466	 209	 21.00
435	 436	 183	 19.00
435	 467	 234	 16.00
436	 437	 166	 22.00
436	 468	 163	 21.00
437	 438	 133	 23.00
437	 469	 224	 19.00
438	 439	 254	 17.00
438	 470	 140	 19.00
439	 440	 123	 18.00
439	 471	 171	 19.00
440	 441	 203	 22.00
440	 472	 149	 23.00
441	 442	 184	 24.00
441	 473	 214	 23.00
442	 443	 238	 22.00
442	 474	 198	 24.00
443	 444	 171	 18.00
443	 475	 137	 19.00
444	 445	 158	 19.00
444	 476	 146	 22.00
445	 446	 252	 22.00
445	 477	 152	 24.00
446	 447	 241	 22.00
446	 478	 227	 24.00
447	 479	 231	 16.00
448	 449	 154	 23.00
448	 480	 243	 24.00
449	 450	 262	 23.00
449	 481	 144	 17.00
450	 451	 175	 20.00
450	 482	 268	 18.00
451	 452	 134	 24.00
451	 483	 254	 23.00
452	 453	 273	 22.00
452	 484	 195	 16.00
453	 454	 123	 24.00
453	 485	 275	 19.00
454	 455	 234	 23.00
454	 486	 163	 24.00
455	 456	 239	 17.00
455	 487	 215	 24.00
456	 457	 160	 21.00
456	 488	 151	 16.00
457	 458	 185	 20.00
457	 489	 234	 23.00
458	 459	 145	 21.00
458	 490	 206	 20.00
459	 460	 170	 24.00
459	 491	 195	 19.00
460	 461	 137	 24.00
460	 492	 156	 16.00
461	 462	 157	 24.00
461	 493	 190	 21.00
462	 463	 154	 16.00
462	 494	 245	 22.00
463	 464	 120	 19.00
463	 495	 268	 21.00
464	 465	 267	 24.00
464	 496	 230	 23.00
465	 466	 154	 16.00
465	 497	 196	 22.00
466	 467	 183	 22.00
466	 498	 156	 16.00
467	 468	 218	 20.00
467	 499	 206	 17.00
468	 469	 148	 22.00
468	 500	 275	 18.00
469	 470	 237	 22.00
469	 501	 127	 21.00
470	 471	 186	 17.00
470	 502	 166	 19.00
471	 472	 152	 19.00
471	 503	 156	 18.00
472	 473	 122	 22.00
472	 504	 148	 20.00
473	 474	 146	 16.00
473	 505	 217	 18.00
474	 475	 236	 20.00
474	 506	 250	 17.00
475	 476	 264	 16.00
475	 507	 254	 19.00
476	 477	 211	 19.00
476	 508	 222	 22.00
477	 478	 180	 24.00
477	 509	 267	 16.00
478	 479	 251	 23.00
478	 510	 173	 18.00
479	 511	 120	 21.00
480	 481	 188	 21.00
480	 512	 280	 21.00
481	 482	 239	 16.00
481	 513	 136	 24.00
482	 483	 234	 17.00
482	 514	 193	 22.00
483	 484	 150	 23.00
483	 515	 143	 19.00
484	 485	 269	 16.00
484	 516	 252	 22.00
485	 486	 190	 16.00
485	 517	 120	 16.00
486	 487	 203	 23.00
486	 518	 227	 20.00
487	 488	 231	 19.00
487	 519	 131	 24.00
488	 489	 246	 20.00
488	 520	 208	 23.00
489	 490	 211	 16.00
489	 521	 185	 20.00
490	 491	 152	 22.00
490	 522	 147	 23.00
491	 492	 265	 21.00
491	 523	 159	 19.00
492	 493	 238	 23.00
492	 524	 172	 20.00
493	 494	 123	 19.00
493	 525	 200	 19.00
494	 495	 156	 18.00
494	 526	 183	 19.00
495	 496	 230	 17.00
495	 527	 132	 19.00
496	 497	 272	 18.00
496	 528	 144	 18.00
497	 498	 268	 18.00
497	 529	 188	 23.00
498	 499	 259	 21.00
498	 530	 235	 21.00
499	 500	 127	 18.00
499	 531	 216	 17.00
500	 501	 226	 16.00
500	 532	 221	 24.00
501	 502	 246	 16.00
501	 533	 225	 19.00
502	 503	 242	 19.00
502	 534	 149	 17.00
503	 504	 231	 17.00
503	 535	 148	 16.00
504	 505	 265	 23.00
504	 536	 201	 22.00
505	 506	 159	 20.00
505	 537	 275	 22.00
506	 507	 255	 22.00
506	 538	 221	 22.00
507	 508	 177	 23.00
507	 539	 135	 24.00
508	 509	 166	 24.00
508	 540	 121	 21.00
509	 510	 145	 22.00
509	 541	 168	 20.00
510	 511	 154	 18.00
510	 542	 194	 18.00
511	 543	 250	 24.00
512	 513	 269	 18.00
512	 544	 120	 18.00
513	 514	 277	 16.00
513	 545	 278	 16.00
514	 515	 171	 20.00
514	 546	 222	 19.00
515	 516	 235	 20.00
515	 547	 155	 20.00
516	 517	 212	 16.00
516	 548	 230	 19.00
517	 518	 125	 20.00
517	 549	 237	 24.00
518	 519	 159	 22.00
518	 550	 277	 21.00
519	 520	 259	 24.00
519	 551	 227	 21.00
520	 521	 201	 19.00
520	 552	 275	 18.00
521	 522	 242	 19.00
521	 553	 168	 20.00
522	 523	 170	 20.00
522	 554	 137	 22.00
523	 524	 195	 21.00
523	 555	 126	 20.00
524	 525	 185	 17.00
524	 556	 239	 24.00
525	 526	 194	 21.00
525	 557	 140	 17.00
526	 527	 240	 24.00
526	 558	 181	 18.00
527	 528	 169	 23.00
527	 559	 124	 20.00
528	 529	 273	 17.00
528	 560	 173	 22.00
529	 530	 157	 17.00
529	 561	 181	 16.00
530	 531	 151	 19.00
530	 562	 198	 22.00
531	 532	 225	 24.00
531	 563	 185	 24.00
532	 533	 267	 23.00
532	 564	 150	 17.00
533	 534	 243	 24.00
533	 565	 147	 20.00
534	 535	 212	 18.00
534	 566	 207	 23.00
535	 536	 186	 18.00
535	 567	 243	 23.00
536	 537	 260	 19.00
536	 568	 131	 16.00
537	 538	 198	 22.00
537	 569	 219	 16.00
538	 539	 155	 22.00
538	 570	 176	 16.00
539	 540	 167	 20.00
539	 571	 124	 18.00
540	 541	 265	 24.00
540	 572	 232	 16.00
541	 542	 235	 22.00
541	 573	 232	 17.00
542	 543	 120	 23.00
542	 574	 202	 18.00
543	 575	 207	 20.00
544	 545	 255	 20.00
544	 576	 248	 23.00
545	 546	 191	 17.00
545	 577	 267	 21.00
546	 547	 183	 22.00
546	 578	 225	 18.00
547	 548	 224	 23.00
547	 579	 215	 19.00
548	 549	 219	 16.00
548	 580	 234	 19.00
549	 550	 225	 19.00
549	 581	 163	 18.00
550	 551	 245	 19.00
550	 582	 162	 18.00
551	 552	 139	 20.00
551	 583	 165	 16.00
552	 553	 257	 21.00
552	 584	 173	 21.00
553	 554	 142	 17.00
553	 585	 211	 21.00
554	 555	 168	 24.00
554	 586	 232	 17.00
555	 556	 230	 19.00
555	 587	 280	 24.00
556	 557	 142	 22.00
556	 588	 133	 20.00
557	 558	 193	 22.00
557	 589	 144	 22.00
558	 559	 274	 16.00
558	 590	 209	 16.00
559	 560	 221	 19.00
559	 591	 270	 19.00
560	 561	 280	 23.00
560	 592	 190	 16.00
561	 562	 218	 23.00
561	 593	 248	 23.00
562	 563	 197	 22.00
562	 594	 212	 20.00
563	 564	 215	 23.00
563	 595	 236	 20.00
564	 565	 124	 18.00
564	 596	 171	 21.00
565	 566	 238	 23.00
565	 597	 250	 17.00
566	 567	 277	 16.00
566	 598	 139	 24.00
567	 568	 222	 24.00
567	 599	 136	 20.00
568	 569	 216	 18.00
568	 600	 221	 20.00
569	 570	 239	 17.00
569	 601	 149	 24.00
570	 571	 153	 24.00
570	 602	 202	 21.00
571	 572	 269	 17.00
571	 603	 148	 23.00
572	 573	 190	 18.00
572	 604	 151	 24.00
573	 574	 133	 17.00
573	 605	 258	 24.00
574	 575	 145	 19.00
574	 606	 136	 23.00
575	 607	 128	 21.00
576	 577	 127	 17.00
576	 608	 127	 17.00
577	 578	 195	 20.00
577	 609	 167	 19.00
578	 579	 192	 22.00
578	 610	 260	 20.00
579	 580	 219	 23.00
579	 611	 207	 17.00
580	 581	 129	 20.00
580	 612	 214	 23.00
581	 582	 263	 19.00
581	 613	 181	 24.00
582	 583	 166	 22.00
582	 614	 274	 21.00
583	 584	 233	 21.00
583	 615	 154	 19.00
584	 585	 173	 21.00
584	 616	 258	 19.00
585	 586	 262	 23.00
585	 617	 173	 22.00
586	 587	 153	 24.00
586	 618	 193	 23.00
587	 588	 142	 24.00
587	 619	 235	 23.00
588	 589	 152	 21.00
588	 620	 250	 23.00
589	 590	 228	 21.00
589	 621	 262	 22.00
590	 591	 230	 17.00
590	 622	 265	 20.00
591	 592	 133	 22.00
591	 623	 165	 19.00
592	 593	 155	 23.00
592	 624	 237	 18.00
593	 594	 175	 16.00
593	 625	 166	 17.00
594	 595	 139	 21.00
594	 626	 132	 22.00
595	 596	 227	 22.00
595	 627	 199	 23.00
596	 597	 172	 17.00
596	 628	 203	 18.00
597	 598	 153	 20.00
597	 629	 246	 18.00
598	 599	 192	 17.00
598	 630	 145	 20.00
599	 600	 175	 18.00
599	 631	 168	 18.00
600	 601	 148	 21.00
600	 632	 255	 19.00
601	 602	 171	 21.00
601	 633	 196	 19.00
602	 603	 166	 17.00
602	 634	 266	 21.00
603	 604	 261	 24.00
603	 635	 175	 22.00
604	 605	 238	 19.00
604	 636	 246	 24.00
605	 606	 159	 18.00
605	 637	 279	 19.00
606	 607	 150	 21.00
606	 638	 275	 16.00
607	 639	 225	 24.00
608	 609	 221	 19.00
608	 640	 275	 16.00
609	 610	 132	 22.00
609	 641	 158	 19.00
610	 611	 212	 21.00
610	 642	 259	 22.00
611	 612	 171	 23.00
611	 643	 181	 23.00
612	 613	 219	 17.00
612	 644	 128	 21.00
613	 614	 160	 21.00
613	 645	 271	 18.00
614	 615	 177	 20.00
614	 646	 162	 16.00
615	 616	 232	 19.00
615	 647	 142	 18.00
616	 617	 125	 24.00
616	 648	 127	 20.00
617	 618	 184	 23.00
617	 649	 203	 24.00
618	 619	 210	 17.00
618	 650	 254	 23.00
619	 620	 228	 22.00
619	 651	 238	 21.00
620	 621	 277	 21.00
620	 652	 133	 21.00
621	 622	 235	 24.00
621	 653	 269	 21.00
622	 623	 138	 23.00
622	 654	 155	 18.00
623	 624	 180	 16.00
623	 655	 172	 18.00
624	 625	 139	 16.00
624	 656	 219	 17.00
625	 626	 178	 21.00
625	 657	 131	 19.00
626	 627	 264	 23.00
626	 658	 266	 17.00
627	 628	 214	 21.00
627	 659	 213	 22.00
628	 629	 267	 18.00
628	 660	 191	 22.00
629	 630	 123	 21.00
629	 661	 183	 24.00
630	 631	 252	 24.00
630	 662	 268	 18.00
631	 632	 208	 24.00
631	 663	 261	 22.00
632	 633	 171	 23.00
632	 664	 220	 20.00
633	 634	 146	 18.00
633	 665	 242	 23.00
634	 635	 241	 16.00
634	 666	 124	 21.00
635	 636	 144	 19.00
635	 667	 274	 21.00
636	 637	 182	 21.00
636	 668	 189	 17.00
637	 638	 227	 16.00
637	 669	 193	 17.00
638	 639	 266	 16.00
638	 670	 184	 18.00
639	 671	 275	 19.00
640	 641	 244	 23.00
640	 672	 122	 16.00
641	 642	 155	 19.00
641	 673	 218	 20.00
642	 643	 199	 23.00
642	 674	 244	 22.00
643	 644	 171	 24.00
643	 675	 137	 17.00
644	 645	 193	 16.00
644	 676	 142	 20.00
645	 646	 126	 23.00
645	 677	 242	 20.00
646	 647	 235	 16.00
646	 678	 141	 18.00
647	 648	 185	 20.00
647	 679	 180	 17.00
648	 649	 142	 16.00
648	 680	 178	 24.00
649	 650	 255	 21.00
649	 681	 211	 17.00
650	 651	 135	 17.00
650	 682	 181	 20.00
651	 652	 154	 20.00
651	 683	 182	 16.00
652	 653	 132	 24.00
652	 684	 238	 20.00
653	 654	 134	 22.00
653	 685	 204	 19.00
654	 655	 246	 21.00
654	 686	 144	 21.00
655	 656	 279	 20.00
655	 687	 241	 17.00
656	 657	 191	 20.00
656	 688	 260	 16.00
657	 658	 213	 17.00
657	 689	 210	 16.00
658	 659	 265	 18.00
658	 690	 271	 17.00
659	 660	 257	 20.00
659	 691	 183	 22.00
660	 661	 178	 16.00
660	 692	 232	 16.00
661	 662	 208	 18.00
661	 693	 235	 23.00
662	 663	 155	 24.00
662	 694	 270	 16.00
663	 664	 267	 22.00
663	 695	 215	 19.00
664	 665	 159	 16.00
664	 696	 120	 17.00
665	 666	 180	 24.00
665	 697	 233	 24.00
666	 667	 165	 18.00
666	 698	 216	 21.00
667	 668	 135	 20.00
667	 699	 245	 24.00
668	 669	 173	 24.00
668	 700	 171	 19.00
669	 670	 151	 17.00
669	 701	 165	 23.00
670	 671	 139	 20.00
670	 702	 182	 19.00
671	 703	 226	 18.00
672	 673	 129	 18.00
672	 704	 123	 19.00
673	 674	 196	 21.00
673	 705	 164	 23.00
674	 675	 159	 17.00
674	 706	 120	 21.00
675	 676	 190	 16.00
675	 707	 126	 23.00
676	 677	 227	 19.00
676	 708	 198	 24.00
677	 678	 253	 17.00
677	 709	 280	 22.00
678	 679	 244	 21.00
678	 710	 127	 24.00
679	 680	 235	 21.00
679	 711	 272	 21.00
680	 681	 185	 20.00
680	 712	 167	 18.00
681	 682	 192	 18.00
681	 713	 146	 23.00
682	 683	 123	 18.00
682	 714	 264	 23.00
683	 684	 248	 18.00
683	 715	 209	 20.00
684	 685	 189	 20.00
684	 716	 162	 18.00
685	 686	 243	 17.00
685	 717	 146	 24.00
686	 687	 254	 23.00
686	 718	 280	 21.00
687	 688	 275	 16.00
687	 719	 154	 18.00
688	 689	 272	 21.00
688	 720	 198	 16.00
689	 690	 180	 17.00
689	 721	 137	 22.00
690	 691	 194	 21.00
690	 722	 234	 21.00
691	 692	 197	 19.00
691	 723	 148	 19.00
692	 693	 267	 23.00
692	 724	 224	 21.00
693	 694	 126	 24.00
693	 725	 220	 21.00
694	 695	 231	 19.00
694	 726	 200	 20.00
695	 696	 141	 22.00
695	 727	 149	 17.00
696	 697	 234	 24.00
696	 728	 133	 22.00
697	 698	 133	 16.00
697	 729	 263	 17.00
698	 699	 141	 20.00
698	 730	 233	 16.00
699	 700	 132	 16.00
699	 731	 235	 19.00
700	 701	 154	 23.00
700	 732	 213	 24.00
701	 702	 266	 16.00
701	 733	 207	 16.00
702	 703	 159	 18.00
702	 734	 135	 21.00
703	 735	 276	 22.00
704	 705	 160	 24.00
704	 736	 152	 16.00
705	 706	 203	 24.00
705	 737	 169	 22.00
706	 707	 139	 19.00
706	 738	 149	 16.00
707	 708	 144	 17.00
707	 739	 214	 16.00
708	 709	 160	 23.00
708	 740	 264	 20.00
709	 710	 202	 17.00
709	 741	 203	 22.00
710	 711	 182	 19.00
710	 742	 187	 22.00
711	 712	 161	 16.00
711	 743	 141	 22.00
712	 713	 214	 23.00
712	 744	 147	 23.00
713	 714	 233	 24.00
713	 745	 134	 20.00
714	 715	 121	 16.00
714	 746	 188	 18.00
715	 716	 164	 23.00
715	 747	 254	 22.00
716	 717	 126	 18.00
716	 748	 158	 19.00
717	 718	 175	 19.00
717	 749	 257	 21.00
718	 719	 241	 16.00
718	 750	 257	 19.00
719	 720	 189	 24.00
719	 751	 146	 22.00
720	 721	 213	 24.00
720	 752	 179	 21.00
721	 722	 125	 20.00
721	 753	 253	 19.00
722	 723	 140	 23.00
722	 754	 237	 17.00
723	 724	 169	 22.00
723	 755	 199	 24.00
724	 725	 211	 23.00
724	 756	 130	 18.00
725	 726	 274	 23.00
725	 757	 160	 21.00
726	 727	 131	 22.00
726	 758	 227	 23.00
727	 728	 137	 24.00
727	 759	 265	 18.00
728	 729	 263	 23.00
728	 760	 154	 19.00
729	 730	 274	 21.00
729	 761	 258	 19.00
730	 731	 230	 23.00
730	 762	 212	 23.00
731	 732	 264	 19.00
731	 763	 146	 23.00
732	 733	 138	 22.00
732	 764	 255	 19.00
733	 734	 163	 24.00
733	 765	 272	 17.00
734	 735	 185	 24.00
734	 766	 153	 19.00
735	 767	 237	 21.00
736	 737	 219	 18.00
736	 768	 174	 21.00
737	 738	 158	 16.00
737	 769	 244	 17.00
738	 739	 159	 17.00
738	 770	 230	 23.00
739	 740	 208	 23.00
739	 771	 166	 19.00
740	 741	 158	 22.00
740	 772	 224	 18.00
741	 742	 147	 19.00
741	 773	 224	 20.00
742	 743	 196	 16.00
742	 774	 144	 21.00
743	 744	 180	 16.00
743	 775	 148	 20.00
744	 745	 184	 23.00
744	 776	 206	 20.00
745	 746	 211	 21.00
745	 777	 186	 19.00
746	 747	 129	 21.00
746	 778	 255	 18.00
747	 748	 266	 24.00
747	 779	 135	 21.00
748	 749	 278	 16.00
748	 780	 261	 24.00
749	 750	 150	 19.00
749	 781	 263	 24.00
750	 751	 245	 20.00
750	 782	 258	 17.00
751	 752	 149	 17.00
751	 783	 189	 23.00
752	 753	 232	 22.00
752	 784	 172	 24.00
753	 754	 261	 22.00
753	 785	 149	 21.00
754	 755	 131	 18.00
754	 786	 134	 19.00
755	 756	 276	 23.00
755	 787	 125	 23.00
756	 757	 126	 23.00
756	 788	 162	 20.00
757	 758	 153	 22.00
757	 789	 269	 18.00
758	 759	 223	 24.00
758	 790	 261	 17.00
759	 760	 160	 23.00
759	 791	 256	 19.00
760	 761	 249	 16.00
760	 792	 162	 16.00
761	 762	 216	 16.00
761	 793	 269	 17.00
762	 763	 130	 23.00
762	 794	 146	 23.00
763	 764	 147	 16.00
763	 795	 228	 19.00
764	 765	 269	 24.00
764	 796	 278	 21.00
765	 766	 218	 18.00
765	 797	 202	 22.00
766	 767	 231	 21.00
766	 798	 159	 20.00
767	 799	 170	 24.00
768	 769	 170	 20.00
768	 800	 186	 18.00
769	 770	 219	 23.00
769	 801	 216	 17.00
770	 771	 273	 23.00
770	 802	 217	 20.00
771	 772	 189	 16.00
771	 803	 199	 23.00
772	 773	 233	 22.00
772	 804	 271	 21.00
773	 774	 194	 20.00
773	 805	 182	 20.00
774	 775	 194	 18.00
774	 806	 271	 23.00
775	 776	 162	 19.00
775	 807	 243	 20.00
776	 777	 151	 21.00
776	 808	 206	 18.00
777	 778	 200	 24.00
777	 809	 200	 20.00
778	 779	 130	 20.00
778	 810	 217	 17.00
779	 780	 213	 18.00
779	 811	 144	 21.00
780	 781	 146	 23.00
780	 812	 172	 20.00
781	 782	 254	 16.00
781	 813	 232	 23.00
782	 783	 132	 20.00
782	 814	 248	 20.00
783	 784	 270	 23.00
783	 815	 198	 16.00
784	 785	 174	 17.00
784	 816	 216	 19.00
785	 786	 217	 20.00
785	 817	 187	 20.00
786	 787	 204	 23.00
786	 818	 177	 20.00
787	 788	 280	 17.00
787	 819	 266	 21.00
788	 789	 233	 23.00
788	 820	 144	 20.00
789	 790	 197	 23.00
789	 821	 158	 21.00
790	 791	 217	 23.00
790	 822	 186	 22.00
791	 792	 124	 18.00
791	 823	 137	 20.00
792	 793	 130	 23.00
792	 824	 256	 18.00
793	 794	 279	 19.00
793	 825	 148	 21.00
794	 795	 144	 16.00
794	 826	 121	 17.00
795	 796	 170	 16.00
795	 827	 214	 16.00
796	 797	 181	 18.00
796	 828	 258	 24.00
797	 798	 208	 23.00
797	 829	 179	 16.00
798	 799	 177	 23.00
798	 830	 267	 17.00
799	 831	 203	 23.00
800	 801	 242	 19.00
800	 832	 233	 21.00
801	 802	 255	 16.00
801	 833	 180	 16.00
802	 803	 225	 21.00
802	 834	 138	 20.00
803	 804	 221	 24.00
803	 835	 176	 17.00
804	 805	 227	 24.00
804	 836	 161	 24.00
805	 806	 149	 24.00
805	 837	 180	 16.00
806	 807	 277	 18.00
806	 838	 207	 20.00
807	 808	 158	 24.00
807	 839	 226	 22.00
808	 809	 239	 17.00
808	 840	 130	 18.00
809	 810	 219	 18.00
809	 841	 233	 22.00
810	 811	 259	 16.00
810	 842	 156	 22.00
811	 812	 204	 16.00
811	 843	 241	 16.00
812	 813	 165	 17.00
812	 844	 254	 17.00
813	 814	 259	 19.00
813	 845	 206	 16.00
814	 815	 228	 19.00
814	 846	 263	 23.00
815	 816	 145	 19.00
815	 847	 265	 18.00
816	 817	 189	 18.00
816	 848	 189	 17.00
817	 818	 193	 23.00
817	 849	 234	 17.00
818	 819	 180	 20.00
818	 850	 145	 24.00
819	 820	 271	 17.00
819	 851	 168	 16.00
820	 821	 220	 20.00
820	 852	 235	 16.00
821	 822	 169	 16.00
821	 853	 181	 24.00
822	 823	 216	 18.00
822	 854	 220	 24.00
823	 824	 261	 20.00
823	 855	 270	 21.00
824	 825	 256	 24.00
824	 856	 136	 21.00
825	 826	 127	 17.00
825	 857	 254	 16.00
826	 827	 188	 19.00
826	 858	 220	 16.00
827	 828	 196	 17.00
827	 859	 130	 20.00
828	 829	 275	 16.00
828	 860	 176	 24.00
829	 830	 277	 16.00
829	 861	 277	 20.00
830	 831	 122	 16.00
830	 862	 191	 24.00
831	 863	 261	 20.00
832	 833	 154	 22.00
832	 864	 219	 19.00
833	 834	 160	 24.00
833	 865	 192	 23.00
834	 835	 158	 19.00
834	 866	 254	 16.00
835	 836	 176	 16.00
835	 867	 214	 23.00
836	 837	 263	 22.00
836	 868	 155	 17.00
837	 838	 244	 21.00
837	 869	 126	 22.00
838	 839	 134	 17.00
838	 870	 170	 17.00
839	 840	 278	 22.00
839	 871	 133	 24.00
840	 841	 258	 17.00
840	 872	 274	 24.00
841	 842	 151	 23.00
841	 873	 133	 17.00
842	 843	 254	 24.00
842	 874	 127	 21.00
843	 844	 274	 22.00
843	 875	 130	 24.00
844	 845	 241	 19.00
844	 876	 275	 21.00
845	 846	 191	 20.00
845	 877	 212	 24.00
846	 847	 164	 18.00
846	 878	 198	 20.00
847	 848	 199	 20.00
847	 879	 149	 16.00
848	 849	 243	 16.00
848	 880	 144	 20.00
849	 850	 139	 17.00
849	 881	 234	 21.00
850	 851	 249	 19.00
850	 882	 137	 19.00
851	 852	 141	 20.00
851	 883	 216	 21.00
852	 853	 269	 17.00
852	 884	 245	 21.00
853	 854	 253	 20.00
853	 885	 215	 24.00
854	 855	 161	 20.00
854	 886	 224	 21.00
855	 856	 125	 18.00
855	 887	 250	 18.00
856	 857	 137	 17.00
856	 888	 150	 24.00
857	 858	 244	 22.00
857	 889	 189	 16.00
858	 859	 274	 21.00
858	 890	 228	 24.00
859	 860	 201	 21.00
859	 891	 236	 22.00
860	 861	 270	 24.00
860	 892	 274	 23.00
861	 862	 184	 23.00
861	 893	 252	 19.00
862	 863	 208	 16.00
862	 894	 277	 24.00
863	 895	 250	 24.00
864	 865	 264	 19.00
864	 896	 238	 16.00
865	 866	 134	 17.00
865	 897	 168	 21.00
866	 867	 161	 24.00
866	 898	 275	 19.00
867	 868	 202	 24.00
867	 899	 235	 22.00
868	 869	 244	 18.00
868	 900	 279	 24.00
869	 870	 249	 20.00
869	 901	 213	 20.00
870	 871	 196	 20.00
870	 902	 177	 19.00
871	 872	 167	 24.00
871	 903	 265	 20.00
872	 873	 163	 24.00
872	 904	 163	 23.00
873	 874	 208	 24.00
873	 905	 182	 18.00
874	 875	 204	 16.00
874	 906	 224	 18.00
875	 876	 278	 22.00
875	 907	 263	 18.00
876	 877	 206	 22.00
876	 908	 127	 17.00
877	 878	 249	 22.00
877	 909	 249	 24.00
878	 879	 129	 20.00
878	 910	 153	 17.00
879	 880	 212	 23.00
879	 911	 184	 17.00
880	 881	 139	 18.00
880	 912	 276	 19.00
881	 882	 246	 24.00
881	 913	 154	 24.00
882	 883	 191	 21.00
882	 914	 212	 19.00
883	 884	 213	 18.00
883	 915	 209	 17.00
884	 885	 140	 24.00
884	 916	 261	 17.00
885	 886	 126	 23.00
885	 917	 190	 19.00
886	 887	 275	 18.00
886	 918	 239	 21.00
887	 888	 168	 23.00
887	 919	 271	 21.00
888	 889	 195	 22.00
888	 920	 121	 24.00
889	 890	 154	 22.00
889	 921	 187	 18.00
890	 891	 207	 16.00
890	 922	 138	 18.00
891	 892	 260	 16.00
891	 923	 256	 20.00
892	 893	 280	 20.00
892	 924	 171	 18.00
893	 894	 149	 21.00
893	 925	 184	 23.00
894	 895	 188	 20.00
894	 926	 265	 16.00
895	 927	 220	 17.00
896	 897	 211	 16.00
896	 928	 154	 22.00
897	 898	 216	 22.00
897	 929	 168	 22.00
898	 899	 225	 24.00
898	 930	 165	 21.00
899	 900	 160	 20.00
899	 931	 138	 24.00
900	 901	 257	 19.00
900	 932	 193	 22.00
901	 902	 222	 20.00
901	 933	 126	 16.00
902	 903	 210	 24.00
902	 934	 125	 19.00
903	 904	 261	 24.00
903	 935	 252	 23.00
904	 905	 250	 20.00
904	 936	 136	 18.00
905	 906	 174	 21.00
905	 937	 226	 18.00
906	 907	 280	 23.00
906	 938	 190	 20.00
907	 908	 171	 16.00
907	 939	 129	 24.00
908	 909	 206	 24.00
908	 940	 150	 16.00
909	 910	 144	 18.00
909	 941	 120	 24.00
910	 911	 245	 20.00
910	 942	 248	 18.00
911	 912	 211	 24.00
911	 943	 243	 21.00
912	 913	 161	 20.00
912	 944	 241	 21.00
913	 914	 279	 24.00
913	 945	 279	 22.00
914	 915	 128	 16.00
914	 946	 141	 19.00
915	 916	 246	 21.00
915	 947	 223	 16.00
916	 917	 205	 22.00
916	 948	 244	 23.00
917	 918	 132	 24.00
917	 949	 131	 17.00
918	 919	 177	 24.00
918	 950	 275	 20.00
919	 920	 214	 24.00
919	 951	 191	 21.00
920	 921	 268	 19.00
920	 952	 222	 21.00
921	 922	 125	 22.00
921	 953	 139	 18.00
922	 923	 266	 21.00
922	 954	 183	 22.00
923	 924	 195	 21.00
923	 955	 267	 23.00
924	 925	 242	 19.00
924	 956	 133	 16.00
925	 926	 155	 19.00
925	 957	 177	 17.00
926	 927	 146	 19.00
926	 958	 248	 18.00
927	 959	 247	 21.00
928	 929	 183	 18.00
928	 960	 243	 17.00
929	 930	 134	 17.00
929	 961	 162	 22.00
930	 931	 268	 24.00
930	 962	 226	 24.00
931	 932	 207	 16.00
931	 963	 171	 16.00
932	 933	 197	 18.00
932	 964	 163	 21.00
933	 934	 185	 17.00
933	 965	 242	 18.00
934	 935	 137	 22.00
934	 966	 203	 16.00
935	 936	 162	 21.00
935	 967	 174	 19.00
936	 937	 172	 20.00
936	 968	 176	 18.00
937	 938	 168	 24.00
937	 969	 214	 19.00
938	 939	 197	 23.00
938	 970	 252	 21.00
939	 940	 255	 19.00
939	 971	 129	 20.00
940	 941	 223	 23.00
940	 972	 131	 19.00
941	 942	 251	 22.00
941	 973	 279	 21.00
942	 943	 146	 17.00
942	 974	 227	 22.00
943	 944	 166	 20.00
943	 975	 126	 17.00
944	 945	 209	 22.00
944	 976	 222	 16.00
945	 946	 174	 16.00
945	 977	 163	 22.00
946	 947	 267	 22.00
946	 978	 192	 18.00
947	 948	 174	 17.00
947	 979	 139	 20.00
948	 949	 234	 24.00
948	 980	 213	 22.00
949	 950	 256	 24.00
949	 981	 201	 20.00
950	 951	 273	 22.00
950	 982	 269	 17.00
951	 952	 144	 23.00
951	 983	 197	 22.00
952	 953	 194	 19.00
952	 984	 209	 18.00
953	 954	 135	 22.00
953	 985	 158	 19.00
954	 955	 201	 20.00
954	 986	 129	 21.00
955	 956	 198	 17.00
955	 987	 244	 23.00
956	 957	 226	 18.00
956	 988	 250	 23.00
957	 958	 167	 20.00
957	 989	 219	 19.00
958	 959	 211	 23.00
958	 990	 126	 18.00
959	 991	 274	 17.00
960	 961	 190	 18.00
960	 992	 140	 23.00
961	 962	 212	 24.00
961	 993	 255	 20.00
962	 963	 141	 22.00
962	 994	 135	 24.00
963	 964	 141	 23.00
963	 995	 214	 21.00
964	 965	 259	 19.00
964	 996	 213	 22.00
965	 966	 142	 16.00
965	 997	 263	 18.00
966	 967	 176	 18.00
966	 998	 221	 21.00
967	 968	 164	 24.00
967	 999	 225	 21.00
968	 969	 199	 24.00
968	 1000	 225	 20.00
969	 970	 219	 20.00
969	 1001	 150	 23.00
970	 971	 273	 24.00
970	 1002	 142	 21.00
971	 972	 155	 23.00
971	 1003	 165	 18.00
972	 973	 212	 18.00
972	 1004	 222	 23.00
973	 974	 206	 17.00
973	 1005	 227	 20.00
974	 975	 125	 18.00
974	 1006	 273	 17.00
975	 976	 258	 20.00
975	 1007	 217	 19.00
976	 977	 182	 17.00
976	 1008	 162	 19.00
977	 978	 214	 20.00
977	 1009	 149	 18.00
978	 979	 165	 20.00
978	 1010	 155	 24.00
979	 980	 240	 24.00
979	 1011	 215	 16.00
980	 981	 251	 19.00
980	 1012	 147	 22.00
981	 982	 259	 21.00
981	 1013	 132	 17.00
982	 983	 222	 22.00
982	 1014	 185	 19.00
983	 984	 275	 18.00
983	 1015	 205	 18.00
984	 985	 226	 19.00
984	 1016	 168	 22.00
985	 986	 187	 18.00
985	 1017	 136	 22.00
986	 987	 199	 23.00
986	 1018	 211	 20.00
987	 988	 229	 22.00
987	 1019	 263	 21.00
988	 989	 151	 20.00
988	 1020	 205	 19.00
989	 990	 128	 19.00
989	 1021	 177	 19.00
990	 991	 267	 23.00
990	 1022	 280	 19.00
991	 1023	 177	 23.00
992	 993	 268	 20.00
993	 994	 206	 20.00
994	 995	 245	 18.00
995	 996	 200	 23.00
996	 997	 149	 20.00
997	 998	 160	 23.00
998	 999	 272	 22.00
999	 1000	 196	 21.00
1000	 1001	 265	 20.00
1001	 1002	 214	 16.00
1002	 1003	 160	 22.00
1003	 1004	 200	 20.00
1004	 1005	 229	 22.00
1005	 1006	 260	 19.00
1006	 1007	 246	 22.00
1007	 1008	 231	 22.00
1008	 1009	 241	 20.00
1009	 1010	 278	 16.00
1010	 1011	 156	 18.00
1011	 1012	 143	 16.00
1012	 1013	 121	 20.00
1013	 1014	 177	 18.00
1014	 1015	 161	 21.00
1015	 1016	 128	 20.00
1016	 1017	 160	 19.00
1017	 1018	 217	 20.00
1018	 1019	 120	 21.00
1019	 1020	 201	 16.00
1020	 1021	 127	 17.00
1021	 1022	 152	 23.00
1022	 1023	 124	 17.00
