512	976	10	0.30

19	 3	 0
106	 13	 0
219	 -7	 0
348	 -11	 0
417	 9	 0
488	 5	 0
610	 6	 0
672	 -8	 9
806	 -11	 9
865	 -41	 9
964	 24	 9
1105	 31	 9
1231	 26	 9
1324	 -37	 9
1381	 42	 7
1491	 9	 7
1617	 2	 7
1720	 10	 7
1795	 -7	 4
1906	 29	 4
1988	 -12	 4
2104	 4	 4
2204	 12	 4
2286	 44	 4
2404	 14	 4
2464	 35	 4
2573	 -36	 4
2690	 -19	 3
2792	 -5	 3
2926	 -9	 3
3045	 -23	 3
3087	 -12	 3
13	 97	 0
114	 132	 0
177	 130	 0
297	 104	 0
359	 128	 0
526	 103	 0
574	 62	 0
659	 53	 9
789	 95	 9
885	 93	 9
981	 115	 9
1143	 106	 9
1171	 100	 9
1282	 95	 7
1398	 94	 7
1529	 94	 7
1636	 108	 7
1682	 95	 7
1773	 88	 4
1907	 102	 4
1965	 91	 4
2078	 126	 4
2190	 91	 4
2310	 86	 4
2398	 118	 4
2481	 100	 3
2595	 131	 3
2734	 78	 3
2824	 112	 3
2877	 134	 3
3037	 78	 3
3071	 114	 3
8	 208	 0
125	 185	 0
203	 173	 0
291	 174	 0
408	 171	 0
487	 172	 0
573	 174	 0
686	 161	 9
786	 194	 9
937	 180	 9
996	 229	 9
1085	 177	 9
1218	 178	 7
1310	 215	 7
1390	 187	 7
1521	 231	 7
1632	 185	 7
1691	 169	 7
1817	 195	 4
1876	 176	 4
2009	 214	 4
2109	 154	 4
2174	 199	 4
2335	 164	 4
2408	 193	 4
2532	 195	 3
2600	 204	 3
2687	 205	 3
2794	 189	 3
2921	 169	 3
3019	 222	 3
3097	 206	 3
6	 286	 0
101	 280	 0
205	 303	 0
315	 316	 0
410	 282	 0
507	 318	 0
590	 304	 0
686	 290	 9
788	 309	 9
920	 289	 9
1012	 318	 9
1089	 307	 9
1209	 300	 7
1288	 334	 7
1402	 304	 7
1481	 289	 7
1630	 270	 7
1687	 280	 7
1809	 289	 4
1893	 295	 4
2013	 279	 4
2126	 303	 4
2201	 295	 4
2291	 331	 4
2354	 286	 4
2509	 304	 3
2613	 324	 3
2700	 295	 3
2842	 304	 3
2904	 303	 3
3017	 331	 3
3116	 294	 3
32	 382	 0
77	 403	 0
196	 373	 0
298	 379	 0
359	 425	 0
496	 421	 0
596	 381	 0
681	 398	 9
779	 382	 9
931	 385	 9
991	 435	 9
1110	 406	 9
1181	 403	 7
1294	 445	 7
1409	 422	 7
1500	 380	 7
1615	 420	 7
1731	 369	 7
1802	 414	 7
1913	 400	 4
2024	 394	 4
2070	 388	 4
2177	 435	 4
2279	 425	 4
2419	 378	 4
2530	 385	 3
2614	 366	 3
2689	 356	 3
2795	 405	 3
2881	 400	 3
2974	 394	 3
3075	 403	 3
-17	 518	 9
108	 496	 0
211	 528	 0
302	 455	 0
428	 503	 0
533	 498	 9
622	 494	 9
705	 512	 9
794	 539	 9
893	 489	 9
1001	 489	 9
1085	 491	 9
1194	 495	 9
1298	 507	 7
1404	 510	 7
1506	 493	 7
1575	 485	 7
1691	 495	 7
1766	 487	 7
1933	 535	 7
1992	 479	 4
2067	 480	 4
2201	 495	 4
2291	 505	 4
2393	 495	 4
2489	 505	 4
2598	 511	 4
2740	 465	 3
2804	 485	 3
2938	 522	 3
3011	 538	 3
3058	 491	 3
23	 611	 9
60	 616	 9
215	 560	 0
306	 594	 0
378	 569	 9
503	 615	 9
624	 640	 9
706	 598	 9
826	 561	 9
875	 611	 9
994	 611	 9
1098	 612	 9
1186	 620	 7
1323	 571	 7
1388	 587	 7
1494	 597	 7
1585	 565	 7
1713	 569	 7
1781	 580	 7
1901	 617	 7
1997	 620	 7
2117	 592	 4
2187	 624	 7
2302	 647	 4
2412	 593	 4
2524	 590	 4
2581	 595	 4
2721	 575	 3
2780	 623	 3
2875	 603	 4
2997	 560	 3
3099	 621	 4
17	 695	 9
106	 721	 9
196	 668	 9
318	 664	 9
411	 710	 9
487	 675	 9
569	 685	 9
678	 709	 9
761	 708	 9
892	 696	 9
1008	 676	 9
1112	 672	 9
1182	 694	 7
1282	 703	 7
1401	 696	 7
1478	 695	 7
1608	 715	 7
1692	 693	 7
1833	 698	 7
1945	 712	 7
1986	 707	 7
2103	 713	 7
2170	 720	 7
2296	 706	 4
2394	 709	 4
2475	 696	 4
2578	 699	 4
2708	 672	 4
2787	 699	 4
2930	 703	 4
2998	 686	 4
3134	 704	 4
-11	 827	 9
132	 821	 9
187	 830	 9
299	 789	 9
384	 814	 9
510	 807	 9
604	 811	 9
733	 834	 8
813	 813	 8
868	 802	 9
995	 762	 8
1100	 815	 8
1201	 809	 7
1286	 819	 7
1370	 811	 7
1527	 819	 7
1619	 804	 7
1700	 827	 7
1818	 817	 7
1881	 785	 7
1996	 817	 7
2067	 756	 7
2229	 774	 4
2282	 794	 4
2412	 815	 4
2461	 814	 4
2613	 816	 4
2697	 811	 4
2816	 837	 4
2923	 816	 4
3017	 790	 4
3104	 818	 4
47	 906	 1
94	 906	 1
197	 919	 1
305	 918	 1
379	 904	 1
505	 938	 9
562	 900	 9
700	 903	 8
803	 891	 8
920	 881	 8
969	 863	 8
1129	 893	 7
1184	 932	 7
1306	 899	 6
1408	 947	 6
1490	 911	 6
1626	 941	 6
1694	 860	 7
1797	 907	 7
1913	 887	 7
1989	 909	 7
2083	 908	 5
2187	 889	 5
2286	 896	 4
2418	 912	 4
2519	 901	 4
2606	 875	 4
2695	 891	 4
2788	 902	 2
2897	 891	 2
3005	 880	 2
3103	 908	 4
26	 982	 1
128	 1001	 1
166	 992	 1
337	 1017	 1
423	 973	 1
505	 1008	 1
585	 992	 9
725	 998	 8
803	 995	 8
901	 1032	 8
997	 1013	 8
1111	 1008	 8
1191	 996	 7
1326	 1035	 6
1419	 997	 6
1502	 1023	 6
1601	 977	 6
1676	 1030	 6
1793	 982	 7
1879	 990	 7
1960	 1005	 5
2112	 1035	 5
2211	 991	 5
2295	 1042	 5
2391	 956	 4
2465	 1030	 4
2635	 995	 2
2675	 984	 4
2803	 1042	 2
2903	 967	 2
3035	 1034	 2
3071	 994	 2
12	 1084	 1
92	 1144	 1
199	 1079	 1
291	 1101	 1
416	 1113	 1
488	 1086	 1
627	 1059	 8
686	 1111	 8
794	 1068	 8
948	 1087	 8
988	 1106	 8
1084	 1086	 8
1207	 1083	 6
1265	 1078	 6
1389	 1104	 6
1466	 1137	 6
1607	 1090	 6
1695	 1106	 6
1766	 1098	 6
1893	 1105	 5
1996	 1107	 5
2124	 1077	 5
2178	 1099	 5
2282	 1101	 5
2379	 1136	 4
2529	 1124	 2
2649	 1129	 2
2675	 1111	 2
2757	 1073	 2
2901	 1085	 2
3013	 1108	 2
3119	 1105	 2
-13	 1225	 1
112	 1219	 1
215	 1197	 1
281	 1190	 1
408	 1229	 1
515	 1162	 1
619	 1213	 1
709	 1160	 8
783	 1172	 8
888	 1217	 8
1028	 1202	 8
1098	 1215	 6
1238	 1192	 6
1289	 1179	 6
1400	 1189	 6
1461	 1232	 6
1644	 1193	 6
1736	 1190	 6
1808	 1250	 5
1870	 1177	 5
2019	 1197	 5
2107	 1235	 5
2214	 1205	 5
2279	 1212	 5
2402	 1206	 5
2506	 1216	 2
2610	 1178	 2
2699	 1196	 2
2785	 1205	 2
2890	 1193	 2
2994	 1192	 2
3091	 1207	 2
-10	 1308	 1
126	 1261	 1
207	 1300	 1
290	 1303	 1
368	 1306	 1
502	 1313	 1
577	 1278	 1
694	 1289	 8
823	 1282	 8
910	 1340	 8
1003	 1313	 8
1091	 1308	 6
1186	 1263	 6
1328	 1311	 6
1415	 1287	 6
1507	 1311	 6
1595	 1306	 6
1696	 1264	 6
1817	 1301	 5
1919	 1293	 5
2008	 1304	 5
2123	 1296	 5
2225	 1302	 5
2295	 1284	 5
2367	 1311	 5
2493	 1329	 2
2610	 1323	 2
2714	 1295	 2
2798	 1322	 2
2899	 1286	 2
3004	 1291	 2
3131	 1316	 2
15	 1403	 1
90	 1401	 1
209	 1370	 1
322	 1413	 1
404	 1429	 1
523	 1429	 1
609	 1407	 8
690	 1396	 8
795	 1408	 8
939	 1401	 8
1017	 1406	 8
1065	 1367	 8
1203	 1440	 8
1306	 1437	 6
1384	 1380	 6
1467	 1432	 6
1633	 1380	 6
1732	 1409	 5
1813	 1374	 5
1866	 1390	 5
1999	 1402	 5
2081	 1395	 5
2197	 1373	 5
2341	 1391	 5
2381	 1410	 5
2507	 1441	 2
2594	 1401	 2
2723	 1399	 2
2812	 1388	 2
2912	 1414	 2
2980	 1430	 2
3057	 1415	 2
21	 1497	 1
95	 1468	 1
201	 1481	 1
319	 1503	 1
411	 1473	 1
487	 1539	 8
602	 1458	 8
722	 1491	 8
794	 1468	 8
912	 1477	 8
1001	 1526	 8
1065	 1518	 8
1232	 1539	 6
1283	 1536	 6
1397	 1480	 6
1456	 1464	 6
1591	 1464	 6
1685	 1491	 6
1781	 1497	 5
1912	 1470	 5
2021	 1497	 5
2101	 1541	 5
2212	 1489	 5
2346	 1451	 5
2419	 1516	 5
2492	 1478	 5
2598	 1490	 2
2686	 1519	 2
2782	 1453	 2
2868	 1487	 2
2992	 1488	 2
3070	 1547	 2

0	 1	 163	 17.00
0	 32	 225	 23.00
1	 2	 194	 17.00
1	 33	 222	 23.00
2	 3	 155	 23.00
2	 34	 193	 17.00
3	 4	 273	 22.00
3	 35	 249	 19.00
4	 5	 145	 22.00
4	 36	 175	 16.00
5	 6	 263	 18.00
5	 37	 247	 16.00
6	 7	 171	 21.00
6	 38	 227	 21.00
7	 8	 246	 20.00
7	 39	 190	 21.00
8	 9	 204	 24.00
8	 40	 161	 21.00
9	 10	 273	 18.00
9	 41	 152	 24.00
10	 11	 270	 16.00
10	 42	 120	 17.00
11	 12	 272	 16.00
11	 43	 253	 22.00
12	 13	 178	 21.00
12	 44	 275	 19.00
13	 14	 252	 23.00
13	 45	 187	 24.00
14	 15	 269	 19.00
14	 46	 190	 22.00
15	 16	 228	 18.00
15	 47	 245	 21.00
16	 17	 181	 23.00
16	 48	 176	 20.00
17	 18	 194	 24.00
17	 49	 138	 22.00
18	 19	 204	 18.00
18	 50	 146	 17.00
19	 20	 278	 17.00
19	 51	 205	 22.00
20	 21	 264	 18.00
20	 52	 236	 24.00
21	 22	 252	 22.00
21	 53	 235	 21.00
22	 23	 215	 23.00
22	 54	 136	 17.00
23	 24	 264	 23.00
23	 55	 264	 17.00
24	 25	 252	 17.00
24	 56	 147	 23.00
25	 26	 174	 21.00
25	 57	 234	 22.00
26	 27	 232	 24.00
26	 58	 247	 19.00
27	 28	 234	 18.00
27	 59	 215	 21.00
28	 29	 122	 19.00
28	 60	 124	 24.00
29	 30	 252	 22.00
29	 61	 143	 23.00
30	 31	 194	 16.00
30	 62	 193	 23.00
31	 63	 120	 21.00
32	 33	 166	 23.00
32	 64	 254	 22.00
33	 34	 245	 23.00
33	 65	 132	 21.00
34	 35	 276	 22.00
34	 66	 135	 21.00
35	 36	 146	 16.00
35	 67	 122	 22.00
36	 37	 255	 19.00
36	 68	 192	 22.00
37	 38	 217	 24.00
37	 69	 201	 19.00
38	 39	 232	 19.00
38	 70	 155	 16.00
39	 40	 226	 17.00
39	 71	 239	 19.00
40	 41	 209	 16.00
40	 72	 262	 18.00
41	 42	 142	 18.00
41	 73	 272	 19.00
42	 43	 207	 20.00
42	 74	 182	 16.00
43	 44	 257	 22.00
43	 75	 134	 18.00
44	 45	 160	 24.00
44	 76	 184	 17.00
45	 46	 139	 23.00
45	 77	 234	 23.00
46	 47	 216	 21.00
46	 78	 276	 19.00
47	 48	 159	 22.00
47	 79	 136	 16.00
48	 49	 201	 19.00
48	 80	 191	 24.00
49	 50	 210	 17.00
49	 81	 266	 22.00
50	 51	 216	 19.00
50	 82	 233	 18.00
51	 52	 258	 18.00
51	 83	 234	 20.00
52	 53	 255	 18.00
52	 84	 207	 16.00
53	 54	 206	 16.00
53	 85	 209	 22.00
54	 55	 210	 17.00
54	 86	 262	 20.00
55	 56	 219	 20.00
55	 87	 256	 23.00
56	 57	 191	 24.00
56	 88	 261	 23.00
57	 58	 237	 20.00
57	 89	 160	 20.00
58	 59	 277	 21.00
58	 90	 225	 19.00
59	 60	 188	 24.00
59	 91	 209	 20.00
60	 61	 163	 23.00
60	 92	 213	 18.00
61	 62	 234	 19.00
61	 93	 184	 21.00
62	 63	 199	 16.00
62	 94	 208	 24.00
63	 95	 198	 17.00
64	 65	 266	 21.00
64	 96	 258	 16.00
65	 66	 152	 18.00
65	 97	 219	 22.00
66	 67	 264	 21.00
66	 98	 213	 23.00
67	 68	 175	 19.00
67	 99	 246	 19.00
68	 69	 189	 16.00
68	 100	 255	 21.00
69	 70	 143	 21.00
69	 101	 175	 16.00
70	 71	 250	 19.00
70	 102	 174	 24.00
71	 72	 211	 22.00
71	 103	 279	 20.00
72	 73	 122	 17.00
72	 104	 169	 22.00
73	 74	 239	 24.00
73	 105	 145	 20.00
74	 75	 132	 19.00
74	 106	 197	 16.00
75	 76	 174	 24.00
75	 107	 274	 23.00
76	 77	 264	 21.00
76	 108	 262	 24.00
77	 78	 186	 19.00
77	 109	 195	 20.00
78	 79	 221	 24.00
78	 110	 151	 22.00
79	 80	 120	 22.00
79	 111	 134	 23.00
80	 81	 213	 23.00
80	 112	 278	 16.00
81	 82	 269	 18.00
81	 113	 128	 20.00
82	 83	 228	 23.00
82	 114	 168	 19.00
83	 84	 163	 20.00
83	 115	 259	 23.00
84	 85	 245	 18.00
84	 116	 265	 19.00
85	 86	 201	 19.00
85	 117	 211	 23.00
86	 87	 179	 22.00
86	 118	 249	 21.00
87	 88	 272	 16.00
87	 119	 136	 16.00
88	 89	 251	 17.00
88	 120	 147	 23.00
89	 90	 136	 17.00
89	 121	 186	 18.00
90	 91	 186	 23.00
90	 122	 247	 24.00
91	 92	 142	 23.00
91	 123	 232	 17.00
92	 93	 140	 23.00
92	 124	 203	 18.00
93	 94	 124	 20.00
93	 125	 260	 19.00
94	 95	 254	 22.00
94	 126	 191	 19.00
95	 127	 263	 24.00
96	 97	 234	 24.00
96	 128	 212	 17.00
97	 98	 161	 17.00
97	 129	 142	 18.00
98	 99	 236	 21.00
98	 130	 226	 21.00
99	 100	 252	 20.00
99	 131	 197	 23.00
100	 101	 136	 16.00
100	 132	 224	 22.00
101	 102	 264	 24.00
101	 133	 214	 21.00
102	 103	 126	 24.00
102	 134	 208	 20.00
103	 104	 126	 17.00
103	 135	 271	 17.00
104	 105	 275	 18.00
104	 136	 205	 24.00
105	 106	 244	 20.00
105	 137	 181	 17.00
106	 107	 166	 20.00
106	 138	 125	 18.00
107	 108	 266	 16.00
107	 139	 178	 20.00
108	 109	 213	 20.00
108	 140	 188	 24.00
109	 110	 259	 21.00
109	 141	 163	 18.00
110	 111	 211	 22.00
110	 142	 240	 22.00
111	 112	 139	 21.00
111	 143	 131	 24.00
112	 113	 163	 24.00
112	 144	 211	 18.00
113	 114	 177	 21.00
113	 145	 148	 23.00
114	 115	 246	 22.00
114	 146	 276	 21.00
115	 116	 130	 18.00
115	 147	 164	 23.00
116	 117	 188	 20.00
116	 148	 224	 18.00
117	 118	 179	 18.00
117	 149	 138	 19.00
118	 119	 254	 19.00
118	 150	 190	 18.00
119	 120	 175	 20.00
119	 151	 166	 17.00
120	 121	 257	 18.00
120	 152	 162	 23.00
121	 122	 152	 16.00
121	 153	 246	 24.00
122	 123	 243	 18.00
122	 154	 204	 24.00
123	 124	 128	 23.00
123	 155	 235	 19.00
124	 125	 176	 21.00
124	 156	 251	 17.00
125	 126	 186	 24.00
125	 157	 155	 22.00
126	 127	 127	 24.00
126	 158	 174	 22.00
127	 159	 189	 19.00
128	 129	 214	 23.00
128	 160	 265	 17.00
129	 130	 200	 24.00
129	 161	 143	 17.00
130	 131	 126	 22.00
130	 162	 221	 18.00
131	 132	 208	 17.00
131	 163	 141	 19.00
132	 133	 227	 21.00
132	 164	 264	 22.00
133	 134	 142	 20.00
133	 165	 227	 21.00
134	 135	 213	 24.00
134	 166	 159	 22.00
135	 136	 262	 19.00
135	 167	 164	 22.00
136	 137	 191	 23.00
136	 168	 255	 20.00
137	 138	 251	 18.00
137	 169	 228	 19.00
138	 139	 152	 17.00
138	 170	 215	 21.00
139	 140	 213	 24.00
139	 171	 154	 16.00
140	 141	 126	 16.00
140	 172	 198	 18.00
141	 142	 207	 17.00
141	 173	 258	 16.00
142	 143	 161	 22.00
142	 174	 189	 23.00
143	 144	 250	 20.00
143	 175	 248	 24.00
144	 145	 165	 22.00
144	 176	 203	 24.00
145	 146	 204	 19.00
145	 177	 166	 16.00
146	 147	 205	 17.00
146	 178	 253	 24.00
147	 148	 200	 20.00
147	 179	 256	 21.00
148	 149	 177	 21.00
148	 180	 257	 16.00
149	 150	 160	 20.00
149	 181	 181	 23.00
150	 151	 235	 18.00
150	 182	 176	 16.00
151	 152	 202	 20.00
151	 183	 133	 20.00
152	 153	 132	 20.00
152	 184	 226	 19.00
153	 154	 233	 22.00
153	 185	 230	 18.00
154	 155	 246	 21.00
154	 186	 165	 17.00
155	 156	 248	 17.00
155	 187	 226	 16.00
156	 157	 201	 19.00
156	 188	 230	 17.00
157	 158	 219	 19.00
157	 189	 145	 23.00
158	 159	 278	 19.00
158	 190	 237	 19.00
159	 191	 142	 22.00
160	 161	 177	 19.00
160	 192	 238	 24.00
161	 162	 171	 19.00
161	 193	 135	 23.00
162	 163	 225	 17.00
162	 194	 149	 23.00
163	 164	 169	 21.00
163	 195	 244	 18.00
164	 165	 177	 22.00
164	 196	 187	 17.00
165	 166	 187	 17.00
165	 197	 253	 20.00
166	 167	 251	 20.00
166	 198	 121	 21.00
167	 168	 278	 23.00
167	 199	 137	 18.00
168	 169	 265	 24.00
168	 200	 224	 22.00
169	 170	 260	 21.00
169	 201	 163	 18.00
170	 171	 134	 21.00
170	 202	 197	 16.00
171	 172	 136	 16.00
171	 203	 185	 18.00
172	 173	 174	 21.00
172	 204	 196	 20.00
173	 174	 186	 16.00
173	 205	 243	 18.00
174	 175	 121	 18.00
174	 206	 159	 18.00
175	 176	 131	 22.00
175	 207	 204	 21.00
176	 177	 131	 17.00
176	 208	 155	 22.00
177	 178	 228	 18.00
177	 209	 266	 18.00
178	 179	 268	 21.00
178	 210	 174	 24.00
179	 180	 230	 21.00
179	 211	 197	 24.00
180	 181	 208	 23.00
180	 212	 135	 22.00
181	 182	 186	 18.00
181	 213	 127	 21.00
182	 183	 133	 18.00
182	 214	 226	 16.00
183	 184	 152	 16.00
183	 215	 242	 16.00
184	 185	 192	 16.00
184	 216	 255	 22.00
185	 186	 246	 24.00
185	 217	 207	 21.00
186	 187	 173	 23.00
186	 218	 269	 17.00
187	 188	 201	 24.00
187	 219	 194	 16.00
188	 189	 203	 17.00
188	 220	 216	 20.00
189	 190	 188	 21.00
189	 221	 280	 18.00
190	 191	 262	 17.00
190	 222	 148	 21.00
191	 223	 271	 16.00
192	 193	 271	 20.00
192	 224	 139	 17.00
193	 194	 260	 18.00
193	 225	 238	 21.00
194	 195	 262	 23.00
194	 226	 194	 16.00
195	 196	 277	 20.00
195	 227	 253	 24.00
196	 197	 126	 22.00
196	 228	 193	 19.00
197	 198	 181	 19.00
197	 229	 270	 16.00
198	 199	 156	 18.00
198	 230	 197	 22.00
199	 200	 229	 24.00
199	 231	 247	 19.00
200	 201	 256	 21.00
200	 232	 250	 21.00
201	 202	 143	 18.00
201	 233	 264	 21.00
202	 203	 260	 23.00
202	 234	 230	 24.00
203	 204	 212	 23.00
203	 235	 167	 16.00
204	 205	 153	 24.00
204	 236	 227	 18.00
205	 206	 159	 20.00
205	 237	 151	 21.00
206	 207	 209	 24.00
206	 238	 275	 17.00
207	 208	 212	 23.00
207	 239	 203	 16.00
208	 209	 213	 20.00
208	 240	 263	 23.00
209	 210	 277	 21.00
209	 241	 270	 24.00
210	 211	 149	 21.00
210	 242	 266	 16.00
211	 212	 184	 21.00
211	 243	 264	 24.00
212	 213	 218	 17.00
212	 244	 121	 20.00
213	 214	 205	 22.00
213	 245	 175	 24.00
214	 215	 123	 22.00
214	 246	 216	 20.00
215	 216	 164	 16.00
215	 247	 251	 22.00
216	 217	 270	 17.00
216	 248	 166	 20.00
217	 218	 152	 21.00
217	 249	 280	 21.00
218	 219	 244	 20.00
218	 250	 233	 20.00
219	 220	 131	 23.00
219	 251	 193	 24.00
220	 221	 230	 23.00
220	 252	 280	 20.00
221	 222	 129	 19.00
221	 253	 187	 21.00
222	 223	 184	 22.00
222	 254	 236	 21.00
223	 255	 135	 19.00
224	 225	 156	 17.00
224	 256	 188	 16.00
225	 226	 211	 17.00
225	 257	 220	 17.00
226	 227	 272	 19.00
226	 258	 161	 22.00
227	 228	 232	 16.00
227	 259	 148	 16.00
228	 229	 155	 20.00
228	 260	 134	 21.00
229	 230	 247	 22.00
229	 261	 216	 22.00
230	 231	 240	 19.00
230	 262	 164	 17.00
231	 232	 248	 17.00
231	 263	 270	 23.00
232	 233	 223	 22.00
232	 264	 174	 22.00
233	 234	 189	 24.00
233	 265	 201	 18.00
234	 235	 138	 18.00
234	 266	 211	 22.00
235	 236	 225	 21.00
235	 267	 175	 23.00
236	 237	 237	 23.00
236	 268	 152	 18.00
237	 238	 210	 20.00
237	 269	 269	 20.00
238	 239	 210	 21.00
238	 270	 254	 18.00
239	 240	 260	 24.00
239	 271	 129	 22.00
240	 241	 246	 24.00
240	 272	 152	 20.00
241	 242	 138	 20.00
241	 273	 218	 24.00
242	 243	 143	 21.00
242	 274	 249	 18.00
243	 244	 268	 19.00
243	 275	 215	 17.00
244	 245	 273	 16.00
244	 276	 138	 22.00
245	 246	 227	 16.00
245	 277	 168	 17.00
246	 247	 275	 22.00
246	 278	 137	 21.00
247	 248	 141	 20.00
247	 279	 257	 18.00
248	 249	 248	 18.00
248	 280	 152	 18.00
249	 250	 124	 22.00
249	 281	 154	 20.00
250	 251	 210	 19.00
250	 282	 255	 17.00
251	 252	 202	 21.00
251	 283	 126	 22.00
252	 253	 144	 19.00
252	 284	 241	 16.00
253	 254	 128	 21.00
253	 285	 277	 22.00
254	 255	 181	 16.00
254	 286	 252	 22.00
255	 287	 176	 19.00
256	 257	 216	 16.00
256	 288	 141	 24.00
257	 258	 176	 17.00
257	 289	 150	 22.00
258	 259	 210	 18.00
258	 290	 152	 21.00
259	 260	 239	 19.00
259	 291	 200	 24.00
260	 261	 147	 21.00
260	 292	 274	 22.00
261	 262	 221	 20.00
261	 293	 239	 17.00
262	 263	 148	 24.00
262	 294	 138	 23.00
263	 264	 264	 21.00
263	 295	 189	 24.00
264	 265	 214	 20.00
264	 296	 216	 24.00
265	 266	 172	 23.00
265	 297	 143	 22.00
266	 267	 254	 16.00
266	 298	 254	 17.00
267	 268	 259	 24.00
267	 299	 132	 20.00
268	 269	 132	 17.00
268	 300	 186	 22.00
269	 270	 135	 21.00
269	 301	 194	 23.00
270	 271	 136	 17.00
270	 302	 252	 23.00
271	 272	 217	 16.00
271	 303	 183	 21.00
272	 273	 211	 16.00
272	 304	 186	 22.00
273	 274	 133	 16.00
273	 305	 146	 20.00
274	 275	 241	 20.00
274	 306	 123	 16.00
275	 276	 242	 18.00
275	 307	 211	 23.00
276	 277	 237	 23.00
276	 308	 183	 21.00
277	 278	 154	 24.00
277	 309	 187	 17.00
278	 279	 194	 23.00
278	 310	 206	 21.00
279	 280	 167	 17.00
279	 311	 250	 19.00
280	 281	 248	 22.00
280	 312	 222	 24.00
281	 282	 170	 23.00
281	 313	 211	 24.00
282	 283	 203	 17.00
282	 314	 160	 23.00
283	 284	 154	 22.00
283	 315	 180	 22.00
284	 285	 222	 24.00
284	 316	 133	 20.00
285	 286	 167	 24.00
285	 317	 206	 17.00
286	 287	 272	 16.00
286	 318	 137	 22.00
287	 319	 227	 19.00
288	 289	 187	 20.00
288	 320	 126	 21.00
289	 290	 220	 21.00
289	 321	 263	 24.00
290	 291	 166	 21.00
290	 322	 164	 20.00
291	 292	 164	 16.00
291	 323	 161	 22.00
292	 293	 204	 23.00
292	 324	 246	 19.00
293	 294	 216	 21.00
293	 325	 175	 23.00
294	 295	 163	 20.00
294	 326	 231	 21.00
295	 296	 251	 24.00
295	 327	 219	 22.00
296	 297	 126	 17.00
296	 328	 201	 18.00
297	 298	 230	 21.00
297	 329	 200	 22.00
298	 299	 179	 18.00
298	 330	 234	 21.00
299	 300	 255	 18.00
299	 331	 146	 19.00
300	 301	 143	 21.00
300	 332	 223	 23.00
301	 302	 265	 16.00
301	 333	 137	 20.00
302	 303	 237	 21.00
302	 334	 260	 20.00
303	 304	 157	 17.00
303	 335	 247	 17.00
304	 305	 142	 24.00
304	 336	 182	 21.00
305	 306	 189	 21.00
305	 337	 277	 21.00
306	 307	 270	 20.00
306	 338	 193	 21.00
307	 308	 261	 17.00
307	 339	 193	 18.00
308	 309	 203	 18.00
308	 340	 144	 21.00
309	 310	 160	 19.00
309	 341	 217	 16.00
310	 311	 146	 17.00
310	 342	 137	 17.00
311	 312	 168	 17.00
311	 343	 202	 18.00
312	 313	 159	 16.00
312	 344	 266	 24.00
313	 314	 176	 24.00
313	 345	 275	 17.00
314	 315	 250	 21.00
314	 346	 220	 19.00
315	 316	 258	 22.00
315	 347	 252	 23.00
316	 317	 272	 18.00
316	 348	 163	 21.00
317	 318	 257	 22.00
317	 349	 130	 24.00
318	 319	 174	 20.00
318	 350	 205	 17.00
319	 351	 179	 17.00
320	 321	 269	 16.00
320	 352	 123	 24.00
321	 322	 156	 18.00
321	 353	 245	 21.00
322	 323	 246	 22.00
322	 354	 253	 17.00
323	 324	 259	 18.00
323	 355	 199	 19.00
324	 325	 163	 22.00
324	 356	 268	 23.00
325	 326	 177	 19.00
325	 357	 231	 22.00
326	 327	 195	 24.00
326	 358	 153	 23.00
327	 328	 159	 19.00
327	 359	 222	 23.00
328	 329	 177	 19.00
328	 360	 159	 20.00
329	 330	 200	 16.00
329	 361	 184	 21.00
330	 331	 211	 21.00
330	 362	 274	 17.00
331	 332	 234	 19.00
331	 363	 258	 18.00
332	 333	 279	 24.00
332	 364	 204	 24.00
333	 334	 181	 17.00
333	 365	 229	 24.00
334	 335	 193	 16.00
334	 366	 249	 20.00
335	 336	 251	 21.00
335	 367	 127	 18.00
336	 337	 181	 21.00
336	 368	 168	 18.00
337	 338	 182	 16.00
337	 369	 172	 22.00
338	 339	 128	 19.00
338	 370	 174	 24.00
339	 340	 167	 18.00
339	 371	 276	 20.00
340	 341	 185	 20.00
340	 372	 264	 22.00
341	 342	 153	 22.00
341	 373	 206	 24.00
342	 343	 202	 23.00
342	 374	 164	 21.00
343	 344	 252	 16.00
343	 375	 212	 17.00
344	 345	 164	 24.00
344	 376	 222	 20.00
345	 346	 121	 22.00
345	 377	 274	 22.00
346	 347	 257	 21.00
346	 378	 140	 21.00
347	 348	 148	 21.00
347	 379	 221	 24.00
348	 349	 149	 19.00
348	 380	 180	 16.00
349	 350	 154	 16.00
349	 381	 264	 18.00
350	 351	 166	 21.00
350	 382	 263	 17.00
351	 383	 256	 21.00
352	 353	 274	 19.00
352	 384	 213	 16.00
353	 354	 260	 22.00
353	 385	 199	 17.00
354	 355	 132	 17.00
354	 386	 238	 17.00
355	 356	 225	 16.00
355	 387	 180	 19.00
356	 357	 127	 20.00
356	 388	 244	 18.00
357	 358	 176	 23.00
357	 389	 156	 22.00
358	 359	 235	 16.00
358	 390	 230	 16.00
359	 360	 279	 16.00
359	 391	 264	 16.00
360	 361	 167	 24.00
360	 392	 138	 20.00
361	 362	 157	 19.00
361	 393	 268	 18.00
362	 363	 249	 21.00
362	 394	 154	 23.00
363	 364	 258	 24.00
363	 395	 271	 24.00
364	 365	 237	 24.00
364	 396	 239	 19.00
365	 366	 252	 21.00
365	 397	 137	 16.00
366	 367	 244	 24.00
366	 398	 171	 16.00
367	 368	 128	 17.00
367	 399	 202	 19.00
368	 369	 212	 24.00
368	 400	 254	 17.00
369	 370	 198	 19.00
369	 401	 266	 17.00
370	 371	 146	 20.00
370	 402	 128	 24.00
371	 372	 239	 21.00
371	 403	 265	 16.00
372	 373	 134	 16.00
372	 404	 206	 21.00
373	 374	 265	 18.00
373	 405	 156	 20.00
374	 375	 248	 20.00
374	 406	 221	 18.00
375	 376	 148	 16.00
375	 407	 234	 24.00
376	 377	 219	 19.00
376	 408	 279	 24.00
377	 378	 137	 24.00
377	 409	 276	 19.00
378	 379	 121	 19.00
378	 410	 153	 21.00
379	 380	 272	 17.00
379	 411	 239	 21.00
380	 381	 262	 17.00
380	 412	 156	 20.00
381	 382	 255	 17.00
381	 413	 251	 16.00
382	 383	 251	 18.00
382	 414	 141	 17.00
383	 415	 211	 22.00
384	 385	 195	 16.00
384	 416	 140	 24.00
385	 386	 210	 16.00
385	 417	 136	 24.00
386	 387	 151	 19.00
386	 418	 131	 18.00
387	 388	 191	 19.00
387	 419	 236	 21.00
388	 389	 192	 17.00
388	 420	 243	 16.00
389	 390	 145	 18.00
389	 421	 272	 24.00
390	 391	 152	 22.00
390	 422	 232	 16.00
391	 392	 157	 22.00
391	 423	 280	 20.00
392	 393	 164	 16.00
392	 424	 223	 19.00
393	 394	 165	 23.00
393	 425	 218	 20.00
394	 395	 222	 22.00
394	 426	 184	 22.00
395	 396	 152	 23.00
395	 427	 193	 17.00
396	 397	 277	 17.00
396	 428	 148	 16.00
397	 398	 269	 23.00
397	 429	 233	 21.00
398	 399	 231	 24.00
398	 430	 160	 24.00
399	 400	 276	 20.00
399	 431	 264	 23.00
400	 401	 215	 21.00
400	 432	 131	 24.00
401	 402	 132	 22.00
401	 433	 263	 18.00
402	 403	 243	 17.00
402	 434	 192	 18.00
403	 404	 145	 21.00
403	 435	 211	 20.00
404	 405	 249	 20.00
404	 436	 196	 19.00
405	 406	 171	 20.00
405	 437	 219	 23.00
406	 407	 200	 22.00
406	 438	 204	 17.00
407	 408	 225	 24.00
407	 439	 245	 17.00
408	 409	 253	 21.00
408	 440	 152	 22.00
409	 410	 138	 17.00
409	 441	 249	 16.00
410	 411	 216	 24.00
410	 442	 203	 18.00
411	 412	 158	 21.00
411	 443	 147	 23.00
412	 413	 180	 24.00
412	 444	 259	 18.00
413	 414	 187	 24.00
413	 445	 190	 20.00
414	 415	 188	 17.00
414	 446	 212	 17.00
415	 447	 177	 16.00
416	 417	 248	 22.00
416	 448	 199	 16.00
417	 418	 139	 22.00
417	 449	 174	 18.00
418	 419	 173	 20.00
418	 450	 226	 16.00
419	 420	 160	 20.00
419	 451	 139	 16.00
420	 421	 186	 19.00
420	 452	 216	 22.00
421	 422	 183	 16.00
421	 453	 273	 20.00
422	 423	 255	 24.00
422	 454	 146	 19.00
423	 424	 149	 24.00
423	 455	 247	 18.00
424	 425	 223	 22.00
424	 456	 189	 16.00
425	 426	 184	 20.00
425	 457	 182	 20.00
426	 427	 127	 16.00
426	 458	 184	 21.00
427	 428	 151	 24.00
427	 459	 155	 23.00
428	 429	 222	 18.00
428	 460	 183	 20.00
429	 430	 278	 18.00
429	 461	 199	 23.00
430	 431	 169	 24.00
430	 462	 187	 22.00
431	 432	 131	 19.00
431	 463	 128	 17.00
432	 433	 236	 18.00
432	 464	 213	 22.00
433	 434	 247	 16.00
433	 465	 137	 18.00
434	 435	 140	 17.00
434	 466	 168	 19.00
435	 436	 151	 17.00
435	 467	 214	 22.00
436	 437	 152	 20.00
436	 468	 146	 19.00
437	 438	 267	 19.00
437	 469	 238	 18.00
438	 439	 243	 20.00
438	 470	 188	 23.00
439	 440	 161	 20.00
439	 471	 174	 18.00
440	 441	 192	 18.00
440	 472	 248	 22.00
441	 442	 129	 24.00
441	 473	 147	 21.00
442	 443	 183	 17.00
442	 474	 243	 22.00
443	 444	 201	 22.00
443	 475	 148	 24.00
444	 445	 223	 17.00
444	 476	 235	 17.00
445	 446	 255	 24.00
445	 477	 153	 19.00
446	 447	 175	 19.00
446	 478	 179	 17.00
447	 479	 235	 16.00
448	 449	 138	 21.00
448	 480	 188	 21.00
449	 450	 278	 19.00
449	 481	 247	 21.00
450	 451	 262	 17.00
450	 482	 239	 20.00
451	 452	 159	 19.00
451	 483	 231	 17.00
452	 453	 280	 18.00
452	 484	 218	 16.00
453	 454	 280	 17.00
453	 485	 233	 23.00
454	 455	 217	 23.00
454	 486	 158	 17.00
455	 456	 183	 24.00
455	 487	 151	 23.00
456	 457	 140	 17.00
456	 488	 254	 17.00
457	 458	 194	 22.00
457	 489	 176	 19.00
458	 459	 176	 17.00
458	 490	 228	 16.00
459	 460	 142	 19.00
459	 491	 239	 16.00
460	 461	 274	 20.00
460	 492	 245	 23.00
461	 462	 169	 22.00
461	 493	 270	 20.00
462	 463	 263	 21.00
462	 494	 167	 21.00
463	 464	 145	 21.00
463	 495	 247	 20.00
464	 465	 169	 24.00
464	 496	 187	 23.00
465	 466	 213	 19.00
465	 497	 128	 16.00
466	 467	 266	 21.00
466	 498	 256	 16.00
467	 468	 258	 22.00
467	 499	 271	 19.00
468	 469	 210	 23.00
468	 500	 206	 17.00
469	 470	 199	 17.00
469	 501	 151	 23.00
470	 471	 235	 20.00
470	 502	 187	 18.00
471	 472	 251	 22.00
471	 503	 124	 20.00
472	 473	 256	 21.00
472	 504	 219	 23.00
473	 474	 228	 21.00
473	 505	 125	 20.00
474	 475	 132	 16.00
474	 506	 120	 18.00
475	 476	 242	 21.00
475	 507	 193	 23.00
476	 477	 226	 16.00
476	 508	 255	 22.00
477	 478	 173	 17.00
477	 509	 213	 24.00
478	 479	 129	 16.00
478	 510	 149	 19.00
479	 511	 120	 21.00
480	 481	 162	 18.00
481	 482	 146	 18.00
482	 483	 185	 24.00
483	 484	 201	 21.00
484	 485	 172	 16.00
485	 486	 142	 23.00
486	 487	 273	 23.00
487	 488	 155	 20.00
488	 489	 262	 18.00
489	 490	 244	 22.00
490	 491	 232	 24.00
491	 492	 230	 21.00
492	 493	 121	 19.00
493	 494	 129	 18.00
494	 495	 239	 20.00
495	 496	 241	 18.00
496	 497	 154	 18.00
497	 498	 183	 23.00
498	 499	 188	 21.00
499	 500	 189	 22.00
500	 501	 164	 23.00
501	 502	 147	 23.00
502	 503	 230	 19.00
503	 504	 218	 23.00
504	 505	 206	 23.00
505	 506	 225	 17.00
506	 507	 256	 17.00
507	 508	 242	 18.00
508	 509	 250	 20.00
509	 510	 212	 23.00
510	 511	 249	 21.00
