512	976	10	0.30

-11	 28	 0
114	 0	 0
221	 -21	 0
308	 13	 0
414	 -30	 0
498	 12	 0
630	 -6	 8
707	 -31	 8
786	 -39	 8
878	 -8	 8
1002	 19	 8
1123	 -1	 8
1237	 3	 8
1309	 -14	 6
1384	 14	 6
1498	 -16	 6
1617	 28	 6
1721	 -12	 6
1830	 -5	 6
1900	 15	 4
1986	 32	 4
2120	 7	 4
2198	 42	 4
2270	 27	 4
2379	 25	 4
2462	 30	 4
2574	 -29	 3
2681	 -17	 3
2836	 3	 3
2904	 -37	 3
3036	 -29	 3
3115	 -24	 3
-15	 68	 0
111	 150	 0
177	 111	 0
308	 63	 0
388	 90	 0
479	 84	 0
610	 82	 0
686	 71	 8
794	 70	 8
907	 120	 8
984	 129	 8
1135	 81	 8
1211	 115	 6
1275	 142	 6
1397	 78	 6
1542	 111	 6
1613	 107	 6
1689	 73	 6
1763	 94	 4
1900	 134	 4
1973	 92	 4
2063	 121	 4
2194	 68	 4
2279	 80	 4
2394	 121	 4
2499	 70	 4
2596	 109	 3
2695	 59	 3
2812	 107	 3
2903	 97	 3
3014	 70	 3
3094	 105	 3
2	 194	 0
118	 170	 0
202	 214	 0
268	 183	 0
399	 186	 0
469	 170	 0
563	 186	 0
698	 180	 8
834	 198	 8
924	 157	 8
985	 203	 8
1117	 184	 8
1246	 161	 6
1323	 241	 6
1366	 208	 6
1503	 225	 6
1638	 226	 6
1658	 188	 6
1788	 169	 6
1884	 185	 4
2009	 181	 4
2092	 164	 4
2169	 212	 4
2307	 207	 4
2380	 154	 3
2543	 205	 3
2587	 218	 3
2708	 210	 3
2805	 167	 3
2927	 186	 3
2982	 232	 3
3099	 221	 3
-13	 301	 0
142	 297	 0
167	 272	 0
309	 292	 0
426	 288	 0
493	 301	 0
610	 288	 0
680	 318	 8
757	 309	 8
903	 275	 8
993	 344	 8
1090	 318	 8
1165	 339	 8
1292	 341	 6
1402	 268	 6
1471	 291	 6
1644	 300	 6
1708	 292	 6
1835	 298	 6
1904	 301	 4
2029	 280	 4
2085	 280	 4
2166	 319	 4
2280	 299	 4
2391	 325	 4
2487	 290	 4
2610	 301	 3
2713	 304	 3
2801	 322	 3
2934	 281	 3
3025	 320	 3
3111	 327	 3
41	 408	 0
105	 414	 0
168	 386	 0
305	 382	 0
368	 431	 0
526	 395	 0
581	 396	 8
705	 418	 8
792	 389	 8
920	 398	 8
1033	 406	 8
1082	 400	 8
1183	 417	 8
1294	 422	 6
1419	 400	 6
1487	 416	 6
1601	 394	 6
1713	 370	 6
1821	 401	 6
1934	 443	 4
1982	 409	 4
2071	 374	 4
2202	 436	 4
2299	 405	 4
2400	 376	 4
2508	 396	 3
2605	 405	 3
2659	 368	 3
2814	 384	 3
2868	 437	 3
2972	 395	 3
3085	 418	 3
-16	 485	 0
112	 504	 0
168	 531	 0
329	 454	 0
410	 495	 0
490	 537	 1
613	 483	 1
705	 477	 8
803	 513	 8
873	 502	 8
999	 516	 8
1077	 529	 8
1191	 511	 8
1292	 506	 6
1435	 528	 6
1475	 508	 6
1577	 467	 6
1690	 516	 6
1767	 455	 6
1934	 546	 4
2032	 455	 4
2108	 503	 4
2211	 474	 4
2294	 504	 4
2396	 461	 4
2477	 494	 4
2590	 476	 3
2706	 474	 3
2784	 507	 3
2922	 485	 3
2996	 544	 3
3067	 472	 3
11	 600	 1
96	 578	 0
187	 592	 0
322	 566	 0
394	 584	 0
516	 583	 1
606	 640	 1
672	 628	 1
830	 583	 1
894	 616	 8
1021	 596	 8
1116	 599	 8
1191	 627	 8
1297	 609	 7
1396	 556	 6
1503	 586	 6
1596	 576	 6
1733	 611	 7
1811	 600	 7
1901	 622	 7
2013	 602	 4
2116	 594	 4
2202	 642	 4
2281	 626	 4
2403	 629	 4
2497	 635	 4
2567	 582	 4
2734	 600	 3
2780	 594	 4
2879	 608	 3
2968	 564	 3
3070	 611	 4
-9	 666	 1
105	 736	 1
193	 683	 1
329	 702	 1
428	 692	 1
480	 709	 1
594	 691	 1
700	 702	 1
775	 699	 1
868	 710	 1
994	 673	 8
1119	 691	 7
1203	 685	 7
1301	 699	 7
1374	 690	 7
1477	 724	 7
1628	 690	 7
1688	 686	 7
1833	 683	 7
1938	 673	 7
1980	 670	 7
2106	 708	 7
2190	 695	 7
2283	 684	 4
2379	 698	 4
2459	 693	 4
2601	 713	 4
2689	 695	 4
2791	 674	 4
2905	 688	 4
2998	 665	 4
3130	 654	 4
24	 817	 1
145	 799	 1
176	 833	 1
316	 776	 1
407	 811	 1
509	 816	 1
600	 766	 1
743	 810	 9
795	 822	 1
903	 777	 9
958	 795	 7
1097	 818	 7
1201	 820	 7
1270	 819	 7
1373	 788	 7
1504	 818	 7
1636	 783	 7
1676	 833	 7
1817	 818	 7
1911	 774	 7
2027	 800	 7
2099	 786	 7
2203	 762	 4
2300	 810	 4
2413	 801	 4
2478	 838	 4
2601	 786	 4
2715	 799	 4
2789	 838	 4
2903	 791	 4
3032	 755	 4
3122	 792	 4
43	 878	 1
72	 930	 1
200	 927	 1
273	 933	 1
369	 888	 1
490	 933	 1
576	 915	 9
690	 916	 9
784	 874	 9
897	 872	 9
1007	 865	 9
1141	 876	 7
1221	 940	 7
1284	 882	 7
1382	 928	 7
1494	 895	 7
1612	 927	 7
1688	 900	 7
1763	 896	 7
1876	 906	 7
1977	 899	 5
2130	 895	 5
2198	 919	 5
2273	 922	 4
2439	 926	 4
2493	 916	 4
2610	 876	 4
2721	 938	 2
2772	 903	 4
2928	 902	 2
3017	 883	 2
3131	 912	 4
13	 987	 1
104	 1048	 1
210	 967	 1
314	 1020	 1
413	 955	 1
488	 981	 9
631	 987	 9
704	 1001	 9
765	 980	 9
871	 1036	 9
1012	 988	 9
1107	 1006	 9
1158	 972	 9
1300	 1043	 7
1397	 1006	 7
1543	 1011	 7
1600	 997	 7
1702	 1027	 7
1795	 965	 7
1866	 990	 7
1986	 998	 5
2108	 1007	 5
2189	 991	 5
2293	 1036	 4
2399	 957	 4
2490	 1047	 4
2644	 973	 4
2688	 990	 2
2798	 1026	 2
2945	 998	 2
3048	 1008	 2
3083	 1032	 2
8	 1073	 1
127	 1130	 1
206	 1085	 1
280	 1078	 1
435	 1140	 1
470	 1099	 1
611	 1095	 9
662	 1093	 9
801	 1068	 9
940	 1060	 9
994	 1058	 9
1102	 1103	 7
1160	 1069	 7
1294	 1101	 7
1370	 1129	 7
1506	 1101	 7
1625	 1093	 7
1742	 1114	 7
1789	 1082	 5
1934	 1124	 5
1991	 1128	 5
2118	 1101	 5
2204	 1084	 5
2296	 1096	 5
2391	 1147	 4
2493	 1105	 4
2642	 1097	 2
2708	 1093	 2
2783	 1085	 2
2921	 1134	 2
3002	 1126	 2
3104	 1108	 2
-11	 1187	 1
108	 1210	 1
188	 1160	 1
316	 1190	 1
426	 1236	 1
492	 1160	 1
617	 1206	 1
682	 1194	 9
797	 1158	 9
865	 1187	 9
997	 1168	 9
1119	 1213	 7
1195	 1234	 7
1285	 1190	 7
1380	 1205	 7
1463	 1203	 7
1620	 1192	 7
1721	 1210	 7
1809	 1201	 5
1856	 1166	 5
2011	 1189	 5
2101	 1204	 5
2200	 1219	 5
2285	 1223	 5
2386	 1199	 5
2491	 1221	 2
2611	 1162	 2
2694	 1238	 2
2782	 1195	 2
2918	 1225	 2
2972	 1204	 2
3125	 1216	 2
4	 1330	 1
78	 1292	 1
215	 1288	 1
269	 1335	 1
406	 1297	 1
493	 1304	 1
617	 1305	 9
720	 1323	 9
806	 1297	 9
906	 1292	 9
982	 1340	 9
1113	 1285	 7
1209	 1266	 7
1292	 1329	 7
1427	 1288	 7
1510	 1305	 7
1617	 1317	 7
1707	 1261	 7
1839	 1302	 5
1913	 1336	 5
2009	 1300	 5
2113	 1321	 5
2232	 1292	 5
2313	 1260	 5
2365	 1299	 2
2478	 1293	 2
2646	 1288	 2
2713	 1270	 2
2770	 1299	 2
2889	 1285	 2
3003	 1322	 2
3120	 1319	 2
33	 1388	 1
100	 1384	 1
209	 1379	 1
331	 1431	 1
386	 1401	 1
529	 1413	 1
627	 1423	 9
686	 1386	 9
775	 1389	 9
903	 1393	 9
1014	 1400	 9
1085	 1408	 7
1212	 1397	 7
1275	 1441	 7
1400	 1395	 7
1508	 1431	 7
1612	 1396	 7
1748	 1426	 5
1772	 1396	 5
1883	 1367	 5
1990	 1396	 5
2085	 1408	 5
2237	 1384	 5
2334	 1401	 5
2388	 1412	 5
2512	 1415	 2
2566	 1374	 2
2717	 1426	 2
2799	 1399	 2
2929	 1399	 2
2975	 1393	 2
3079	 1400	 2
8	 1507	 1
106	 1493	 1
217	 1511	 1
319	 1480	 1
426	 1492	 1
524	 1513	 9
618	 1496	 9
719	 1514	 9
812	 1461	 9
932	 1507	 9
1017	 1529	 9
1084	 1498	 9
1228	 1528	 7
1294	 1529	 7
1383	 1485	 7
1452	 1490	 7
1591	 1500	 7
1678	 1528	 7
1804	 1479	 5
1930	 1469	 5
1986	 1500	 5
2115	 1506	 5
2226	 1468	 5
2319	 1454	 5
2417	 1479	 5
2508	 1502	 5
2605	 1511	 2
2706	 1499	 2
2804	 1498	 2
2887	 1510	 2
3021	 1515	 2
3114	 1514	 2

0	 1	 144	 21.00
0	 32	 195	 17.00
1	 2	 205	 22.00
1	 33	 182	 19.00
2	 3	 261	 22.00
2	 34	 201	 19.00
3	 4	 269	 20.00
3	 35	 176	 20.00
4	 5	 257	 16.00
4	 36	 193	 22.00
5	 6	 172	 16.00
5	 37	 194	 22.00
6	 7	 206	 19.00
6	 38	 157	 24.00
7	 8	 200	 16.00
7	 39	 261	 24.00
8	 9	 203	 24.00
8	 40	 139	 24.00
9	 10	 137	 17.00
9	 41	 204	 20.00
10	 11	 274	 16.00
10	 42	 146	 20.00
11	 12	 217	 20.00
11	 43	 240	 18.00
12	 13	 273	 24.00
12	 44	 260	 20.00
13	 14	 196	 20.00
13	 45	 165	 16.00
14	 15	 276	 24.00
14	 46	 227	 22.00
15	 16	 191	 24.00
15	 47	 179	 19.00
16	 17	 266	 17.00
16	 48	 280	 20.00
17	 18	 195	 19.00
17	 49	 139	 18.00
18	 19	 173	 17.00
18	 50	 275	 17.00
19	 20	 216	 24.00
19	 51	 251	 19.00
20	 21	 248	 19.00
20	 52	 269	 23.00
21	 22	 134	 17.00
21	 53	 170	 24.00
22	 23	 210	 19.00
22	 54	 216	 23.00
23	 24	 171	 18.00
23	 55	 251	 24.00
24	 25	 248	 17.00
24	 56	 185	 19.00
25	 26	 225	 24.00
25	 57	 176	 20.00
26	 27	 215	 17.00
26	 58	 181	 16.00
27	 28	 154	 16.00
27	 59	 135	 22.00
28	 29	 215	 19.00
28	 60	 140	 16.00
29	 30	 169	 21.00
29	 61	 257	 21.00
30	 31	 187	 17.00
30	 62	 266	 23.00
31	 63	 178	 20.00
32	 33	 203	 21.00
32	 64	 132	 18.00
33	 34	 201	 23.00
33	 65	 176	 24.00
34	 35	 204	 19.00
34	 66	 255	 24.00
35	 36	 243	 18.00
35	 67	 131	 17.00
36	 37	 159	 24.00
36	 68	 123	 16.00
37	 38	 163	 16.00
37	 69	 189	 20.00
38	 39	 153	 23.00
38	 70	 141	 23.00
39	 40	 169	 21.00
39	 71	 125	 19.00
40	 41	 275	 23.00
40	 72	 234	 22.00
41	 42	 249	 19.00
41	 73	 130	 17.00
42	 43	 139	 19.00
42	 74	 155	 23.00
43	 44	 159	 22.00
43	 75	 125	 16.00
44	 45	 127	 21.00
44	 76	 238	 17.00
45	 46	 135	 23.00
45	 77	 206	 22.00
46	 47	 269	 19.00
46	 78	 254	 17.00
47	 48	 269	 16.00
47	 79	 214	 21.00
48	 49	 158	 22.00
48	 80	 215	 16.00
49	 50	 231	 21.00
49	 81	 278	 16.00
50	 51	 138	 20.00
50	 82	 168	 17.00
51	 52	 263	 20.00
51	 83	 226	 24.00
52	 53	 259	 20.00
52	 84	 180	 23.00
53	 54	 226	 17.00
53	 85	 198	 18.00
54	 55	 211	 21.00
54	 86	 214	 20.00
55	 56	 237	 18.00
55	 87	 266	 20.00
56	 57	 121	 17.00
56	 88	 214	 24.00
57	 58	 269	 17.00
57	 89	 203	 20.00
58	 59	 234	 17.00
58	 90	 141	 22.00
59	 60	 135	 16.00
59	 91	 160	 17.00
60	 61	 232	 24.00
60	 92	 215	 17.00
61	 62	 179	 23.00
61	 93	 170	 18.00
62	 63	 175	 22.00
62	 94	 272	 21.00
63	 95	 202	 16.00
64	 65	 145	 16.00
64	 96	 209	 24.00
65	 66	 134	 16.00
65	 97	 213	 19.00
66	 67	 257	 18.00
66	 98	 224	 17.00
67	 68	 168	 16.00
67	 99	 213	 18.00
68	 69	 172	 21.00
68	 100	 136	 18.00
69	 70	 203	 23.00
69	 101	 204	 20.00
70	 71	 167	 24.00
70	 102	 205	 21.00
71	 72	 273	 23.00
71	 103	 122	 21.00
72	 73	 167	 22.00
72	 104	 172	 19.00
73	 74	 189	 20.00
73	 105	 225	 21.00
74	 75	 263	 23.00
74	 106	 164	 20.00
75	 76	 174	 24.00
75	 107	 279	 22.00
76	 77	 233	 18.00
76	 108	 177	 23.00
77	 78	 148	 24.00
77	 109	 160	 21.00
78	 79	 273	 24.00
78	 110	 139	 16.00
79	 80	 145	 23.00
79	 111	 155	 19.00
80	 81	 271	 23.00
80	 112	 162	 22.00
81	 82	 200	 18.00
81	 113	 193	 17.00
82	 83	 244	 18.00
82	 114	 213	 24.00
83	 84	 161	 20.00
83	 115	 243	 23.00
84	 85	 177	 21.00
84	 116	 234	 24.00
85	 86	 158	 21.00
85	 117	 127	 21.00
86	 87	 128	 22.00
86	 118	 214	 24.00
87	 88	 134	 16.00
87	 119	 215	 19.00
88	 89	 268	 17.00
88	 120	 206	 23.00
89	 90	 213	 21.00
89	 121	 141	 17.00
90	 91	 177	 17.00
90	 122	 221	 19.00
91	 92	 132	 24.00
91	 123	 249	 23.00
92	 93	 120	 17.00
92	 124	 219	 20.00
93	 94	 154	 18.00
93	 125	 166	 16.00
94	 95	 131	 17.00
94	 126	 212	 24.00
95	 127	 238	 18.00
96	 97	 254	 23.00
96	 128	 269	 20.00
97	 98	 259	 18.00
97	 129	 279	 17.00
98	 99	 243	 23.00
98	 130	 239	 16.00
99	 100	 226	 18.00
99	 131	 167	 20.00
100	 101	 154	 19.00
100	 132	 151	 20.00
101	 102	 136	 20.00
101	 133	 228	 19.00
102	 103	 149	 16.00
102	 134	 152	 24.00
103	 104	 174	 22.00
103	 135	 210	 19.00
104	 105	 217	 20.00
104	 136	 237	 16.00
105	 106	 134	 19.00
105	 137	 125	 18.00
106	 107	 241	 24.00
106	 138	 163	 20.00
107	 108	 270	 19.00
107	 139	 262	 24.00
108	 109	 139	 19.00
108	 140	 210	 20.00
109	 110	 253	 24.00
109	 141	 143	 21.00
110	 111	 254	 23.00
110	 142	 271	 19.00
111	 112	 159	 21.00
111	 143	 129	 20.00
112	 113	 181	 22.00
112	 144	 192	 19.00
113	 114	 222	 21.00
113	 145	 200	 22.00
114	 115	 171	 20.00
114	 146	 129	 23.00
115	 116	 176	 16.00
115	 147	 254	 21.00
116	 117	 181	 16.00
116	 148	 133	 24.00
117	 118	 120	 21.00
117	 149	 228	 23.00
118	 119	 223	 20.00
118	 150	 197	 22.00
119	 120	 238	 17.00
119	 151	 148	 23.00
120	 121	 198	 23.00
120	 152	 260	 18.00
121	 122	 216	 16.00
121	 153	 140	 20.00
122	 123	 135	 24.00
122	 154	 259	 22.00
123	 124	 196	 20.00
123	 155	 206	 19.00
124	 125	 167	 17.00
124	 156	 193	 24.00
125	 126	 205	 18.00
125	 157	 240	 23.00
126	 127	 189	 16.00
126	 158	 155	 19.00
127	 159	 191	 22.00
128	 129	 261	 22.00
128	 160	 224	 24.00
129	 130	 208	 23.00
129	 161	 216	 17.00
130	 131	 226	 21.00
130	 162	 209	 21.00
131	 132	 158	 20.00
131	 163	 270	 19.00
132	 133	 195	 18.00
132	 164	 275	 17.00
133	 134	 210	 24.00
133	 165	 259	 20.00
134	 135	 179	 24.00
134	 166	 171	 17.00
135	 136	 172	 21.00
135	 167	 279	 20.00
136	 137	 208	 23.00
136	 168	 181	 18.00
137	 138	 249	 24.00
137	 169	 192	 24.00
138	 139	 257	 17.00
138	 170	 131	 21.00
139	 140	 275	 22.00
139	 171	 272	 21.00
140	 141	 201	 19.00
140	 172	 265	 19.00
141	 142	 214	 19.00
141	 173	 215	 24.00
142	 143	 278	 19.00
142	 174	 181	 16.00
143	 144	 235	 21.00
143	 175	 235	 21.00
144	 145	 213	 23.00
144	 176	 142	 22.00
145	 146	 135	 17.00
145	 177	 199	 18.00
146	 147	 270	 22.00
146	 178	 166	 21.00
147	 148	 129	 22.00
147	 179	 259	 18.00
148	 149	 133	 16.00
148	 180	 277	 23.00
149	 150	 262	 20.00
149	 181	 262	 23.00
150	 151	 208	 20.00
150	 182	 194	 16.00
151	 152	 280	 22.00
151	 183	 278	 24.00
152	 153	 188	 20.00
152	 184	 152	 20.00
153	 154	 146	 20.00
153	 185	 162	 16.00
154	 155	 209	 22.00
154	 186	 169	 24.00
155	 156	 239	 19.00
155	 187	 230	 18.00
156	 157	 211	 21.00
156	 188	 177	 24.00
157	 158	 207	 19.00
157	 189	 210	 21.00
158	 159	 128	 16.00
158	 190	 166	 24.00
159	 191	 202	 19.00
160	 161	 257	 22.00
160	 192	 189	 24.00
161	 162	 231	 16.00
161	 193	 130	 24.00
162	 163	 261	 16.00
162	 194	 189	 21.00
163	 164	 199	 16.00
163	 195	 127	 18.00
164	 165	 264	 23.00
164	 196	 173	 22.00
165	 166	 136	 19.00
165	 197	 196	 22.00
166	 167	 128	 21.00
166	 198	 262	 22.00
167	 168	 273	 16.00
167	 199	 261	 21.00
168	 169	 268	 21.00
168	 200	 274	 17.00
169	 170	 218	 20.00
169	 201	 193	 21.00
170	 171	 197	 17.00
170	 202	 156	 20.00
171	 172	 227	 23.00
171	 203	 141	 22.00
172	 173	 163	 20.00
172	 204	 235	 17.00
173	 174	 147	 21.00
173	 205	 157	 23.00
174	 175	 170	 23.00
174	 206	 276	 18.00
175	 176	 268	 19.00
175	 207	 194	 22.00
176	 177	 268	 20.00
176	 208	 177	 20.00
177	 178	 249	 17.00
177	 209	 249	 16.00
178	 179	 276	 22.00
178	 210	 134	 19.00
179	 180	 268	 24.00
179	 211	 197	 20.00
180	 181	 122	 17.00
180	 212	 137	 22.00
181	 182	 251	 24.00
181	 213	 222	 20.00
182	 183	 123	 19.00
182	 214	 153	 16.00
183	 184	 203	 19.00
183	 215	 243	 17.00
184	 185	 232	 23.00
184	 216	 271	 21.00
185	 186	 279	 16.00
185	 217	 170	 24.00
186	 187	 161	 20.00
186	 218	 230	 17.00
187	 188	 245	 24.00
187	 219	 238	 19.00
188	 189	 212	 17.00
188	 220	 162	 20.00
189	 190	 157	 21.00
189	 221	 160	 19.00
190	 191	 181	 18.00
190	 222	 272	 16.00
191	 223	 261	 16.00
192	 193	 224	 21.00
192	 224	 233	 19.00
193	 194	 125	 16.00
193	 225	 162	 16.00
194	 195	 262	 19.00
194	 226	 257	 22.00
195	 196	 216	 19.00
195	 227	 216	 17.00
196	 197	 180	 20.00
196	 228	 192	 17.00
197	 198	 205	 22.00
197	 229	 260	 23.00
198	 199	 257	 23.00
198	 230	 247	 20.00
199	 200	 218	 22.00
199	 231	 213	 17.00
200	 201	 135	 24.00
200	 232	 277	 20.00
201	 202	 187	 20.00
201	 233	 207	 24.00
202	 203	 226	 24.00
202	 234	 267	 24.00
203	 204	 277	 19.00
203	 235	 126	 17.00
204	 205	 121	 23.00
204	 236	 241	 23.00
205	 206	 144	 21.00
205	 237	 224	 22.00
206	 207	 276	 22.00
206	 238	 225	 21.00
207	 208	 279	 21.00
207	 239	 194	 24.00
208	 209	 268	 17.00
208	 240	 240	 22.00
209	 210	 190	 17.00
209	 241	 221	 23.00
210	 211	 212	 16.00
210	 242	 238	 17.00
211	 212	 178	 22.00
211	 243	 156	 23.00
212	 213	 122	 22.00
212	 244	 234	 16.00
213	 214	 274	 16.00
213	 245	 238	 18.00
214	 215	 256	 21.00
214	 246	 208	 19.00
215	 216	 270	 19.00
215	 247	 255	 16.00
216	 217	 131	 18.00
216	 248	 160	 18.00
217	 218	 245	 23.00
217	 249	 223	 16.00
218	 219	 236	 18.00
218	 250	 226	 21.00
219	 220	 258	 18.00
219	 251	 131	 22.00
220	 221	 207	 19.00
220	 252	 220	 20.00
221	 222	 153	 19.00
221	 253	 158	 17.00
222	 223	 202	 22.00
222	 254	 141	 20.00
223	 255	 168	 23.00
224	 225	 164	 22.00
224	 256	 255	 22.00
225	 226	 179	 17.00
225	 257	 236	 24.00
226	 227	 221	 21.00
226	 258	 278	 20.00
227	 228	 148	 19.00
227	 259	 208	 24.00
228	 229	 178	 20.00
228	 260	 193	 23.00
229	 230	 199	 16.00
229	 261	 136	 21.00
230	 231	 213	 19.00
230	 262	 222	 17.00
231	 232	 157	 19.00
231	 263	 256	 17.00
232	 233	 238	 20.00
232	 264	 226	 20.00
233	 234	 138	 23.00
233	 265	 203	 24.00
234	 235	 198	 20.00
234	 266	 187	 21.00
235	 236	 177	 19.00
235	 267	 191	 23.00
236	 237	 238	 20.00
236	 268	 164	 20.00
237	 238	 251	 24.00
237	 269	 182	 21.00
238	 239	 215	 20.00
238	 270	 160	 16.00
239	 240	 156	 18.00
239	 271	 256	 18.00
240	 241	 209	 17.00
240	 272	 161	 21.00
241	 242	 221	 16.00
241	 273	 184	 18.00
242	 243	 260	 20.00
242	 274	 258	 24.00
243	 244	 268	 19.00
243	 275	 211	 16.00
244	 245	 157	 19.00
244	 276	 186	 20.00
245	 246	 247	 23.00
245	 277	 248	 22.00
246	 247	 270	 19.00
246	 278	 279	 24.00
247	 248	 217	 23.00
247	 279	 140	 21.00
248	 249	 191	 17.00
248	 280	 131	 21.00
249	 250	 130	 23.00
249	 281	 125	 24.00
250	 251	 269	 22.00
250	 282	 266	 20.00
251	 252	 227	 18.00
251	 283	 272	 16.00
252	 253	 151	 17.00
252	 284	 182	 22.00
253	 254	 153	 24.00
253	 285	 277	 17.00
254	 255	 137	 17.00
254	 286	 246	 20.00
255	 287	 195	 16.00
256	 257	 185	 22.00
256	 288	 190	 17.00
257	 258	 247	 21.00
257	 289	 164	 23.00
258	 259	 219	 19.00
258	 290	 134	 20.00
259	 260	 168	 24.00
259	 291	 280	 22.00
260	 261	 212	 20.00
260	 292	 173	 18.00
261	 262	 193	 20.00
261	 293	 184	 23.00
262	 263	 146	 17.00
262	 294	 199	 21.00
263	 264	 174	 19.00
263	 295	 210	 16.00
264	 265	 268	 16.00
264	 296	 191	 19.00
265	 266	 249	 18.00
265	 297	 157	 24.00
266	 267	 177	 24.00
266	 298	 146	 23.00
267	 268	 139	 22.00
267	 299	 194	 18.00
268	 269	 274	 24.00
268	 300	 245	 19.00
269	 270	 232	 17.00
269	 301	 178	 18.00
270	 271	 280	 22.00
270	 302	 255	 23.00
271	 272	 122	 21.00
271	 303	 231	 16.00
272	 273	 186	 20.00
272	 304	 232	 18.00
273	 274	 242	 18.00
273	 305	 187	 22.00
274	 275	 176	 23.00
274	 306	 255	 24.00
275	 276	 138	 22.00
275	 307	 227	 20.00
276	 277	 203	 19.00
276	 308	 272	 24.00
277	 278	 178	 20.00
277	 309	 238	 23.00
278	 279	 219	 20.00
278	 310	 236	 18.00
279	 280	 279	 17.00
279	 311	 172	 22.00
280	 281	 216	 16.00
280	 312	 259	 24.00
281	 282	 205	 20.00
281	 313	 204	 23.00
282	 283	 166	 18.00
282	 314	 137	 19.00
283	 284	 164	 21.00
283	 315	 263	 22.00
284	 285	 158	 22.00
284	 316	 223	 21.00
285	 286	 190	 21.00
285	 317	 231	 16.00
286	 287	 230	 17.00
286	 318	 142	 21.00
287	 319	 129	 19.00
288	 289	 120	 16.00
288	 320	 139	 22.00
289	 290	 268	 21.00
289	 321	 236	 24.00
290	 291	 171	 21.00
290	 322	 165	 23.00
291	 292	 181	 20.00
291	 323	 176	 22.00
292	 293	 275	 17.00
292	 324	 208	 17.00
293	 294	 128	 20.00
293	 325	 140	 24.00
294	 295	 131	 16.00
294	 326	 250	 17.00
295	 296	 181	 20.00
295	 327	 264	 20.00
296	 297	 181	 23.00
296	 328	 235	 22.00
297	 298	 236	 17.00
297	 329	 156	 24.00
298	 299	 149	 19.00
298	 330	 192	 17.00
299	 300	 264	 22.00
299	 331	 167	 16.00
300	 301	 181	 16.00
300	 332	 176	 16.00
301	 302	 148	 24.00
301	 333	 274	 17.00
302	 303	 168	 21.00
302	 334	 211	 21.00
303	 304	 138	 19.00
303	 335	 243	 19.00
304	 305	 158	 21.00
304	 336	 200	 21.00
305	 306	 188	 22.00
305	 337	 129	 20.00
306	 307	 129	 20.00
306	 338	 259	 17.00
307	 308	 162	 23.00
307	 339	 250	 17.00
308	 309	 146	 21.00
308	 340	 132	 24.00
309	 310	 184	 24.00
309	 341	 212	 22.00
310	 311	 184	 21.00
310	 342	 213	 23.00
311	 312	 262	 20.00
311	 343	 169	 18.00
312	 313	 265	 16.00
312	 344	 147	 23.00
313	 314	 142	 23.00
313	 345	 133	 19.00
314	 315	 213	 16.00
314	 346	 224	 22.00
315	 316	 275	 17.00
315	 347	 174	 18.00
316	 317	 202	 22.00
316	 348	 215	 18.00
317	 318	 197	 21.00
317	 349	 191	 22.00
318	 319	 203	 17.00
318	 350	 264	 19.00
319	 351	 215	 18.00
320	 321	 247	 19.00
320	 352	 270	 21.00
321	 322	 247	 16.00
321	 353	 163	 19.00
322	 323	 173	 17.00
322	 354	 186	 16.00
323	 324	 253	 16.00
323	 355	 164	 20.00
324	 325	 206	 21.00
324	 356	 242	 18.00
325	 326	 164	 16.00
325	 357	 123	 22.00
326	 327	 232	 21.00
326	 358	 185	 19.00
327	 328	 136	 16.00
327	 359	 202	 21.00
328	 329	 157	 20.00
328	 360	 179	 20.00
329	 330	 125	 18.00
329	 361	 215	 16.00
330	 331	 218	 21.00
330	 362	 181	 22.00
331	 332	 191	 18.00
331	 363	 270	 24.00
332	 333	 258	 19.00
332	 364	 159	 19.00
333	 334	 121	 17.00
333	 365	 273	 20.00
334	 335	 243	 16.00
334	 366	 279	 17.00
335	 336	 152	 23.00
335	 367	 153	 24.00
336	 337	 192	 17.00
336	 368	 274	 17.00
337	 338	 191	 20.00
337	 369	 243	 19.00
338	 339	 267	 22.00
338	 370	 270	 22.00
339	 340	 127	 16.00
339	 371	 277	 16.00
340	 341	 260	 17.00
340	 372	 123	 20.00
341	 342	 131	 22.00
341	 373	 140	 18.00
342	 343	 162	 24.00
342	 374	 143	 20.00
343	 344	 238	 19.00
343	 375	 228	 24.00
344	 345	 269	 17.00
344	 376	 196	 24.00
345	 346	 147	 23.00
345	 377	 164	 22.00
346	 347	 121	 21.00
346	 378	 207	 23.00
347	 348	 146	 23.00
347	 379	 241	 21.00
348	 349	 124	 20.00
348	 380	 228	 19.00
349	 350	 177	 16.00
349	 381	 154	 24.00
350	 351	 212	 17.00
350	 382	 128	 24.00
351	 383	 236	 19.00
352	 353	 161	 22.00
352	 384	 267	 20.00
353	 354	 258	 21.00
353	 385	 158	 23.00
354	 355	 276	 22.00
354	 386	 179	 20.00
355	 356	 183	 23.00
355	 387	 170	 20.00
356	 357	 135	 17.00
356	 388	 180	 19.00
357	 358	 277	 20.00
357	 389	 222	 20.00
358	 359	 159	 17.00
358	 390	 172	 23.00
359	 360	 254	 17.00
359	 391	 141	 22.00
360	 361	 226	 23.00
360	 392	 259	 19.00
361	 362	 148	 17.00
361	 393	 232	 22.00
362	 363	 216	 18.00
362	 394	 235	 23.00
363	 364	 238	 19.00
363	 395	 266	 23.00
364	 365	 213	 18.00
364	 396	 165	 22.00
365	 366	 235	 20.00
365	 397	 231	 21.00
366	 367	 140	 17.00
366	 398	 249	 16.00
367	 368	 174	 23.00
367	 399	 196	 16.00
368	 369	 179	 17.00
368	 400	 202	 23.00
369	 370	 202	 23.00
369	 401	 216	 20.00
370	 371	 237	 24.00
370	 402	 123	 17.00
371	 372	 185	 24.00
371	 403	 197	 16.00
372	 373	 149	 18.00
372	 404	 250	 21.00
373	 374	 180	 19.00
373	 405	 254	 16.00
374	 375	 221	 19.00
374	 406	 139	 20.00
375	 376	 195	 17.00
375	 407	 150	 16.00
376	 377	 260	 19.00
376	 408	 169	 23.00
377	 378	 149	 17.00
377	 409	 196	 21.00
378	 379	 166	 19.00
378	 410	 196	 20.00
379	 380	 181	 22.00
379	 411	 195	 18.00
380	 381	 247	 21.00
380	 412	 248	 19.00
381	 382	 202	 22.00
381	 413	 175	 24.00
382	 383	 257	 19.00
382	 414	 137	 19.00
383	 415	 236	 23.00
384	 385	 154	 20.00
384	 416	 265	 23.00
385	 386	 263	 19.00
385	 417	 278	 24.00
386	 387	 247	 17.00
386	 418	 212	 24.00
387	 388	 196	 19.00
387	 419	 240	 20.00
388	 389	 253	 24.00
388	 420	 209	 18.00
389	 390	 164	 18.00
389	 421	 167	 21.00
390	 391	 265	 18.00
390	 422	 249	 23.00
391	 392	 158	 24.00
391	 423	 237	 24.00
392	 393	 199	 20.00
392	 424	 132	 23.00
393	 394	 238	 22.00
393	 425	 188	 24.00
394	 395	 212	 19.00
394	 426	 242	 17.00
395	 396	 159	 17.00
395	 427	 143	 24.00
396	 397	 272	 21.00
396	 428	 212	 20.00
397	 398	 124	 16.00
397	 429	 193	 16.00
398	 399	 247	 17.00
398	 430	 160	 20.00
399	 400	 254	 20.00
399	 431	 245	 21.00
400	 401	 274	 24.00
400	 432	 190	 16.00
401	 402	 273	 19.00
401	 433	 134	 20.00
402	 403	 168	 20.00
402	 434	 174	 18.00
403	 404	 215	 21.00
403	 435	 191	 21.00
404	 405	 239	 24.00
404	 436	 235	 19.00
405	 406	 211	 20.00
405	 437	 187	 18.00
406	 407	 234	 16.00
406	 438	 191	 22.00
407	 408	 266	 20.00
407	 439	 228	 17.00
408	 409	 279	 17.00
408	 440	 162	 20.00
409	 410	 182	 23.00
409	 441	 144	 16.00
410	 411	 264	 24.00
410	 442	 153	 22.00
411	 412	 233	 20.00
411	 443	 194	 19.00
412	 413	 218	 22.00
412	 444	 171	 23.00
413	 414	 139	 19.00
413	 445	 232	 23.00
414	 415	 179	 19.00
414	 446	 272	 23.00
415	 447	 230	 24.00
416	 417	 265	 19.00
416	 448	 197	 23.00
417	 418	 247	 18.00
417	 449	 158	 16.00
418	 419	 265	 16.00
418	 450	 248	 17.00
419	 420	 135	 17.00
419	 451	 269	 18.00
420	 421	 247	 18.00
420	 452	 275	 16.00
421	 422	 277	 20.00
421	 453	 154	 23.00
422	 423	 254	 22.00
422	 454	 274	 23.00
423	 424	 226	 19.00
423	 455	 226	 19.00
424	 425	 279	 18.00
424	 456	 164	 17.00
425	 426	 218	 20.00
425	 457	 166	 20.00
426	 427	 168	 22.00
426	 458	 280	 18.00
427	 428	 212	 17.00
427	 459	 261	 21.00
428	 429	 202	 16.00
428	 460	 219	 17.00
429	 430	 231	 19.00
429	 461	 207	 17.00
430	 431	 133	 21.00
430	 462	 141	 18.00
431	 432	 173	 20.00
431	 463	 207	 24.00
432	 433	 228	 20.00
432	 464	 159	 17.00
433	 434	 218	 18.00
433	 465	 146	 21.00
434	 435	 168	 17.00
434	 466	 254	 23.00
435	 436	 219	 16.00
435	 467	 174	 17.00
436	 437	 261	 19.00
436	 468	 185	 18.00
437	 438	 254	 24.00
437	 469	 131	 21.00
438	 439	 166	 16.00
438	 470	 126	 22.00
439	 440	 140	 18.00
439	 471	 247	 22.00
440	 441	 152	 24.00
440	 472	 159	 20.00
441	 442	 212	 16.00
441	 473	 229	 19.00
442	 443	 128	 19.00
442	 474	 160	 16.00
443	 444	 127	 17.00
443	 475	 268	 16.00
444	 445	 153	 17.00
444	 476	 233	 22.00
445	 446	 216	 24.00
445	 477	 277	 22.00
446	 447	 253	 21.00
446	 478	 254	 18.00
447	 479	 202	 22.00
448	 449	 129	 17.00
448	 480	 198	 17.00
449	 450	 134	 21.00
449	 481	 234	 16.00
450	 451	 176	 19.00
450	 482	 251	 21.00
451	 452	 217	 17.00
451	 483	 124	 23.00
452	 453	 188	 20.00
452	 484	 197	 23.00
453	 454	 166	 19.00
453	 485	 132	 21.00
454	 455	 149	 17.00
454	 486	 164	 22.00
455	 456	 141	 17.00
455	 487	 178	 24.00
456	 457	 167	 20.00
456	 488	 204	 21.00
457	 458	 207	 18.00
457	 489	 192	 20.00
458	 459	 203	 22.00
458	 490	 185	 20.00
459	 460	 247	 20.00
459	 491	 136	 17.00
460	 461	 256	 23.00
460	 492	 239	 24.00
461	 462	 198	 17.00
461	 493	 235	 21.00
462	 463	 253	 16.00
462	 494	 246	 22.00
463	 464	 204	 16.00
463	 495	 259	 20.00
464	 465	 222	 21.00
464	 496	 193	 22.00
465	 466	 274	 18.00
465	 497	 152	 20.00
466	 467	 228	 21.00
466	 498	 165	 23.00
467	 468	 216	 22.00
467	 499	 136	 17.00
468	 469	 195	 17.00
468	 500	 143	 22.00
469	 470	 213	 20.00
469	 501	 162	 24.00
470	 471	 253	 23.00
470	 502	 215	 23.00
471	 472	 222	 19.00
471	 503	 222	 19.00
472	 473	 279	 17.00
472	 504	 195	 16.00
473	 474	 129	 23.00
473	 505	 223	 24.00
474	 475	 214	 18.00
474	 506	 123	 19.00
475	 476	 185	 18.00
475	 507	 260	 24.00
476	 477	 175	 21.00
476	 508	 120	 22.00
477	 478	 170	 16.00
477	 509	 271	 16.00
478	 479	 168	 18.00
478	 510	 136	 17.00
479	 511	 122	 23.00
480	 481	 210	 17.00
481	 482	 192	 18.00
482	 483	 267	 21.00
483	 484	 220	 22.00
484	 485	 265	 21.00
485	 486	 155	 18.00
486	 487	 250	 21.00
487	 488	 207	 17.00
488	 489	 191	 17.00
489	 490	 142	 20.00
490	 491	 226	 23.00
491	 492	 190	 23.00
492	 493	 147	 21.00
493	 494	 214	 17.00
494	 495	 163	 23.00
495	 496	 160	 21.00
496	 497	 269	 20.00
497	 498	 261	 23.00
498	 499	 155	 21.00
499	 500	 267	 22.00
500	 501	 267	 22.00
501	 502	 178	 18.00
502	 503	 187	 18.00
503	 504	 242	 19.00
504	 505	 170	 21.00
505	 506	 257	 16.00
506	 507	 151	 19.00
507	 508	 152	 16.00
508	 509	 188	 17.00
509	 510	 249	 19.00
510	 511	 147	 22.00
