1024	1984	20	0.30

-8	 -6	 0
114	 -29	 0
176	 -9	 0
306	 11	 0
396	 -2	 0
486	 -31	 0
585	 0	 0
703	 29	 0
780	 -7	 7
857	 -25	 7
965	 8	 7
1087	 -2	 7
1189	 39	 7
1269	 -15	 7
1358	 -23	 7
1506	 10	 7
1626	 -42	 7
1700	 -2	 5
1816	 7	 5
1919	 16	 5
1998	 -3	 5
2103	 -9	 5
2215	 10	 5
2289	 25	 5
2401	 38	 3
2504	 -7	 3
2557	 -15	 3
2725	 -2	 3
2812	 4	 3
2879	 0	 3
3002	 -21	 3
3104	 -5	 3
8	 76	 0
106	 87	 0
205	 126	 0
311	 94	 0
381	 77	 0
477	 94	 0
607	 121	 0
706	 126	 0
766	 90	 0
912	 136	 7
1006	 73	 7
1090	 111	 7
1185	 63	 7
1328	 92	 7
1408	 70	 7
1468	 126	 7
1617	 112	 5
1680	 77	 5
1816	 94	 5
1918	 103	 5
1995	 95	 5
2094	 96	 5
2209	 79	 5
2332	 86	 5
2409	 112	 3
2495	 61	 3
2622	 99	 3
2696	 78	 3
2771	 98	 3
2923	 95	 3
2995	 111	 3
3128	 66	 3
11	 190	 0
97	 210	 0
230	 183	 0
290	 186	 0
390	 238	 0
498	 186	 0
644	 190	 0
699	 183	 0
787	 206	 0
893	 176	 7
1035	 179	 7
1136	 184	 7
1243	 221	 7
1299	 193	 7
1403	 237	 7
1494	 232	 5
1603	 218	 5
1679	 225	 5
1770	 184	 5
1886	 187	 5
2014	 171	 5
2083	 202	 5
2181	 228	 5
2281	 175	 5
2419	 244	 3
2486	 208	 3
2620	 216	 3
2694	 195	 3
2821	 202	 3
2919	 198	 3
3010	 215	 3
3124	 199	 3
42	 336	 0
113	 320	 0
195	 270	 0
289	 283	 0
368	 292	 0
518	 273	 0
598	 341	 0
695	 285	 0
773	 264	 0
931	 295	 7
974	 288	 7
1119	 296	 7
1209	 319	 7
1305	 284	 7
1394	 306	 7
1463	 300	 5
1599	 298	 5
1736	 323	 5
1825	 314	 5
1905	 273	 5
1974	 271	 5
2107	 302	 5
2169	 304	 5
2296	 298	 5
2375	 336	 3
2474	 307	 3
2579	 268	 3
2712	 289	 3
2807	 294	 3
2910	 276	 3
2978	 299	 3
3068	 329	 3
-4	 394	 0
114	 410	 0
217	 394	 0
318	 400	 0
403	 392	 0
544	 383	 0
596	 393	 0
719	 393	 0
799	 395	 0
870	 407	 7
1020	 405	 7
1117	 427	 7
1194	 379	 7
1305	 405	 7
1404	 375	 7
1488	 417	 7
1609	 410	 5
1701	 422	 5
1823	 371	 5
1912	 410	 5
2007	 397	 5
2128	 395	 5
2222	 378	 3
2333	 422	 3
2418	 398	 3
2479	 371	 3
2565	 402	 3
2714	 369	 3
2767	 423	 3
2924	 425	 3
3032	 388	 3
3124	 386	 3
7	 481	 0
72	 481	 0
199	 503	 0
338	 519	 0
402	 497	 0
533	 477	 0
552	 543	 0
733	 515	 0
766	 477	 0
912	 498	 7
959	 504	 7
1090	 497	 7
1201	 524	 7
1344	 503	 7
1371	 511	 7
1504	 506	 7
1587	 487	 5
1696	 485	 5
1811	 497	 5
1881	 474	 5
1963	 517	 5
2098	 493	 5
2227	 500	 3
2305	 536	 5
2387	 516	 3
2498	 492	 3
2606	 524	 3
2730	 522	 3
2761	 496	 3
2884	 496	 3
2978	 507	 3
3105	 515	 3
-29	 578	 0
120	 573	 0
202	 610	 0
296	 597	 0
405	 613	 0
491	 581	 0
641	 600	 0
684	 590	 0
803	 589	 7
917	 585	 7
999	 635	 7
1102	 590	 7
1210	 605	 7
1292	 609	 7
1408	 581	 7
1507	 588	 7
1632	 602	 5
1722	 579	 5
1783	 596	 5
1893	 635	 5
2036	 591	 5
2100	 583	 5
2202	 635	 5
2339	 598	 5
2388	 589	 3
2511	 600	 3
2568	 622	 3
2695	 597	 3
2793	 588	 3
2875	 601	 3
3014	 645	 3
3122	 613	 3
-11	 680	 11
94	 683	 0
160	 703	 0
270	 711	 0
403	 698	 0
495	 711	 0
588	 683	 0
710	 698	 11
792	 720	 11
901	 731	 14
1044	 676	 7
1096	 663	 7
1196	 696	 7
1293	 696	 7
1405	 686	 7
1497	 699	 7
1635	 697	 7
1717	 686	 5
1803	 731	 15
1890	 736	 5
2009	 665	 5
2136	 735	 5
2201	 700	 5
2255	 721	 19
2417	 679	 19
2497	 724	 8
2597	 744	 8
2688	 667	 3
2772	 729	 3
2881	 745	 3
2999	 729	 8
3099	 693	 8
17	 772	 11
84	 808	 11
221	 806	 0
324	 769	 11
399	 796	 0
523	 794	 11
559	 791	 0
725	 831	 11
834	 825	 11
894	 804	 14
1002	 807	 7
1103	 790	 7
1204	 809	 7
1275	 781	 7
1376	 792	 7
1499	 813	 7
1565	 768	 7
1702	 790	 15
1773	 793	 15
1916	 826	 5
2021	 809	 5
2097	 797	 5
2159	 805	 5
2292	 839	 8
2393	 797	 8
2511	 819	 8
2609	 829	 8
2709	 812	 8
2810	 775	 3
2876	 818	 3
3014	 801	 3
3122	 787	 8
19	 872	 11
106	 877	 11
229	 888	 11
278	 876	 11
419	 893	 11
479	 921	 11
606	 891	 11
689	 897	 11
803	 889	 11
869	 881	 11
986	 939	 11
1140	 899	 11
1189	 917	 7
1301	 878	 7
1397	 931	 7
1506	 866	 7
1615	 895	 15
1658	 934	 15
1795	 946	 15
1908	 901	 15
1963	 896	 5
2083	 892	 15
2172	 899	 15
2319	 872	 15
2371	 915	 8
2482	 917	 8
2623	 872	 8
2689	 892	 3
2810	 885	 3
2874	 900	 3
2985	 914	 8
3085	 908	 8
-16	 996	 11
106	 991	 11
205	 996	 11
309	 1014	 11
410	 968	 11
504	 1003	 11
569	 973	 11
668	 1028	 11
824	 971	 11
890	 981	 11
995	 1023	 13
1104	 1020	 13
1190	 983	 13
1304	 994	 15
1399	 986	 15
1507	 993	 15
1594	 978	 15
1682	 988	 15
1829	 1005	 15
1904	 1033	 15
2006	 992	 15
2127	 971	 15
2202	 1003	 15
2324	 973	 8
2436	 1025	 8
2487	 1008	 8
2576	 1030	 8
2673	 974	 8
2839	 1004	 8
2858	 1045	 8
3039	 973	 8
3086	 953	 8
15	 1097	 11
127	 1106	 11
186	 1082	 11
290	 1074	 11
410	 1072	 11
511	 1102	 11
610	 1095	 11
727	 1076	 11
795	 1061	 11
896	 1096	 11
1034	 1109	 13
1144	 1093	 13
1183	 1133	 13
1314	 1099	 13
1412	 1126	 13
1492	 1090	 15
1569	 1112	 15
1720	 1070	 15
1803	 1085	 15
1881	 1124	 15
2020	 1104	 15
2099	 1098	 15
2183	 1111	 8
2334	 1111	 8
2402	 1107	 8
2538	 1104	 8
2600	 1090	 8
2735	 1115	 8
2806	 1098	 8
2874	 1139	 8
3000	 1128	 8
3116	 1081	 8
-8	 1180	 11
109	 1209	 11
172	 1240	 11
302	 1203	 11
431	 1153	 11
487	 1211	 11
595	 1214	 11
707	 1198	 11
789	 1243	 13
879	 1197	 11
997	 1179	 13
1112	 1165	 13
1173	 1197	 13
1272	 1184	 13
1370	 1192	 13
1495	 1227	 13
1586	 1185	 15
1694	 1213	 15
1833	 1195	 15
1891	 1193	 15
2029	 1178	 15
2097	 1226	 15
2230	 1172	 15
2298	 1220	 8
2393	 1196	 8
2463	 1178	 8
2590	 1228	 8
2691	 1190	 8
2830	 1196	 8
2880	 1193	 8
2996	 1165	 8
3063	 1226	 8
26	 1275	 11
128	 1331	 11
195	 1275	 11
287	 1321	 11
422	 1340	 11
509	 1323	 11
618	 1344	 11
679	 1278	 13
843	 1299	 13
883	 1280	 13
1017	 1286	 13
1113	 1289	 13
1207	 1307	 13
1294	 1262	 13
1409	 1306	 13
1499	 1297	 15
1633	 1273	 15
1662	 1308	 15
1783	 1281	 15
1871	 1305	 15
1993	 1271	 15
2108	 1276	 15
2195	 1295	 15
2307	 1288	 8
2383	 1284	 16
2506	 1299	 8
2573	 1270	 8
2686	 1259	 8
2761	 1327	 8
2901	 1294	 8
3014	 1272	 8
3116	 1316	 8
-7	 1405	 12
134	 1389	 11
209	 1380	 11
289	 1396	 11
417	 1426	 11
469	 1376	 11
587	 1377	 11
686	 1436	 11
834	 1406	 13
876	 1371	 13
984	 1425	 13
1090	 1447	 13
1207	 1429	 13
1294	 1361	 13
1393	 1369	 13
1545	 1400	 13
1595	 1446	 15
1697	 1415	 15
1821	 1440	 15
1902	 1411	 15
1972	 1392	 15
2108	 1409	 15
2235	 1397	 15
2300	 1430	 16
2412	 1364	 16
2514	 1383	 8
2620	 1394	 8
2673	 1408	 8
2792	 1431	 8
2907	 1402	 8
2993	 1426	 8
3090	 1400	 8
-42	 1496	 12
136	 1501	 11
183	 1464	 10
307	 1521	 10
369	 1496	 10
494	 1513	 11
565	 1489	 11
684	 1502	 13
789	 1518	 13
947	 1474	 13
990	 1506	 13
1098	 1521	 13
1208	 1487	 13
1326	 1497	 13
1419	 1486	 13
1487	 1506	 13
1595	 1497	 13
1683	 1527	 15
1780	 1503	 15
1893	 1534	 15
2012	 1506	 15
2146	 1467	 15
2168	 1501	 15
2280	 1526	 16
2430	 1481	 16
2480	 1495	 8
2596	 1471	 8
2718	 1505	 8
2805	 1497	 8
2924	 1518	 8
2967	 1511	 8
3082	 1459	 8
-32	 1570	 12
69	 1599	 10
215	 1624	 10
307	 1627	 10
369	 1606	 10
484	 1572	 10
633	 1621	 17
729	 1587	 17
811	 1600	 13
893	 1593	 13
961	 1565	 13
1102	 1593	 13
1190	 1611	 13
1329	 1561	 13
1377	 1600	 13
1465	 1628	 13
1608	 1599	 15
1719	 1636	 15
1819	 1594	 15
1870	 1560	 15
2001	 1636	 15
2075	 1615	 15
2227	 1569	 16
2341	 1626	 16
2401	 1586	 16
2495	 1635	 9
2598	 1617	 9
2717	 1625	 8
2820	 1625	 8
2890	 1588	 8
3011	 1612	 9
3104	 1576	 9
4	 1737	 10
116	 1683	 10
199	 1673	 10
282	 1703	 10
431	 1729	 10
486	 1689	 10
594	 1707	 10
699	 1675	 13
837	 1703	 13
913	 1667	 13
969	 1657	 13
1055	 1717	 13
1248	 1722	 13
1289	 1661	 13
1394	 1699	 13
1519	 1729	 16
1590	 1710	 15
1736	 1705	 15
1798	 1733	 15
1891	 1737	 15
2029	 1669	 15
2131	 1669	 16
2168	 1702	 16
2345	 1721	 9
2405	 1704	 9
2511	 1664	 9
2604	 1697	 9
2718	 1712	 9
2798	 1665	 8
2906	 1731	 9
3008	 1719	 9
3140	 1719	 9
-11	 1794	 10
135	 1780	 10
196	 1811	 10
292	 1797	 10
432	 1809	 10
523	 1756	 10
584	 1799	 10
698	 1818	 10
799	 1812	 13
894	 1781	 13
1013	 1805	 13
1102	 1816	 13
1204	 1763	 13
1287	 1774	 13
1431	 1800	 13
1477	 1845	 16
1620	 1792	 15
1708	 1790	 16
1794	 1827	 16
1897	 1823	 16
1997	 1767	 16
2076	 1782	 16
2230	 1792	 16
2321	 1795	 9
2415	 1831	 9
2507	 1832	 9
2571	 1809	 9
2697	 1774	 9
2795	 1802	 9
2922	 1813	 9
2978	 1797	 9
3128	 1812	 9
19	 1925	 10
111	 1860	 10
192	 1877	 10
336	 1924	 10
403	 1938	 10
493	 1877	 10
619	 1873	 10
684	 1884	 10
793	 1904	 10
878	 1911	 13
975	 1884	 13
1110	 1901	 16
1200	 1936	 16
1276	 1892	 16
1406	 1902	 16
1461	 1913	 16
1605	 1949	 16
1687	 1937	 16
1789	 1895	 16
1910	 1919	 16
1968	 1892	 16
2114	 1892	 16
2167	 1913	 16
2307	 1895	 9
2394	 1901	 9
2471	 1891	 9
2580	 1880	 9
2673	 1907	 9
2808	 1941	 9
2890	 1864	 9
2979	 1943	 9
3118	 1874	 9
10	 1968	 10
72	 1989	 10
196	 2009	 10
279	 2021	 10
389	 2041	 10
466	 2026	 10
565	 1985	 10
656	 2020	 10
792	 2028	 10
888	 2002	 10
1001	 2040	 16
1139	 1991	 16
1179	 2023	 16
1316	 2001	 16
1415	 1971	 16
1498	 2010	 16
1601	 2039	 16
1655	 1961	 16
1825	 1998	 16
1886	 2031	 16
1996	 1986	 16
2083	 1998	 16
2210	 1962	 9
2336	 1970	 9
2408	 1966	 9
2512	 1968	 9
2585	 1993	 9
2705	 2011	 9
2815	 2037	 9
2897	 2003	 9
2981	 2041	 9
3089	 2001	 9
19	 2077	 10
96	 2140	 10
219	 2112	 10
290	 2074	 10
379	 2066	 10
528	 2088	 10
595	 2104	 10
694	 2121	 10
826	 2110	 10
876	 2078	 10
966	 2079	 16
1099	 2125	 16
1203	 2078	 16
1305	 2123	 16
1407	 2094	 16
1484	 2081	 16
1624	 2071	 16
1655	 2077	 16
1804	 2142	 16
1896	 2097	 16
2000	 2090	 16
2101	 2137	 16
2215	 2107	 9
2296	 2085	 9
2396	 2120	 9
2493	 2102	 9
2610	 2092	 9
2700	 2083	 9
2814	 2110	 9
2873	 2095	 9
3002	 2126	 9
3098	 2089	 9
7	 2191	 10
68	 2234	 10
210	 2220	 1
302	 2180	 10
404	 2209	 10
494	 2214	 10
605	 2234	 10
694	 2212	 10
766	 2168	 10
883	 2191	 10
982	 2198	 16
1081	 2223	 16
1226	 2188	 6
1261	 2203	 6
1398	 2174	 6
1473	 2178	 16
1570	 2197	 16
1703	 2191	 16
1807	 2229	 16
1919	 2179	 16
2000	 2159	 16
2101	 2213	 4
2241	 2189	 9
2285	 2218	 9
2383	 2202	 9
2487	 2197	 9
2610	 2157	 9
2715	 2173	 9
2819	 2219	 2
2921	 2236	 2
3030	 2193	 9
3101	 2235	 9
21	 2292	 10
109	 2273	 10
201	 2298	 1
339	 2301	 1
399	 2287	 1
486	 2314	 10
600	 2325	 10
722	 2309	 10
805	 2313	 18
927	 2282	 18
1021	 2324	 6
1070	 2281	 6
1194	 2286	 6
1289	 2327	 6
1401	 2303	 6
1518	 2312	 6
1623	 2312	 16
1659	 2281	 16
1798	 2299	 4
1894	 2301	 4
1973	 2298	 4
2101	 2270	 4
2177	 2274	 4
2288	 2288	 4
2428	 2318	 9
2463	 2265	 9
2579	 2320	 2
2704	 2304	 2
2819	 2290	 2
2903	 2276	 9
2963	 2276	 9
3101	 2312	 9
9	 2431	 10
82	 2391	 1
229	 2414	 1
321	 2411	 1
384	 2363	 1
499	 2428	 1
619	 2403	 1
727	 2399	 18
808	 2358	 18
907	 2374	 18
977	 2363	 6
1130	 2419	 6
1200	 2408	 6
1315	 2393	 6
1377	 2385	 6
1497	 2403	 6
1611	 2427	 16
1703	 2405	 4
1776	 2408	 4
1916	 2393	 4
1991	 2389	 4
2100	 2391	 4
2200	 2393	 4
2322	 2424	 4
2408	 2417	 2
2501	 2381	 9
2610	 2436	 9
2729	 2387	 2
2784	 2400	 2
2920	 2360	 2
2986	 2368	 2
3110	 2394	 9
16	 2462	 1
79	 2516	 1
239	 2522	 1
305	 2500	 1
422	 2525	 1
487	 2521	 1
577	 2485	 1
696	 2462	 1
793	 2508	 18
915	 2513	 6
1022	 2500	 6
1095	 2461	 6
1194	 2472	 6
1342	 2517	 6
1403	 2537	 6
1514	 2506	 6
1601	 2491	 4
1700	 2498	 4
1788	 2456	 4
1910	 2482	 4
1976	 2504	 4
2120	 2463	 4
2183	 2501	 4
2316	 2465	 4
2412	 2525	 2
2528	 2515	 9
2574	 2483	 2
2681	 2499	 2
2764	 2510	 2
2887	 2516	 2
2987	 2473	 2
3111	 2474	 2
16	 2611	 1
114	 2621	 1
214	 2594	 1
303	 2592	 1
364	 2568	 1
504	 2570	 1
582	 2633	 1
661	 2598	 1
804	 2614	 6
886	 2578	 6
1026	 2637	 6
1072	 2623	 6
1188	 2594	 6
1298	 2607	 6
1397	 2631	 6
1530	 2614	 4
1585	 2601	 4
1673	 2625	 4
1811	 2631	 4
1904	 2603	 4
2007	 2581	 4
2091	 2567	 4
2195	 2589	 4
2257	 2599	 2
2358	 2614	 2
2512	 2577	 2
2593	 2602	 2
2739	 2577	 2
2798	 2567	 2
2909	 2610	 2
2984	 2602	 2
3143	 2610	 2
20	 2705	 1
125	 2724	 1
233	 2699	 1
258	 2708	 1
382	 2709	 1
505	 2708	 1
580	 2710	 1
674	 2721	 1
802	 2686	 1
864	 2709	 6
1014	 2732	 6
1098	 2693	 6
1218	 2657	 6
1339	 2669	 6
1384	 2668	 6
1498	 2703	 4
1602	 2672	 4
1672	 2706	 4
1795	 2707	 4
1926	 2674	 4
1980	 2688	 4
2101	 2717	 4
2175	 2699	 4
2291	 2694	 4
2404	 2677	 2
2494	 2691	 2
2551	 2702	 2
2721	 2664	 2
2787	 2679	 2
2903	 2684	 2
3003	 2741	 2
3121	 2688	 2
0	 2810	 1
141	 2836	 1
233	 2832	 1
294	 2783	 1
393	 2769	 1
454	 2806	 1
557	 2802	 1
676	 2813	 1
801	 2840	 1
882	 2761	 6
1016	 2832	 6
1085	 2773	 6
1209	 2795	 6
1331	 2801	 6
1372	 2781	 6
1491	 2815	 4
1614	 2821	 4
1723	 2795	 4
1790	 2817	 4
1906	 2830	 4
2005	 2783	 4
2080	 2807	 4
2196	 2790	 4
2290	 2769	 4
2383	 2794	 2
2521	 2825	 2
2614	 2819	 2
2727	 2803	 2
2799	 2780	 2
2907	 2786	 2
3015	 2772	 2
3077	 2799	 2
-28	 2912	 1
72	 2869	 1
202	 2908	 1
286	 2910	 1
413	 2884	 1
499	 2904	 1
617	 2858	 1
706	 2915	 1
792	 2941	 1
880	 2896	 6
993	 2922	 6
1102	 2888	 6
1179	 2922	 6
1323	 2892	 6
1385	 2896	 6
1510	 2891	 6
1601	 2933	 4
1716	 2918	 4
1805	 2912	 4
1898	 2929	 4
1998	 2855	 4
2076	 2893	 4
2196	 2906	 4
2288	 2903	 2
2441	 2926	 2
2497	 2892	 2
2617	 2942	 2
2724	 2894	 2
2827	 2922	 2
2885	 2889	 2
2995	 2890	 2
3118	 2891	 2
18	 3020	 1
110	 2995	 1
221	 2990	 1
279	 3026	 1
387	 3040	 1
483	 2960	 1
579	 3031	 1
689	 3017	 1
811	 2989	 6
865	 3004	 6
1043	 3038	 6
1125	 2995	 6
1205	 3010	 6
1294	 3011	 6
1395	 3019	 6
1526	 2993	 6
1602	 2992	 4
1703	 3031	 4
1768	 3014	 4
1905	 2987	 4
1970	 2980	 4
2086	 2967	 4
2166	 3008	 4
2334	 2992	 2
2412	 2983	 2
2480	 2981	 2
2616	 2978	 2
2698	 3041	 2
2812	 3035	 2
2883	 3008	 2
3023	 3034	 2
3096	 2977	 2
-5	 3117	 1
109	 3119	 1
214	 3087	 1
263	 3122	 1
445	 3077	 1
457	 3070	 1
577	 3105	 1
726	 3132	 6
803	 3115	 6
941	 3096	 6
1015	 3096	 6
1107	 3088	 6
1159	 3074	 6
1326	 3110	 6
1385	 3072	 6
1470	 3135	 6
1569	 3078	 6
1663	 3101	 6
1806	 3137	 4
1912	 3069	 4
2003	 3098	 4
2071	 3097	 4
2231	 3125	 4
2301	 3108	 4
2417	 3066	 2
2481	 3072	 2
2608	 3113	 2
2683	 3104	 2
2775	 3079	 2
2902	 3142	 2
2987	 3060	 2
3100	 3070	 2

0	 1	 146	 18.00
0	 32	 185	 25.00
1	 2	 251	 24.00
1	 33	 267	 24.00
2	 3	 259	 20.00
2	 34	 148	 12.00
3	 4	 239	 22.00
3	 35	 261	 22.00
4	 5	 143	 20.00
4	 36	 158	 13.00
5	 6	 251	 24.00
5	 37	 208	 16.00
6	 7	 160	 12.00
6	 38	 190	 27.00
7	 8	 152	 28.00
7	 39	 133	 24.00
8	 9	 209	 14.00
8	 40	 200	 25.00
9	 10	 120	 21.00
9	 41	 242	 26.00
10	 11	 203	 24.00
10	 42	 150	 18.00
11	 12	 163	 28.00
11	 43	 266	 13.00
12	 13	 250	 18.00
12	 44	 246	 16.00
13	 14	 141	 22.00
13	 45	 158	 28.00
14	 15	 233	 18.00
14	 46	 236	 24.00
15	 16	 123	 26.00
15	 47	 207	 16.00
16	 17	 217	 24.00
16	 48	 272	 17.00
17	 18	 164	 25.00
17	 49	 251	 24.00
18	 19	 238	 22.00
18	 50	 190	 20.00
19	 20	 248	 15.00
19	 51	 205	 27.00
20	 21	 142	 23.00
20	 52	 256	 23.00
21	 22	 184	 12.00
21	 53	 211	 27.00
22	 23	 224	 22.00
22	 54	 125	 19.00
23	 24	 269	 18.00
23	 55	 151	 25.00
24	 25	 171	 21.00
24	 56	 206	 22.00
25	 26	 124	 17.00
25	 57	 209	 23.00
26	 27	 245	 14.00
26	 58	 249	 20.00
27	 28	 280	 16.00
27	 59	 202	 13.00
28	 29	 271	 20.00
28	 60	 183	 22.00
29	 30	 127	 19.00
29	 61	 199	 24.00
30	 31	 258	 23.00
30	 62	 238	 28.00
31	 63	 193	 17.00
32	 33	 138	 27.00
32	 64	 167	 19.00
33	 34	 180	 20.00
33	 65	 246	 17.00
34	 35	 120	 13.00
34	 66	 174	 20.00
35	 36	 224	 27.00
35	 67	 179	 19.00
36	 37	 242	 24.00
36	 68	 277	 28.00
37	 38	 233	 26.00
37	 69	 249	 13.00
38	 39	 143	 14.00
38	 70	 203	 25.00
39	 40	 207	 12.00
39	 71	 199	 19.00
40	 41	 125	 16.00
40	 72	 202	 26.00
41	 42	 277	 15.00
41	 73	 186	 14.00
42	 43	 252	 21.00
42	 74	 228	 15.00
43	 44	 138	 15.00
43	 75	 132	 17.00
44	 45	 234	 14.00
44	 76	 205	 17.00
45	 46	 198	 19.00
45	 77	 136	 14.00
46	 47	 238	 13.00
46	 78	 251	 13.00
47	 48	 131	 26.00
47	 79	 205	 22.00
48	 49	 164	 19.00
48	 80	 280	 24.00
49	 50	 239	 25.00
49	 81	 192	 20.00
50	 51	 166	 25.00
50	 82	 189	 20.00
51	 52	 156	 18.00
51	 83	 213	 16.00
52	 53	 212	 18.00
52	 84	 180	 17.00
53	 54	 170	 12.00
53	 85	 136	 27.00
54	 55	 138	 24.00
54	 86	 197	 25.00
55	 56	 242	 21.00
55	 87	 186	 22.00
56	 57	 232	 18.00
56	 88	 161	 23.00
57	 58	 181	 17.00
57	 89	 238	 20.00
58	 59	 171	 18.00
58	 90	 171	 14.00
59	 60	 254	 14.00
59	 91	 280	 26.00
60	 61	 202	 22.00
60	 92	 234	 25.00
61	 62	 131	 21.00
61	 93	 162	 13.00
62	 63	 230	 16.00
62	 94	 150	 22.00
63	 95	 185	 13.00
64	 65	 147	 20.00
64	 96	 176	 18.00
65	 66	 165	 25.00
65	 97	 198	 14.00
66	 67	 155	 18.00
66	 98	 255	 25.00
67	 68	 201	 18.00
67	 99	 155	 25.00
68	 69	 249	 14.00
68	 100	 173	 23.00
69	 70	 170	 20.00
69	 101	 122	 20.00
70	 71	 230	 14.00
70	 102	 200	 14.00
71	 72	 211	 26.00
71	 103	 147	 21.00
72	 73	 208	 23.00
72	 104	 183	 26.00
73	 74	 206	 13.00
73	 105	 198	 16.00
74	 75	 233	 26.00
74	 106	 200	 18.00
75	 76	 141	 20.00
75	 107	 274	 19.00
76	 77	 206	 18.00
76	 108	 125	 13.00
77	 78	 257	 28.00
77	 109	 249	 23.00
78	 79	 162	 17.00
78	 110	 236	 13.00
79	 80	 245	 26.00
79	 111	 138	 23.00
80	 81	 131	 15.00
80	 112	 207	 20.00
81	 82	 190	 25.00
81	 113	 234	 27.00
82	 83	 229	 23.00
82	 114	 280	 21.00
83	 84	 258	 28.00
83	 115	 277	 25.00
84	 85	 145	 21.00
84	 116	 143	 28.00
85	 86	 124	 21.00
85	 117	 262	 16.00
86	 87	 137	 23.00
86	 118	 216	 25.00
87	 88	 185	 13.00
87	 119	 221	 26.00
88	 89	 188	 13.00
88	 120	 145	 28.00
89	 90	 195	 14.00
89	 121	 167	 17.00
90	 91	 265	 23.00
90	 122	 147	 21.00
91	 92	 243	 22.00
91	 123	 224	 24.00
92	 93	 148	 12.00
92	 124	 248	 25.00
93	 94	 203	 24.00
93	 125	 223	 13.00
94	 95	 131	 22.00
94	 126	 124	 24.00
95	 127	 220	 27.00
96	 97	 268	 15.00
96	 128	 219	 13.00
97	 98	 235	 16.00
97	 129	 279	 26.00
98	 99	 164	 14.00
98	 130	 244	 17.00
99	 100	 182	 21.00
99	 131	 274	 27.00
100	 101	 219	 16.00
100	 132	 199	 19.00
101	 102	 246	 12.00
101	 133	 198	 14.00
102	 103	 242	 13.00
102	 134	 241	 24.00
103	 104	 276	 13.00
103	 135	 201	 26.00
104	 105	 136	 12.00
104	 136	 179	 24.00
105	 106	 244	 20.00
105	 137	 276	 17.00
106	 107	 129	 19.00
106	 138	 211	 19.00
107	 108	 238	 14.00
107	 139	 129	 27.00
108	 109	 190	 24.00
108	 140	 146	 25.00
109	 110	 120	 27.00
109	 141	 130	 25.00
110	 111	 243	 18.00
110	 142	 264	 20.00
111	 112	 126	 14.00
111	 143	 138	 19.00
112	 113	 229	 16.00
112	 144	 212	 25.00
113	 114	 121	 20.00
113	 145	 240	 17.00
114	 115	 174	 14.00
114	 146	 226	 22.00
115	 116	 178	 18.00
115	 147	 138	 23.00
116	 117	 197	 27.00
116	 148	 279	 23.00
117	 118	 264	 25.00
117	 149	 188	 25.00
118	 119	 224	 26.00
118	 150	 223	 15.00
119	 120	 268	 18.00
119	 151	 122	 16.00
120	 121	 190	 20.00
120	 152	 264	 12.00
121	 122	 241	 15.00
121	 153	 156	 25.00
122	 123	 244	 23.00
122	 154	 157	 24.00
123	 124	 197	 21.00
123	 155	 225	 24.00
124	 125	 123	 12.00
124	 156	 278	 25.00
125	 126	 212	 23.00
125	 157	 223	 26.00
126	 127	 140	 28.00
126	 158	 232	 25.00
127	 159	 273	 20.00
128	 129	 165	 27.00
128	 160	 129	 12.00
129	 130	 247	 16.00
129	 161	 175	 15.00
130	 131	 156	 24.00
130	 162	 243	 27.00
131	 132	 234	 20.00
131	 163	 123	 16.00
132	 133	 163	 25.00
132	 164	 229	 22.00
133	 134	 275	 26.00
133	 165	 161	 27.00
134	 135	 172	 16.00
134	 166	 182	 27.00
135	 136	 222	 16.00
135	 167	 120	 24.00
136	 137	 266	 14.00
136	 168	 215	 15.00
137	 138	 261	 16.00
137	 169	 254	 17.00
138	 139	 221	 21.00
138	 170	 147	 13.00
139	 140	 234	 26.00
139	 171	 267	 13.00
140	 141	 276	 13.00
140	 172	 183	 16.00
141	 142	 263	 21.00
141	 173	 242	 16.00
142	 143	 210	 15.00
142	 174	 267	 19.00
143	 144	 231	 21.00
143	 175	 225	 23.00
144	 145	 193	 13.00
144	 176	 276	 26.00
145	 146	 123	 21.00
145	 177	 175	 21.00
146	 147	 161	 26.00
146	 178	 149	 25.00
147	 148	 134	 23.00
147	 179	 157	 19.00
148	 149	 160	 17.00
148	 180	 201	 28.00
149	 150	 206	 25.00
149	 181	 276	 26.00
150	 151	 267	 13.00
150	 182	 210	 15.00
151	 152	 176	 25.00
151	 183	 202	 27.00
152	 153	 184	 21.00
152	 184	 188	 13.00
153	 154	 251	 28.00
153	 185	 212	 13.00
154	 155	 185	 16.00
154	 186	 169	 16.00
155	 156	 196	 20.00
155	 187	 153	 24.00
156	 157	 141	 17.00
156	 188	 237	 13.00
157	 158	 262	 17.00
157	 189	 276	 27.00
158	 159	 190	 15.00
158	 190	 207	 24.00
159	 191	 256	 13.00
160	 161	 252	 26.00
160	 192	 153	 27.00
161	 162	 133	 22.00
161	 193	 142	 22.00
162	 163	 266	 23.00
162	 194	 175	 26.00
163	 164	 277	 18.00
163	 195	 154	 24.00
164	 165	 221	 15.00
164	 196	 207	 17.00
165	 166	 217	 28.00
165	 197	 218	 22.00
166	 167	 262	 25.00
166	 198	 231	 28.00
167	 168	 198	 12.00
167	 199	 135	 20.00
168	 169	 197	 28.00
168	 200	 262	 27.00
169	 170	 188	 25.00
169	 201	 129	 26.00
170	 171	 159	 17.00
170	 202	 266	 17.00
171	 172	 266	 23.00
171	 203	 176	 20.00
172	 173	 185	 22.00
172	 204	 201	 17.00
173	 174	 209	 24.00
173	 205	 232	 28.00
174	 175	 191	 22.00
174	 206	 221	 26.00
175	 176	 162	 27.00
175	 207	 177	 18.00
176	 177	 185	 27.00
176	 208	 257	 21.00
177	 178	 168	 14.00
177	 209	 262	 20.00
178	 179	 228	 16.00
178	 210	 170	 19.00
179	 180	 161	 19.00
179	 211	 235	 16.00
180	 181	 210	 22.00
180	 212	 265	 16.00
181	 182	 170	 23.00
181	 213	 246	 12.00
182	 183	 126	 24.00
182	 214	 256	 18.00
183	 184	 232	 16.00
183	 215	 200	 26.00
184	 185	 154	 14.00
184	 216	 134	 16.00
185	 186	 267	 20.00
185	 217	 223	 12.00
186	 187	 175	 24.00
186	 218	 253	 27.00
187	 188	 200	 19.00
187	 219	 173	 27.00
188	 189	 236	 17.00
188	 220	 238	 20.00
189	 190	 126	 24.00
189	 221	 251	 15.00
190	 191	 139	 27.00
190	 222	 242	 22.00
191	 223	 190	 17.00
192	 193	 152	 16.00
192	 224	 131	 21.00
193	 194	 200	 20.00
193	 225	 168	 15.00
194	 195	 141	 24.00
194	 226	 122	 25.00
195	 196	 229	 15.00
195	 227	 270	 20.00
196	 197	 199	 27.00
196	 228	 139	 13.00
197	 198	 176	 23.00
197	 229	 156	 20.00
198	 199	 189	 15.00
198	 230	 248	 24.00
199	 200	 184	 22.00
199	 231	 124	 24.00
200	 201	 176	 19.00
200	 232	 246	 28.00
201	 202	 196	 19.00
201	 233	 181	 18.00
202	 203	 181	 23.00
202	 234	 142	 13.00
203	 204	 135	 12.00
203	 235	 165	 22.00
204	 205	 234	 22.00
204	 236	 221	 20.00
205	 206	 149	 18.00
205	 237	 233	 25.00
206	 207	 120	 21.00
206	 238	 159	 14.00
207	 208	 227	 22.00
207	 239	 170	 22.00
208	 209	 213	 17.00
208	 240	 159	 15.00
209	 210	 272	 12.00
209	 241	 192	 24.00
210	 211	 134	 25.00
210	 242	 142	 12.00
211	 212	 161	 19.00
211	 243	 213	 18.00
212	 213	 234	 16.00
212	 244	 235	 24.00
213	 214	 140	 22.00
213	 245	 146	 13.00
214	 215	 227	 28.00
214	 246	 156	 28.00
215	 216	 123	 24.00
215	 247	 208	 27.00
216	 217	 162	 24.00
216	 248	 193	 16.00
217	 218	 160	 12.00
217	 249	 144	 16.00
218	 219	 170	 18.00
218	 250	 141	 22.00
219	 220	 176	 26.00
219	 251	 246	 16.00
220	 221	 122	 25.00
220	 252	 184	 22.00
221	 222	 209	 14.00
221	 253	 236	 12.00
222	 223	 165	 13.00
222	 254	 156	 16.00
223	 255	 190	 23.00
224	 225	 169	 23.00
224	 256	 279	 17.00
225	 226	 131	 20.00
225	 257	 240	 21.00
226	 227	 274	 28.00
226	 258	 155	 24.00
227	 228	 181	 20.00
227	 259	 212	 24.00
228	 229	 223	 23.00
228	 260	 246	 18.00
229	 230	 184	 26.00
229	 261	 165	 14.00
230	 231	 165	 26.00
230	 262	 260	 18.00
231	 232	 228	 27.00
231	 263	 162	 25.00
232	 233	 210	 22.00
232	 264	 134	 27.00
233	 234	 252	 22.00
233	 265	 172	 18.00
234	 235	 235	 15.00
234	 266	 244	 25.00
235	 236	 140	 14.00
235	 267	 205	 16.00
236	 237	 247	 26.00
236	 268	 197	 15.00
237	 238	 200	 20.00
237	 269	 146	 19.00
238	 239	 220	 23.00
238	 270	 170	 18.00
239	 240	 244	 17.00
239	 271	 189	 28.00
240	 241	 141	 21.00
240	 272	 138	 16.00
241	 242	 124	 25.00
241	 273	 244	 17.00
242	 243	 229	 18.00
242	 274	 144	 22.00
243	 244	 261	 12.00
243	 275	 265	 19.00
244	 245	 232	 13.00
244	 276	 252	 12.00
245	 246	 133	 21.00
245	 277	 207	 24.00
246	 247	 262	 28.00
246	 278	 147	 24.00
247	 248	 153	 13.00
247	 279	 170	 20.00
248	 249	 141	 14.00
248	 280	 183	 18.00
249	 250	 227	 16.00
249	 281	 268	 14.00
250	 251	 269	 22.00
250	 282	 249	 12.00
251	 252	 143	 18.00
251	 283	 248	 28.00
252	 253	 243	 22.00
252	 284	 232	 20.00
253	 254	 227	 21.00
253	 285	 149	 28.00
254	 255	 212	 16.00
254	 286	 231	 14.00
255	 287	 178	 13.00
256	 257	 248	 18.00
256	 288	 230	 14.00
257	 258	 191	 12.00
257	 289	 160	 18.00
258	 259	 128	 24.00
258	 290	 172	 14.00
259	 260	 175	 25.00
259	 291	 209	 20.00
260	 261	 169	 21.00
260	 292	 225	 26.00
261	 262	 159	 21.00
261	 293	 177	 23.00
262	 263	 266	 12.00
262	 294	 208	 17.00
263	 264	 185	 14.00
263	 295	 147	 15.00
264	 265	 228	 21.00
264	 296	 135	 27.00
265	 266	 123	 25.00
265	 297	 121	 15.00
266	 267	 197	 13.00
266	 298	 239	 20.00
267	 268	 154	 18.00
267	 299	 269	 21.00
268	 269	 209	 19.00
268	 300	 192	 26.00
269	 270	 264	 20.00
269	 301	 265	 28.00
270	 271	 200	 16.00
270	 302	 211	 20.00
271	 272	 134	 15.00
271	 303	 231	 14.00
272	 273	 172	 20.00
272	 304	 229	 13.00
273	 274	 225	 12.00
273	 305	 148	 22.00
274	 275	 191	 22.00
274	 306	 166	 15.00
275	 276	 120	 28.00
275	 307	 134	 24.00
276	 277	 216	 27.00
276	 308	 135	 13.00
277	 278	 155	 17.00
277	 309	 218	 27.00
278	 279	 229	 25.00
278	 310	 229	 20.00
279	 280	 157	 19.00
279	 311	 137	 15.00
280	 281	 207	 26.00
280	 312	 204	 26.00
281	 282	 129	 12.00
281	 313	 146	 26.00
282	 283	 230	 17.00
282	 314	 274	 24.00
283	 284	 128	 16.00
283	 315	 201	 28.00
284	 285	 200	 26.00
284	 316	 185	 17.00
285	 286	 141	 27.00
285	 317	 188	 16.00
286	 287	 234	 23.00
286	 318	 254	 28.00
287	 319	 125	 26.00
288	 289	 235	 18.00
288	 320	 227	 15.00
289	 290	 131	 23.00
289	 321	 235	 15.00
290	 291	 279	 13.00
290	 322	 278	 26.00
291	 292	 233	 17.00
291	 323	 121	 12.00
292	 293	 248	 25.00
292	 324	 166	 13.00
293	 294	 195	 27.00
293	 325	 145	 25.00
294	 295	 264	 20.00
294	 326	 174	 27.00
295	 296	 174	 20.00
295	 327	 197	 15.00
296	 297	 264	 17.00
296	 328	 269	 24.00
297	 298	 150	 16.00
297	 329	 177	 18.00
298	 299	 237	 21.00
298	 330	 203	 16.00
299	 300	 225	 26.00
299	 331	 148	 20.00
300	 301	 220	 27.00
300	 332	 126	 13.00
301	 302	 172	 28.00
301	 333	 224	 28.00
302	 303	 156	 14.00
302	 334	 243	 14.00
303	 304	 256	 28.00
303	 335	 161	 12.00
304	 305	 142	 25.00
304	 336	 144	 23.00
305	 306	 126	 14.00
305	 337	 264	 12.00
306	 307	 214	 25.00
306	 338	 121	 23.00
307	 308	 197	 19.00
307	 339	 212	 13.00
308	 309	 179	 17.00
308	 340	 152	 18.00
309	 310	 258	 23.00
309	 341	 225	 23.00
310	 311	 143	 13.00
310	 342	 148	 13.00
311	 312	 259	 17.00
311	 343	 168	 15.00
312	 313	 216	 18.00
312	 344	 211	 23.00
313	 314	 230	 12.00
313	 345	 121	 14.00
314	 315	 189	 16.00
314	 346	 225	 26.00
315	 316	 134	 16.00
315	 347	 212	 13.00
316	 317	 178	 21.00
316	 348	 250	 18.00
317	 318	 160	 20.00
317	 349	 199	 27.00
318	 319	 127	 14.00
318	 350	 237	 12.00
319	 351	 168	 20.00
320	 321	 244	 27.00
320	 352	 190	 24.00
321	 322	 266	 14.00
321	 353	 206	 17.00
322	 323	 135	 26.00
322	 354	 148	 27.00
323	 324	 217	 21.00
323	 355	 252	 16.00
324	 325	 144	 20.00
324	 356	 149	 18.00
325	 326	 172	 26.00
325	 357	 219	 26.00
326	 327	 147	 28.00
326	 358	 269	 20.00
327	 328	 143	 22.00
327	 359	 180	 12.00
328	 329	 211	 13.00
328	 360	 127	 23.00
329	 330	 263	 28.00
329	 361	 256	 27.00
330	 331	 173	 21.00
330	 362	 260	 12.00
331	 332	 207	 21.00
331	 363	 252	 19.00
332	 333	 214	 16.00
332	 364	 270	 15.00
333	 334	 239	 15.00
333	 365	 268	 16.00
334	 335	 273	 28.00
334	 366	 177	 19.00
335	 336	 207	 16.00
335	 367	 150	 16.00
336	 337	 166	 12.00
336	 368	 169	 25.00
337	 338	 161	 18.00
337	 369	 156	 24.00
338	 339	 130	 22.00
338	 370	 223	 24.00
339	 340	 136	 16.00
339	 371	 135	 16.00
340	 341	 181	 28.00
340	 372	 258	 24.00
341	 342	 120	 16.00
341	 373	 187	 26.00
342	 343	 252	 18.00
342	 374	 214	 27.00
343	 344	 131	 26.00
343	 375	 154	 24.00
344	 345	 179	 14.00
344	 376	 167	 14.00
345	 346	 144	 20.00
345	 377	 231	 20.00
346	 347	 186	 13.00
346	 378	 170	 28.00
347	 348	 183	 20.00
347	 379	 213	 26.00
348	 349	 244	 21.00
348	 380	 179	 13.00
349	 350	 205	 15.00
349	 381	 256	 19.00
350	 351	 127	 25.00
350	 382	 189	 21.00
351	 383	 174	 24.00
352	 353	 240	 18.00
352	 384	 177	 19.00
353	 354	 148	 23.00
353	 385	 249	 15.00
354	 355	 212	 26.00
354	 386	 156	 24.00
355	 356	 235	 21.00
355	 387	 207	 15.00
356	 357	 278	 13.00
356	 388	 158	 26.00
357	 358	 179	 17.00
357	 389	 241	 24.00
358	 359	 225	 13.00
358	 390	 123	 27.00
359	 360	 250	 13.00
359	 391	 189	 27.00
360	 361	 276	 15.00
360	 392	 215	 12.00
361	 362	 156	 27.00
361	 393	 180	 22.00
362	 363	 211	 27.00
362	 394	 137	 25.00
363	 364	 176	 16.00
363	 395	 226	 18.00
364	 365	 191	 21.00
364	 396	 273	 17.00
365	 366	 271	 21.00
365	 397	 214	 16.00
366	 367	 159	 20.00
366	 398	 203	 17.00
367	 368	 238	 13.00
367	 399	 194	 18.00
368	 369	 265	 21.00
368	 400	 146	 24.00
369	 370	 165	 13.00
369	 401	 193	 16.00
370	 371	 160	 24.00
370	 402	 256	 23.00
371	 372	 243	 25.00
371	 403	 244	 13.00
372	 373	 182	 16.00
372	 404	 177	 25.00
373	 374	 165	 12.00
373	 405	 260	 13.00
374	 375	 265	 20.00
374	 406	 272	 16.00
375	 376	 262	 23.00
375	 407	 196	 24.00
376	 377	 278	 24.00
376	 408	 179	 27.00
377	 378	 180	 12.00
377	 409	 156	 25.00
378	 379	 125	 24.00
378	 410	 123	 23.00
379	 380	 158	 23.00
379	 411	 123	 27.00
380	 381	 228	 25.00
380	 412	 222	 28.00
381	 382	 228	 24.00
381	 413	 207	 15.00
382	 383	 145	 13.00
382	 414	 190	 21.00
383	 415	 122	 14.00
384	 385	 213	 21.00
384	 416	 188	 26.00
385	 386	 160	 13.00
385	 417	 133	 16.00
386	 387	 242	 27.00
386	 418	 152	 24.00
387	 388	 180	 25.00
387	 419	 202	 20.00
388	 389	 179	 27.00
388	 420	 193	 20.00
389	 390	 235	 15.00
389	 421	 201	 16.00
390	 391	 184	 18.00
390	 422	 207	 21.00
391	 392	 272	 28.00
391	 423	 192	 28.00
392	 393	 161	 12.00
392	 424	 181	 14.00
393	 394	 130	 20.00
393	 425	 136	 22.00
394	 395	 151	 16.00
394	 426	 265	 22.00
395	 396	 274	 26.00
395	 427	 128	 23.00
396	 397	 268	 26.00
396	 428	 253	 24.00
397	 398	 231	 16.00
397	 429	 169	 28.00
398	 399	 173	 16.00
398	 430	 257	 23.00
399	 400	 210	 28.00
399	 431	 236	 27.00
400	 401	 212	 25.00
400	 432	 244	 21.00
401	 402	 175	 26.00
401	 433	 159	 26.00
402	 403	 219	 16.00
402	 434	 219	 13.00
403	 404	 121	 12.00
403	 435	 258	 23.00
404	 405	 140	 27.00
404	 436	 143	 16.00
405	 406	 274	 15.00
405	 437	 235	 25.00
406	 407	 144	 18.00
406	 438	 239	 14.00
407	 408	 151	 16.00
407	 439	 264	 23.00
408	 409	 199	 22.00
408	 440	 275	 13.00
409	 410	 251	 21.00
409	 441	 193	 22.00
410	 411	 130	 21.00
410	 442	 236	 23.00
411	 412	 120	 25.00
411	 443	 213	 22.00
412	 413	 212	 26.00
412	 444	 146	 15.00
413	 414	 221	 16.00
413	 445	 184	 19.00
414	 415	 224	 17.00
414	 446	 246	 19.00
415	 447	 187	 20.00
416	 417	 145	 17.00
416	 448	 212	 16.00
417	 418	 225	 14.00
417	 449	 268	 18.00
418	 419	 166	 22.00
418	 450	 213	 14.00
419	 420	 191	 28.00
419	 451	 236	 25.00
420	 421	 194	 19.00
420	 452	 228	 21.00
421	 422	 207	 23.00
421	 453	 129	 23.00
422	 423	 245	 15.00
422	 454	 140	 15.00
423	 424	 178	 14.00
423	 455	 136	 13.00
424	 425	 165	 21.00
424	 456	 236	 23.00
425	 426	 257	 12.00
425	 457	 269	 16.00
426	 427	 249	 24.00
426	 458	 240	 27.00
427	 428	 258	 12.00
427	 459	 206	 14.00
428	 429	 262	 13.00
428	 460	 265	 24.00
429	 430	 157	 24.00
429	 461	 246	 24.00
430	 431	 156	 12.00
430	 462	 180	 15.00
431	 432	 156	 16.00
431	 463	 169	 14.00
432	 433	 157	 15.00
432	 464	 193	 14.00
433	 434	 204	 27.00
433	 465	 242	 20.00
434	 435	 174	 13.00
434	 466	 209	 16.00
435	 436	 183	 14.00
435	 467	 234	 13.00
436	 437	 166	 16.00
436	 468	 163	 20.00
437	 438	 133	 17.00
437	 469	 224	 16.00
438	 439	 254	 23.00
438	 470	 140	 22.00
439	 440	 123	 21.00
439	 471	 171	 24.00
440	 441	 203	 24.00
440	 472	 149	 22.00
441	 442	 184	 28.00
441	 473	 214	 16.00
442	 443	 238	 28.00
442	 474	 198	 25.00
443	 444	 171	 24.00
443	 475	 137	 25.00
444	 445	 158	 16.00
444	 476	 146	 22.00
445	 446	 252	 16.00
445	 477	 152	 15.00
446	 447	 241	 26.00
446	 478	 227	 23.00
447	 479	 231	 18.00
448	 449	 154	 28.00
448	 480	 243	 18.00
449	 450	 262	 22.00
449	 481	 144	 26.00
450	 451	 175	 28.00
450	 482	 268	 15.00
451	 452	 134	 20.00
451	 483	 254	 28.00
452	 453	 273	 24.00
452	 484	 195	 15.00
453	 454	 123	 24.00
453	 485	 275	 18.00
454	 455	 234	 18.00
454	 486	 163	 23.00
455	 456	 239	 15.00
455	 487	 215	 17.00
456	 457	 160	 21.00
456	 488	 151	 13.00
457	 458	 185	 22.00
457	 489	 234	 28.00
458	 459	 145	 25.00
458	 490	 206	 18.00
459	 460	 170	 28.00
459	 491	 195	 12.00
460	 461	 137	 21.00
460	 492	 156	 24.00
461	 462	 157	 17.00
461	 493	 190	 25.00
462	 463	 154	 26.00
462	 494	 245	 16.00
463	 464	 120	 13.00
463	 495	 268	 22.00
464	 465	 267	 18.00
464	 496	 230	 25.00
465	 466	 154	 15.00
465	 497	 196	 25.00
466	 467	 183	 16.00
466	 498	 156	 18.00
467	 468	 218	 27.00
467	 499	 206	 28.00
468	 469	 148	 23.00
468	 500	 275	 16.00
469	 470	 237	 12.00
469	 501	 127	 15.00
470	 471	 186	 13.00
470	 502	 166	 12.00
471	 472	 152	 16.00
471	 503	 156	 25.00
472	 473	 122	 19.00
472	 504	 148	 14.00
473	 474	 146	 21.00
473	 505	 217	 14.00
474	 475	 236	 13.00
474	 506	 250	 13.00
475	 476	 264	 28.00
475	 507	 254	 18.00
476	 477	 211	 14.00
476	 508	 222	 17.00
477	 478	 180	 27.00
477	 509	 267	 14.00
478	 479	 251	 17.00
478	 510	 173	 19.00
479	 511	 120	 23.00
480	 481	 188	 25.00
480	 512	 280	 26.00
481	 482	 239	 23.00
481	 513	 136	 25.00
482	 483	 234	 24.00
482	 514	 193	 20.00
483	 484	 150	 13.00
483	 515	 143	 18.00
484	 485	 269	 13.00
484	 516	 252	 26.00
485	 486	 190	 13.00
485	 517	 120	 16.00
486	 487	 203	 22.00
486	 518	 227	 18.00
487	 488	 231	 15.00
487	 519	 131	 17.00
488	 489	 246	 12.00
488	 520	 208	 25.00
489	 490	 211	 17.00
489	 521	 185	 22.00
490	 491	 152	 25.00
490	 522	 147	 26.00
491	 492	 265	 14.00
491	 523	 159	 12.00
492	 493	 238	 12.00
492	 524	 172	 17.00
493	 494	 123	 12.00
493	 525	 200	 17.00
494	 495	 156	 19.00
494	 526	 183	 15.00
495	 496	 230	 24.00
495	 527	 132	 26.00
496	 497	 272	 24.00
496	 528	 144	 27.00
497	 498	 268	 18.00
497	 529	 188	 17.00
498	 499	 259	 27.00
498	 530	 235	 15.00
499	 500	 127	 25.00
499	 531	 216	 21.00
500	 501	 226	 27.00
500	 532	 221	 16.00
501	 502	 246	 22.00
501	 533	 225	 25.00
502	 503	 242	 21.00
502	 534	 149	 27.00
503	 504	 231	 21.00
503	 535	 148	 25.00
504	 505	 265	 25.00
504	 536	 201	 27.00
505	 506	 159	 15.00
505	 537	 275	 15.00
506	 507	 255	 14.00
506	 538	 221	 15.00
507	 508	 177	 21.00
507	 539	 135	 22.00
508	 509	 166	 20.00
508	 540	 121	 13.00
509	 510	 145	 21.00
509	 541	 168	 21.00
510	 511	 154	 21.00
510	 542	 194	 15.00
511	 543	 250	 26.00
512	 513	 269	 18.00
512	 544	 120	 15.00
513	 514	 277	 12.00
513	 545	 278	 27.00
514	 515	 171	 13.00
514	 546	 222	 18.00
515	 516	 235	 22.00
515	 547	 155	 17.00
516	 517	 212	 18.00
516	 548	 230	 17.00
517	 518	 125	 14.00
517	 549	 237	 27.00
518	 519	 159	 19.00
518	 550	 277	 23.00
519	 520	 259	 27.00
519	 551	 227	 28.00
520	 521	 201	 23.00
520	 552	 275	 22.00
521	 522	 242	 24.00
521	 553	 168	 15.00
522	 523	 170	 18.00
522	 554	 137	 13.00
523	 524	 195	 27.00
523	 555	 126	 12.00
524	 525	 185	 28.00
524	 556	 239	 12.00
525	 526	 194	 20.00
525	 557	 140	 14.00
526	 527	 240	 28.00
526	 558	 181	 12.00
527	 528	 169	 19.00
527	 559	 124	 12.00
528	 529	 273	 21.00
528	 560	 173	 21.00
529	 530	 157	 22.00
529	 561	 181	 19.00
530	 531	 151	 13.00
530	 562	 198	 19.00
531	 532	 225	 21.00
531	 563	 185	 25.00
532	 533	 267	 26.00
532	 564	 150	 19.00
533	 534	 243	 13.00
533	 565	 147	 28.00
534	 535	 212	 12.00
534	 566	 207	 20.00
535	 536	 186	 23.00
535	 567	 243	 24.00
536	 537	 260	 17.00
536	 568	 131	 26.00
537	 538	 198	 19.00
537	 569	 219	 16.00
538	 539	 155	 14.00
538	 570	 176	 24.00
539	 540	 167	 15.00
539	 571	 124	 28.00
540	 541	 265	 23.00
540	 572	 232	 21.00
541	 542	 235	 20.00
541	 573	 232	 18.00
542	 543	 120	 23.00
542	 574	 202	 14.00
543	 575	 207	 21.00
544	 545	 255	 12.00
544	 576	 248	 23.00
545	 546	 191	 20.00
545	 577	 267	 26.00
546	 547	 183	 27.00
546	 578	 225	 15.00
547	 548	 224	 13.00
547	 579	 215	 26.00
548	 549	 219	 12.00
548	 580	 234	 27.00
549	 550	 225	 22.00
549	 581	 163	 26.00
550	 551	 245	 19.00
550	 582	 162	 27.00
551	 552	 139	 24.00
551	 583	 165	 20.00
552	 553	 257	 19.00
552	 584	 173	 23.00
553	 554	 142	 22.00
553	 585	 211	 13.00
554	 555	 168	 26.00
554	 586	 232	 14.00
555	 556	 230	 20.00
555	 587	 280	 24.00
556	 557	 142	 22.00
556	 588	 133	 26.00
557	 558	 193	 26.00
557	 589	 144	 26.00
558	 559	 274	 19.00
558	 590	 209	 28.00
559	 560	 221	 21.00
559	 591	 270	 24.00
560	 561	 280	 23.00
560	 592	 190	 14.00
561	 562	 218	 19.00
561	 593	 248	 20.00
562	 563	 197	 23.00
562	 594	 212	 25.00
563	 564	 215	 21.00
563	 595	 236	 18.00
564	 565	 124	 21.00
564	 596	 171	 15.00
565	 566	 238	 28.00
565	 597	 250	 13.00
566	 567	 277	 24.00
566	 598	 139	 27.00
567	 568	 222	 17.00
567	 599	 136	 21.00
568	 569	 216	 24.00
568	 600	 221	 23.00
569	 570	 239	 13.00
569	 601	 149	 26.00
570	 571	 153	 21.00
570	 602	 202	 17.00
571	 572	 269	 21.00
571	 603	 148	 23.00
572	 573	 190	 26.00
572	 604	 151	 22.00
573	 574	 133	 19.00
573	 605	 258	 18.00
574	 575	 145	 21.00
574	 606	 136	 12.00
575	 607	 128	 21.00
576	 577	 127	 28.00
576	 608	 127	 14.00
577	 578	 195	 15.00
577	 609	 167	 21.00
578	 579	 192	 23.00
578	 610	 260	 13.00
579	 580	 219	 17.00
579	 611	 207	 18.00
580	 581	 129	 26.00
580	 612	 214	 23.00
581	 582	 263	 20.00
581	 613	 181	 17.00
582	 583	 166	 19.00
582	 614	 274	 21.00
583	 584	 233	 12.00
583	 615	 154	 19.00
584	 585	 173	 25.00
584	 616	 258	 23.00
585	 586	 262	 25.00
585	 617	 173	 18.00
586	 587	 153	 25.00
586	 618	 193	 16.00
587	 588	 142	 15.00
587	 619	 235	 25.00
588	 589	 152	 25.00
588	 620	 250	 27.00
589	 590	 228	 24.00
589	 621	 262	 12.00
590	 591	 230	 16.00
590	 622	 265	 24.00
591	 592	 133	 14.00
591	 623	 165	 25.00
592	 593	 155	 21.00
592	 624	 237	 15.00
593	 594	 175	 14.00
593	 625	 166	 17.00
594	 595	 139	 16.00
594	 626	 132	 27.00
595	 596	 227	 25.00
595	 627	 199	 27.00
596	 597	 172	 25.00
596	 628	 203	 21.00
597	 598	 153	 21.00
597	 629	 246	 26.00
598	 599	 192	 13.00
598	 630	 145	 24.00
599	 600	 175	 25.00
599	 631	 168	 13.00
600	 601	 148	 25.00
600	 632	 255	 28.00
601	 602	 171	 27.00
601	 633	 196	 16.00
602	 603	 166	 13.00
602	 634	 266	 20.00
603	 604	 261	 17.00
603	 635	 175	 17.00
604	 605	 238	 25.00
604	 636	 246	 24.00
605	 606	 159	 21.00
605	 637	 279	 22.00
606	 607	 150	 19.00
606	 638	 275	 26.00
607	 639	 225	 27.00
608	 609	 221	 21.00
608	 640	 275	 20.00
609	 610	 132	 14.00
609	 641	 158	 25.00
610	 611	 212	 18.00
610	 642	 259	 18.00
611	 612	 171	 13.00
611	 643	 181	 26.00
612	 613	 219	 22.00
612	 644	 128	 16.00
613	 614	 160	 18.00
613	 645	 271	 15.00
614	 615	 177	 27.00
614	 646	 162	 24.00
615	 616	 232	 20.00
615	 647	 142	 18.00
616	 617	 125	 20.00
616	 648	 127	 27.00
617	 618	 184	 23.00
617	 649	 203	 13.00
618	 619	 210	 26.00
618	 650	 254	 15.00
619	 620	 228	 21.00
619	 651	 238	 16.00
620	 621	 277	 22.00
620	 652	 133	 26.00
621	 622	 235	 12.00
621	 653	 269	 19.00
622	 623	 138	 27.00
622	 654	 155	 22.00
623	 624	 180	 17.00
623	 655	 172	 24.00
624	 625	 139	 20.00
624	 656	 219	 13.00
625	 626	 178	 24.00
625	 657	 131	 12.00
626	 627	 264	 23.00
626	 658	 266	 18.00
627	 628	 214	 19.00
627	 659	 213	 14.00
628	 629	 267	 24.00
628	 660	 191	 26.00
629	 630	 123	 26.00
629	 661	 183	 20.00
630	 631	 252	 14.00
630	 662	 268	 28.00
631	 632	 208	 15.00
631	 663	 261	 18.00
632	 633	 171	 13.00
632	 664	 220	 17.00
633	 634	 146	 21.00
633	 665	 242	 12.00
634	 635	 241	 18.00
634	 666	 124	 28.00
635	 636	 144	 16.00
635	 667	 274	 20.00
636	 637	 182	 16.00
636	 668	 189	 14.00
637	 638	 227	 24.00
637	 669	 193	 18.00
638	 639	 266	 20.00
638	 670	 184	 13.00
639	 671	 275	 21.00
640	 641	 244	 21.00
640	 672	 122	 17.00
641	 642	 155	 26.00
641	 673	 218	 23.00
642	 643	 199	 21.00
642	 674	 244	 27.00
643	 644	 171	 26.00
643	 675	 137	 17.00
644	 645	 193	 27.00
644	 676	 142	 17.00
645	 646	 126	 24.00
645	 677	 242	 23.00
646	 647	 235	 18.00
646	 678	 141	 17.00
647	 648	 185	 21.00
647	 679	 180	 13.00
648	 649	 142	 26.00
648	 680	 178	 13.00
649	 650	 255	 28.00
649	 681	 211	 22.00
650	 651	 135	 19.00
650	 682	 181	 19.00
651	 652	 154	 24.00
651	 683	 182	 24.00
652	 653	 132	 22.00
652	 684	 238	 14.00
653	 654	 134	 18.00
653	 685	 204	 12.00
654	 655	 246	 14.00
654	 686	 144	 12.00
655	 656	 279	 23.00
655	 687	 241	 12.00
656	 657	 191	 26.00
656	 688	 260	 15.00
657	 658	 213	 28.00
657	 689	 210	 16.00
658	 659	 265	 16.00
658	 690	 271	 27.00
659	 660	 257	 14.00
659	 691	 183	 12.00
660	 661	 178	 15.00
660	 692	 232	 23.00
661	 662	 208	 25.00
661	 693	 235	 12.00
662	 663	 155	 28.00
662	 694	 270	 15.00
663	 664	 267	 14.00
663	 695	 215	 20.00
664	 665	 159	 18.00
664	 696	 120	 28.00
665	 666	 180	 18.00
665	 697	 233	 21.00
666	 667	 165	 22.00
666	 698	 216	 27.00
667	 668	 135	 17.00
667	 699	 245	 15.00
668	 669	 173	 20.00
668	 700	 171	 19.00
669	 670	 151	 17.00
669	 701	 165	 26.00
670	 671	 139	 14.00
670	 702	 182	 12.00
671	 703	 226	 25.00
672	 673	 129	 21.00
672	 704	 123	 24.00
673	 674	 196	 28.00
673	 705	 164	 12.00
674	 675	 159	 15.00
674	 706	 120	 27.00
675	 676	 190	 28.00
675	 707	 126	 19.00
676	 677	 227	 13.00
676	 708	 198	 25.00
677	 678	 253	 25.00
677	 709	 280	 25.00
678	 679	 244	 23.00
678	 710	 127	 13.00
679	 680	 235	 21.00
679	 711	 272	 27.00
680	 681	 185	 22.00
680	 712	 167	 13.00
681	 682	 192	 26.00
681	 713	 146	 13.00
682	 683	 123	 20.00
682	 714	 264	 28.00
683	 684	 248	 23.00
683	 715	 209	 15.00
684	 685	 189	 28.00
684	 716	 162	 27.00
685	 686	 243	 20.00
685	 717	 146	 14.00
686	 687	 254	 18.00
686	 718	 280	 15.00
687	 688	 275	 15.00
687	 719	 154	 28.00
688	 689	 272	 23.00
688	 720	 198	 27.00
689	 690	 180	 23.00
689	 721	 137	 17.00
690	 691	 194	 26.00
690	 722	 234	 27.00
691	 692	 197	 28.00
691	 723	 148	 20.00
692	 693	 267	 13.00
692	 724	 224	 24.00
693	 694	 126	 27.00
693	 725	 220	 23.00
694	 695	 231	 22.00
694	 726	 200	 27.00
695	 696	 141	 20.00
695	 727	 149	 27.00
696	 697	 234	 26.00
696	 728	 133	 13.00
697	 698	 133	 17.00
697	 729	 263	 13.00
698	 699	 141	 13.00
698	 730	 233	 20.00
699	 700	 132	 23.00
699	 731	 235	 14.00
700	 701	 154	 22.00
700	 732	 213	 14.00
701	 702	 266	 21.00
701	 733	 207	 20.00
702	 703	 159	 14.00
702	 734	 135	 25.00
703	 735	 276	 22.00
704	 705	 160	 16.00
704	 736	 152	 22.00
705	 706	 203	 13.00
705	 737	 169	 15.00
706	 707	 139	 25.00
706	 738	 149	 18.00
707	 708	 144	 19.00
707	 739	 214	 22.00
708	 709	 160	 20.00
708	 740	 264	 14.00
709	 710	 202	 24.00
709	 741	 203	 13.00
710	 711	 182	 13.00
710	 742	 187	 17.00
711	 712	 161	 17.00
711	 743	 141	 18.00
712	 713	 214	 28.00
712	 744	 147	 27.00
713	 714	 233	 27.00
713	 745	 134	 12.00
714	 715	 121	 25.00
714	 746	 188	 26.00
715	 716	 164	 14.00
715	 747	 254	 27.00
716	 717	 126	 21.00
716	 748	 158	 12.00
717	 718	 175	 19.00
717	 749	 257	 28.00
718	 719	 241	 22.00
718	 750	 257	 15.00
719	 720	 189	 14.00
719	 751	 146	 28.00
720	 721	 213	 25.00
720	 752	 179	 28.00
721	 722	 125	 13.00
721	 753	 253	 22.00
722	 723	 140	 24.00
722	 754	 237	 13.00
723	 724	 169	 27.00
723	 755	 199	 17.00
724	 725	 211	 24.00
724	 756	 130	 18.00
725	 726	 274	 26.00
725	 757	 160	 14.00
726	 727	 131	 13.00
726	 758	 227	 15.00
727	 728	 137	 19.00
727	 759	 265	 26.00
728	 729	 263	 23.00
728	 760	 154	 23.00
729	 730	 274	 23.00
729	 761	 258	 28.00
730	 731	 230	 19.00
730	 762	 212	 21.00
731	 732	 264	 24.00
731	 763	 146	 24.00
732	 733	 138	 15.00
732	 764	 255	 26.00
733	 734	 163	 23.00
733	 765	 272	 26.00
734	 735	 185	 24.00
734	 766	 153	 23.00
735	 767	 237	 17.00
736	 737	 219	 15.00
736	 768	 174	 28.00
737	 738	 158	 20.00
737	 769	 244	 19.00
738	 739	 159	 15.00
738	 770	 230	 15.00
739	 740	 208	 23.00
739	 771	 166	 12.00
740	 741	 158	 23.00
740	 772	 224	 27.00
741	 742	 147	 25.00
741	 773	 224	 19.00
742	 743	 196	 12.00
742	 774	 144	 16.00
743	 744	 180	 15.00
743	 775	 148	 13.00
744	 745	 184	 17.00
744	 776	 206	 25.00
745	 746	 211	 25.00
745	 777	 186	 28.00
746	 747	 129	 24.00
746	 778	 255	 26.00
747	 748	 266	 15.00
747	 779	 135	 18.00
748	 749	 278	 13.00
748	 780	 261	 21.00
749	 750	 150	 26.00
749	 781	 263	 19.00
750	 751	 245	 23.00
750	 782	 258	 12.00
751	 752	 149	 22.00
751	 783	 189	 12.00
752	 753	 232	 22.00
752	 784	 172	 20.00
753	 754	 261	 25.00
753	 785	 149	 13.00
754	 755	 131	 13.00
754	 786	 134	 17.00
755	 756	 276	 20.00
755	 787	 125	 24.00
756	 757	 126	 25.00
756	 788	 162	 24.00
757	 758	 153	 23.00
757	 789	 269	 27.00
758	 759	 223	 12.00
758	 790	 261	 14.00
759	 760	 160	 26.00
759	 791	 256	 28.00
760	 761	 249	 26.00
760	 792	 162	 17.00
761	 762	 216	 14.00
761	 793	 269	 19.00
762	 763	 130	 19.00
762	 794	 146	 24.00
763	 764	 147	 13.00
763	 795	 228	 17.00
764	 765	 269	 27.00
764	 796	 278	 26.00
765	 766	 218	 23.00
765	 797	 202	 15.00
766	 767	 231	 21.00
766	 798	 159	 15.00
767	 799	 170	 28.00
768	 769	 170	 16.00
768	 800	 186	 24.00
769	 770	 219	 24.00
769	 801	 216	 13.00
770	 771	 273	 20.00
770	 802	 217	 22.00
771	 772	 189	 25.00
771	 803	 199	 24.00
772	 773	 233	 16.00
772	 804	 271	 23.00
773	 774	 194	 28.00
773	 805	 182	 19.00
774	 775	 194	 14.00
774	 806	 271	 14.00
775	 776	 162	 27.00
775	 807	 243	 27.00
776	 777	 151	 17.00
776	 808	 206	 18.00
777	 778	 200	 13.00
777	 809	 200	 12.00
778	 779	 130	 22.00
778	 810	 217	 15.00
779	 780	 213	 17.00
779	 811	 144	 15.00
780	 781	 146	 15.00
780	 812	 172	 14.00
781	 782	 254	 22.00
781	 813	 232	 22.00
782	 783	 132	 23.00
782	 814	 248	 17.00
783	 784	 270	 27.00
783	 815	 198	 12.00
784	 785	 174	 24.00
784	 816	 216	 24.00
785	 786	 217	 20.00
785	 817	 187	 19.00
786	 787	 204	 22.00
786	 818	 177	 18.00
787	 788	 280	 24.00
787	 819	 266	 14.00
788	 789	 233	 19.00
788	 820	 144	 26.00
789	 790	 197	 19.00
789	 821	 158	 25.00
790	 791	 217	 23.00
790	 822	 186	 24.00
791	 792	 124	 12.00
791	 823	 137	 20.00
792	 793	 130	 19.00
792	 824	 256	 26.00
793	 794	 279	 23.00
793	 825	 148	 15.00
794	 795	 144	 22.00
794	 826	 121	 13.00
795	 796	 170	 27.00
795	 827	 214	 16.00
796	 797	 181	 17.00
796	 828	 258	 14.00
797	 798	 208	 12.00
797	 829	 179	 18.00
798	 799	 177	 23.00
798	 830	 267	 23.00
799	 831	 203	 28.00
800	 801	 242	 14.00
800	 832	 233	 21.00
801	 802	 255	 22.00
801	 833	 180	 20.00
802	 803	 225	 23.00
802	 834	 138	 12.00
803	 804	 221	 23.00
803	 835	 176	 25.00
804	 805	 227	 28.00
804	 836	 161	 21.00
805	 806	 149	 28.00
805	 837	 180	 23.00
806	 807	 277	 24.00
806	 838	 207	 23.00
807	 808	 158	 16.00
807	 839	 226	 15.00
808	 809	 239	 28.00
808	 840	 130	 13.00
809	 810	 219	 17.00
809	 841	 233	 26.00
810	 811	 259	 27.00
810	 842	 156	 28.00
811	 812	 204	 23.00
811	 843	 241	 25.00
812	 813	 165	 26.00
812	 844	 254	 14.00
813	 814	 259	 20.00
813	 845	 206	 13.00
814	 815	 228	 16.00
814	 846	 263	 26.00
815	 816	 145	 20.00
815	 847	 265	 28.00
816	 817	 189	 22.00
816	 848	 189	 17.00
817	 818	 193	 22.00
817	 849	 234	 12.00
818	 819	 180	 15.00
818	 850	 145	 21.00
819	 820	 271	 23.00
819	 851	 168	 13.00
820	 821	 220	 13.00
820	 852	 235	 28.00
821	 822	 169	 28.00
821	 853	 181	 22.00
822	 823	 216	 20.00
822	 854	 220	 16.00
823	 824	 261	 20.00
823	 855	 270	 26.00
824	 825	 256	 26.00
824	 856	 136	 28.00
825	 826	 127	 25.00
825	 857	 254	 14.00
826	 827	 188	 12.00
826	 858	 220	 27.00
827	 828	 196	 27.00
827	 859	 130	 14.00
828	 829	 275	 23.00
828	 860	 176	 22.00
829	 830	 277	 28.00
829	 861	 277	 13.00
830	 831	 122	 17.00
830	 862	 191	 14.00
831	 863	 261	 20.00
832	 833	 154	 23.00
832	 864	 219	 16.00
833	 834	 160	 24.00
833	 865	 192	 25.00
834	 835	 158	 12.00
834	 866	 254	 19.00
835	 836	 176	 25.00
835	 867	 214	 13.00
836	 837	 263	 24.00
836	 868	 155	 22.00
837	 838	 244	 28.00
837	 869	 126	 28.00
838	 839	 134	 26.00
838	 870	 170	 13.00
839	 840	 278	 15.00
839	 871	 133	 19.00
840	 841	 258	 23.00
840	 872	 274	 28.00
841	 842	 151	 27.00
841	 873	 133	 14.00
842	 843	 254	 26.00
842	 874	 127	 25.00
843	 844	 274	 26.00
843	 875	 130	 23.00
844	 845	 241	 27.00
844	 876	 275	 15.00
845	 846	 191	 23.00
845	 877	 212	 13.00
846	 847	 164	 26.00
846	 878	 198	 19.00
847	 848	 199	 24.00
847	 879	 149	 12.00
848	 849	 243	 24.00
848	 880	 144	 26.00
849	 850	 139	 17.00
849	 881	 234	 25.00
850	 851	 249	 22.00
850	 882	 137	 19.00
851	 852	 141	 13.00
851	 883	 216	 13.00
852	 853	 269	 12.00
852	 884	 245	 26.00
853	 854	 253	 26.00
853	 885	 215	 12.00
854	 855	 161	 24.00
854	 886	 224	 23.00
855	 856	 125	 20.00
855	 887	 250	 19.00
856	 857	 137	 22.00
856	 888	 150	 19.00
857	 858	 244	 20.00
857	 889	 189	 13.00
858	 859	 274	 21.00
858	 890	 228	 20.00
859	 860	 201	 22.00
859	 891	 236	 24.00
860	 861	 270	 23.00
860	 892	 274	 16.00
861	 862	 184	 15.00
861	 893	 252	 23.00
862	 863	 208	 25.00
862	 894	 277	 16.00
863	 895	 250	 28.00
864	 865	 264	 15.00
864	 896	 238	 19.00
865	 866	 134	 17.00
865	 897	 168	 15.00
866	 867	 161	 23.00
866	 898	 275	 24.00
867	 868	 202	 18.00
867	 899	 235	 28.00
868	 869	 244	 19.00
868	 900	 279	 17.00
869	 870	 249	 21.00
869	 901	 213	 27.00
870	 871	 196	 15.00
870	 902	 177	 17.00
871	 872	 167	 17.00
871	 903	 265	 20.00
872	 873	 163	 19.00
872	 904	 163	 28.00
873	 874	 208	 19.00
873	 905	 182	 14.00
874	 875	 204	 17.00
874	 906	 224	 21.00
875	 876	 278	 28.00
875	 907	 263	 21.00
876	 877	 206	 19.00
876	 908	 127	 25.00
877	 878	 249	 25.00
877	 909	 249	 25.00
878	 879	 129	 17.00
878	 910	 153	 26.00
879	 880	 212	 13.00
879	 911	 184	 21.00
880	 881	 139	 20.00
880	 912	 276	 27.00
881	 882	 246	 17.00
881	 913	 154	 14.00
882	 883	 191	 22.00
882	 914	 212	 13.00
883	 884	 213	 18.00
883	 915	 209	 26.00
884	 885	 140	 25.00
884	 916	 261	 21.00
885	 886	 126	 12.00
885	 917	 190	 21.00
886	 887	 275	 20.00
886	 918	 239	 21.00
887	 888	 168	 22.00
887	 919	 271	 23.00
888	 889	 195	 16.00
888	 920	 121	 13.00
889	 890	 154	 23.00
889	 921	 187	 19.00
890	 891	 207	 22.00
890	 922	 138	 17.00
891	 892	 260	 19.00
891	 923	 256	 19.00
892	 893	 280	 23.00
892	 924	 171	 19.00
893	 894	 149	 22.00
893	 925	 184	 14.00
894	 895	 188	 25.00
894	 926	 265	 14.00
895	 927	 220	 12.00
896	 897	 211	 27.00
896	 928	 154	 19.00
897	 898	 216	 18.00
897	 929	 168	 18.00
898	 899	 225	 13.00
898	 930	 165	 15.00
899	 900	 160	 21.00
899	 931	 138	 23.00
900	 901	 257	 17.00
900	 932	 193	 20.00
901	 902	 222	 14.00
901	 933	 126	 20.00
902	 903	 210	 20.00
902	 934	 125	 21.00
903	 904	 261	 20.00
903	 935	 252	 14.00
904	 905	 250	 25.00
904	 936	 136	 18.00
905	 906	 174	 15.00
905	 937	 226	 27.00
906	 907	 280	 26.00
906	 938	 190	 25.00
907	 908	 171	 16.00
907	 939	 129	 14.00
908	 909	 206	 23.00
908	 940	 150	 23.00
909	 910	 144	 21.00
909	 941	 120	 24.00
910	 911	 245	 19.00
910	 942	 248	 14.00
911	 912	 211	 17.00
911	 943	 243	 27.00
912	 913	 161	 21.00
912	 944	 241	 21.00
913	 914	 279	 20.00
913	 945	 279	 14.00
914	 915	 128	 26.00
914	 946	 141	 22.00
915	 916	 246	 25.00
915	 947	 223	 17.00
916	 917	 205	 24.00
916	 948	 244	 13.00
917	 918	 132	 18.00
917	 949	 131	 23.00
918	 919	 177	 21.00
918	 950	 275	 16.00
919	 920	 214	 21.00
919	 951	 191	 13.00
920	 921	 268	 27.00
920	 952	 222	 14.00
921	 922	 125	 17.00
921	 953	 139	 25.00
922	 923	 266	 27.00
922	 954	 183	 27.00
923	 924	 195	 16.00
923	 955	 267	 13.00
924	 925	 242	 22.00
924	 956	 133	 18.00
925	 926	 155	 14.00
925	 957	 177	 26.00
926	 927	 146	 19.00
926	 958	 248	 23.00
927	 959	 247	 20.00
928	 929	 183	 27.00
928	 960	 243	 21.00
929	 930	 134	 20.00
929	 961	 162	 13.00
930	 931	 268	 12.00
930	 962	 226	 17.00
931	 932	 207	 17.00
931	 963	 171	 15.00
932	 933	 197	 22.00
932	 964	 163	 22.00
933	 934	 185	 18.00
933	 965	 242	 24.00
934	 935	 137	 26.00
934	 966	 203	 21.00
935	 936	 162	 18.00
935	 967	 174	 15.00
936	 937	 172	 27.00
936	 968	 176	 26.00
937	 938	 168	 28.00
937	 969	 214	 13.00
938	 939	 197	 21.00
938	 970	 252	 12.00
939	 940	 255	 27.00
939	 971	 129	 25.00
940	 941	 223	 25.00
940	 972	 131	 22.00
941	 942	 251	 21.00
941	 973	 279	 24.00
942	 943	 146	 12.00
942	 974	 227	 23.00
943	 944	 166	 20.00
943	 975	 126	 23.00
944	 945	 209	 25.00
944	 976	 222	 20.00
945	 946	 174	 20.00
945	 977	 163	 16.00
946	 947	 267	 24.00
946	 978	 192	 26.00
947	 948	 174	 14.00
947	 979	 139	 20.00
948	 949	 234	 14.00
948	 980	 213	 27.00
949	 950	 256	 20.00
949	 981	 201	 13.00
950	 951	 273	 17.00
950	 982	 269	 18.00
951	 952	 144	 26.00
951	 983	 197	 28.00
952	 953	 194	 27.00
952	 984	 209	 12.00
953	 954	 135	 16.00
953	 985	 158	 19.00
954	 955	 201	 15.00
954	 986	 129	 25.00
955	 956	 198	 26.00
955	 987	 244	 25.00
956	 957	 226	 25.00
956	 988	 250	 27.00
957	 958	 167	 22.00
957	 989	 219	 19.00
958	 959	 211	 12.00
958	 990	 126	 20.00
959	 991	 274	 25.00
960	 961	 190	 13.00
960	 992	 140	 15.00
961	 962	 212	 17.00
961	 993	 255	 18.00
962	 963	 141	 24.00
962	 994	 135	 25.00
963	 964	 141	 18.00
963	 995	 214	 19.00
964	 965	 259	 14.00
964	 996	 213	 22.00
965	 966	 142	 13.00
965	 997	 263	 25.00
966	 967	 176	 26.00
966	 998	 221	 17.00
967	 968	 164	 16.00
967	 999	 225	 24.00
968	 969	 199	 26.00
968	 1000	 225	 20.00
969	 970	 219	 17.00
969	 1001	 150	 19.00
970	 971	 273	 13.00
970	 1002	 142	 16.00
971	 972	 155	 14.00
971	 1003	 165	 22.00
972	 973	 212	 22.00
972	 1004	 222	 14.00
973	 974	 206	 28.00
973	 1005	 227	 16.00
974	 975	 125	 21.00
974	 1006	 273	 25.00
975	 976	 258	 28.00
975	 1007	 217	 17.00
976	 977	 182	 25.00
976	 1008	 162	 12.00
977	 978	 214	 22.00
977	 1009	 149	 19.00
978	 979	 165	 23.00
978	 1010	 155	 24.00
979	 980	 240	 23.00
979	 1011	 215	 13.00
980	 981	 251	 16.00
980	 1012	 147	 13.00
981	 982	 259	 13.00
981	 1013	 132	 16.00
982	 983	 222	 25.00
982	 1014	 185	 21.00
983	 984	 275	 20.00
983	 1015	 205	 13.00
984	 985	 226	 24.00
984	 1016	 168	 18.00
985	 986	 187	 16.00
985	 1017	 136	 17.00
986	 987	 199	 28.00
986	 1018	 211	 22.00
987	 988	 229	 23.00
987	 1019	 263	 18.00
988	 989	 151	 24.00
988	 1020	 205	 17.00
989	 990	 128	 13.00
989	 1021	 177	 19.00
990	 991	 267	 26.00
990	 1022	 280	 13.00
991	 1023	 177	 26.00
992	 993	 268	 14.00
993	 994	 206	 19.00
994	 995	 245	 24.00
995	 996	 200	 17.00
996	 997	 149	 26.00
997	 998	 160	 18.00
998	 999	 272	 24.00
999	 1000	 196	 25.00
1000	 1001	 265	 20.00
1001	 1002	 214	 25.00
1002	 1003	 160	 27.00
1003	 1004	 200	 12.00
1004	 1005	 229	 26.00
1005	 1006	 260	 19.00
1006	 1007	 246	 25.00
1007	 1008	 231	 19.00
1008	 1009	 241	 20.00
1009	 1010	 278	 25.00
1010	 1011	 156	 21.00
1011	 1012	 143	 21.00
1012	 1013	 121	 26.00
1013	 1014	 177	 18.00
1014	 1015	 161	 23.00
1015	 1016	 128	 24.00
1016	 1017	 160	 19.00
1017	 1018	 217	 20.00
1018	 1019	 120	 28.00
1019	 1020	 201	 22.00
1020	 1021	 127	 28.00
1021	 1022	 152	 14.00
1022	 1023	 124	 19.00
