1024	1984	20	0.30

-15	 2	 0
116	 12	 0
180	 -8	 0
270	 16	 0
423	 -29	 0
498	 -9	 0
559	 -2	 0
725	 -4	 0
801	 4	 7
892	 -38	 7
964	 0	 7
1122	 -28	 7
1211	 18	 7
1290	 -15	 7
1359	 -15	 7
1492	 -28	 7
1592	 1	 7
1707	 -17	 5
1813	 -1	 5
1916	 -21	 5
2001	 39	 5
2097	 -9	 5
2177	 -5	 5
2280	 22	 5
2396	 3	 5
2531	 -26	 3
2597	 -20	 3
2708	 0	 3
2783	 9	 3
2884	 -14	 3
2990	 1	 3
3075	 -4	 3
1	 64	 0
98	 90	 0
233	 108	 0
295	 62	 0
381	 99	 0
475	 93	 0
613	 95	 0
682	 131	 0
802	 74	 7
916	 135	 7
999	 77	 7
1082	 125	 7
1200	 78	 7
1294	 96	 7
1382	 109	 7
1496	 91	 7
1583	 84	 5
1705	 65	 5
1815	 100	 5
1946	 100	 5
1997	 79	 5
2093	 62	 5
2198	 68	 5
2301	 84	 5
2379	 114	 3
2504	 61	 3
2621	 113	 3
2673	 74	 3
2767	 101	 3
2941	 122	 3
2991	 103	 3
3102	 88	 3
30	 175	 0
86	 194	 0
214	 209	 0
307	 177	 0
394	 219	 0
488	 223	 0
637	 164	 0
682	 181	 7
791	 225	 7
899	 208	 7
1030	 200	 7
1118	 190	 7
1232	 238	 7
1332	 204	 7
1411	 240	 7
1466	 197	 7
1617	 225	 5
1666	 223	 5
1800	 169	 5
1898	 166	 5
2007	 200	 5
2076	 170	 5
2197	 189	 5
2290	 181	 3
2414	 212	 3
2527	 231	 3
2636	 220	 3
2716	 184	 3
2844	 163	 3
2915	 155	 3
2994	 176	 3
3134	 168	 3
40	 325	 0
72	 323	 0
195	 307	 0
289	 273	 0
400	 302	 0
525	 276	 0
608	 306	 0
671	 281	 0
765	 297	 0
916	 288	 7
960	 288	 7
1102	 316	 7
1178	 336	 7
1276	 274	 7
1377	 293	 7
1473	 307	 5
1630	 331	 5
1728	 301	 5
1794	 296	 5
1915	 264	 5
1965	 285	 5
2125	 317	 5
2178	 262	 5
2258	 316	 5
2406	 336	 3
2475	 273	 3
2565	 304	 3
2721	 282	 3
2800	 286	 3
2874	 270	 3
2993	 326	 3
3099	 298	 3
-4	 376	 0
95	 430	 0
199	 402	 0
296	 400	 0
373	 414	 0
535	 382	 0
593	 381	 0
708	 361	 0
799	 396	 0
917	 392	 7
997	 389	 7
1092	 403	 7
1184	 379	 7
1289	 370	 7
1388	 412	 7
1508	 412	 5
1606	 395	 5
1713	 410	 5
1779	 406	 5
1880	 414	 5
1992	 404	 5
2110	 420	 5
2215	 391	 5
2339	 416	 3
2403	 355	 3
2482	 389	 3
2589	 376	 3
2683	 361	 3
2792	 446	 3
2890	 412	 3
3010	 389	 3
3119	 390	 3
-1	 488	 0
110	 495	 0
221	 527	 0
337	 495	 0
402	 508	 0
504	 512	 0
569	 528	 0
721	 509	 0
763	 493	 7
918	 524	 7
960	 483	 7
1098	 481	 7
1176	 503	 7
1300	 493	 7
1398	 518	 7
1495	 482	 7
1563	 490	 7
1730	 535	 5
1773	 526	 5
1864	 492	 5
1961	 504	 5
2085	 477	 5
2202	 496	 5
2268	 525	 5
2409	 497	 3
2473	 491	 3
2617	 538	 3
2725	 519	 3
2802	 507	 3
2884	 495	 3
2983	 534	 3
3112	 487	 3
-3	 590	 0
121	 572	 0
186	 569	 0
295	 614	 0
399	 608	 0
488	 617	 0
638	 598	 0
684	 604	 0
766	 599	 7
878	 604	 7
1013	 603	 7
1066	 580	 7
1235	 585	 7
1313	 618	 7
1411	 611	 7
1537	 629	 7
1611	 613	 15
1704	 590	 15
1806	 584	 5
1854	 632	 5
2007	 608	 5
2124	 605	 5
2183	 625	 5
2308	 618	 5
2368	 594	 3
2502	 587	 3
2570	 610	 3
2706	 565	 3
2833	 565	 3
2873	 580	 3
3006	 641	 3
3135	 565	 3
-11	 709	 0
77	 690	 0
197	 695	 0
284	 691	 0
417	 702	 0
489	 684	 0
603	 678	 0
682	 708	 18
778	 677	 18
917	 698	 18
1019	 709	 7
1070	 651	 7
1203	 715	 7
1322	 687	 7
1422	 660	 7
1473	 690	 7
1627	 732	 15
1693	 694	 15
1810	 719	 5
1888	 729	 5
1971	 678	 5
2094	 739	 5
2182	 707	 5
2285	 709	 5
2428	 700	 16
2496	 700	 3
2606	 743	 3
2690	 690	 3
2793	 707	 3
2902	 711	 3
3007	 714	 3
3122	 728	 3
8	 810	 11
105	 763	 0
189	 790	 0
300	 798	 0
408	 825	 0
492	 811	 11
552	 801	 11
714	 797	 11
811	 799	 11
894	 824	 11
993	 813	 19
1125	 787	 19
1212	 798	 7
1282	 777	 7
1393	 800	 7
1513	 835	 13
1572	 796	 13
1694	 824	 13
1782	 819	 13
1929	 810	 5
2031	 808	 5
2079	 791	 5
2204	 797	 5
2309	 802	 16
2375	 813	 16
2536	 825	 6
2624	 827	 6
2705	 814	 3
2808	 809	 3
2896	 815	 3
3027	 811	 6
3116	 805	 6
16	 882	 11
95	 901	 11
191	 877	 0
281	 869	 11
413	 897	 11
502	 915	 11
601	 898	 11
716	 887	 11
806	 884	 11
902	 895	 11
972	 903	 19
1144	 900	 7
1201	 911	 7
1335	 894	 7
1398	 932	 13
1476	 903	 13
1616	 896	 13
1684	 908	 13
1796	 937	 13
1910	 891	 13
1982	 867	 5
2078	 922	 5
2208	 889	 16
2320	 902	 16
2370	 897	 6
2470	 898	 6
2628	 883	 6
2657	 888	 6
2796	 896	 6
2863	 904	 6
2999	 908	 6
3080	 886	 6
-22	 1023	 11
72	 1029	 11
236	 973	 11
261	 997	 11
437	 966	 11
506	 1026	 11
575	 1018	 11
676	 1016	 11
831	 996	 11
896	 998	 11
1005	 1032	 11
1099	 1004	 13
1175	 981	 13
1296	 1007	 13
1404	 981	 13
1481	 1001	 13
1590	 984	 13
1689	 985	 13
1825	 1025	 13
1879	 1011	 13
2025	 1000	 5
2103	 992	 14
2186	 998	 16
2338	 1001	 6
2395	 1005	 6
2490	 992	 6
2584	 1012	 6
2678	 983	 6
2809	 973	 6
2872	 1041	 6
3014	 1020	 6
3083	 980	 6
12	 1063	 11
124	 1094	 11
170	 1075	 11
263	 1070	 11
375	 1071	 11
487	 1091	 11
608	 1078	 11
728	 1090	 11
804	 1058	 11
882	 1094	 11
1038	 1092	 13
1113	 1087	 13
1180	 1132	 13
1274	 1108	 13
1420	 1126	 13
1474	 1095	 13
1592	 1071	 13
1743	 1093	 13
1826	 1111	 13
1879	 1096	 13
1984	 1109	 14
2094	 1090	 14
2220	 1081	 6
2292	 1096	 6
2408	 1105	 6
2519	 1116	 6
2616	 1086	 6
2715	 1078	 6
2815	 1119	 6
2887	 1143	 6
3034	 1108	 6
3114	 1065	 6
1	 1186	 11
86	 1216	 11
195	 1236	 11
318	 1248	 11
424	 1178	 11
524	 1214	 11
606	 1181	 11
702	 1198	 11
786	 1221	 11
878	 1230	 11
1040	 1220	 13
1077	 1180	 13
1166	 1161	 13
1288	 1202	 13
1408	 1194	 13
1507	 1183	 13
1585	 1191	 13
1671	 1183	 13
1798	 1218	 13
1925	 1204	 13
1995	 1198	 14
2107	 1183	 14
2231	 1173	 6
2307	 1220	 6
2403	 1171	 6
2483	 1178	 6
2578	 1247	 6
2689	 1179	 6
2795	 1170	 6
2901	 1213	 6
3001	 1179	 6
3101	 1197	 6
23	 1316	 11
131	 1331	 11
210	 1315	 11
269	 1310	 11
387	 1341	 9
468	 1300	 11
621	 1312	 11
699	 1314	 11
822	 1268	 11
910	 1312	 11
988	 1290	 11
1121	 1273	 13
1220	 1325	 13
1281	 1292	 13
1371	 1319	 13
1520	 1287	 13
1591	 1303	 13
1707	 1278	 13
1819	 1267	 13
1872	 1322	 13
1995	 1306	 13
2115	 1314	 14
2224	 1270	 14
2311	 1292	 6
2396	 1289	 6
2473	 1334	 6
2558	 1281	 6
2676	 1302	 6
2784	 1294	 6
2939	 1281	 6
3010	 1265	 6
3103	 1317	 6
-33	 1442	 11
96	 1409	 11
192	 1378	 9
280	 1407	 9
380	 1427	 9
487	 1378	 11
583	 1400	 11
698	 1419	 11
837	 1413	 11
889	 1360	 11
996	 1411	 12
1116	 1439	 12
1209	 1415	 12
1300	 1399	 13
1411	 1379	 13
1519	 1392	 13
1602	 1438	 13
1680	 1421	 13
1811	 1410	 13
1873	 1398	 13
1989	 1394	 14
2107	 1392	 14
2233	 1404	 14
2301	 1418	 6
2408	 1365	 6
2501	 1413	 6
2591	 1431	 6
2666	 1413	 6
2797	 1402	 6
2887	 1402	 6
3024	 1400	 6
3062	 1411	 6
-3	 1493	 9
119	 1510	 9
194	 1479	 9
315	 1493	 9
395	 1533	 9
499	 1498	 9
581	 1483	 9
688	 1504	 11
754	 1506	 11
944	 1464	 12
968	 1462	 12
1110	 1523	 12
1182	 1513	 12
1314	 1508	 12
1412	 1473	 13
1464	 1509	 13
1574	 1490	 13
1679	 1531	 13
1774	 1491	 13
1904	 1537	 14
1992	 1497	 14
2100	 1452	 14
2185	 1496	 14
2285	 1507	 6
2417	 1466	 6
2503	 1510	 6
2585	 1479	 6
2725	 1500	 4
2825	 1488	 4
2926	 1521	 4
2981	 1506	 6
3094	 1502	 6
-44	 1563	 9
79	 1593	 9
178	 1618	 9
316	 1635	 9
415	 1600	 9
496	 1608	 9
609	 1596	 9
695	 1599	 9
808	 1554	 11
904	 1590	 12
997	 1592	 12
1065	 1566	 12
1211	 1619	 12
1336	 1577	 12
1372	 1618	 13
1506	 1602	 13
1605	 1596	 13
1701	 1598	 14
1831	 1612	 14
1882	 1555	 14
2010	 1612	 14
2059	 1628	 14
2231	 1561	 14
2332	 1598	 14
2429	 1580	 6
2502	 1645	 4
2606	 1575	 4
2695	 1627	 4
2787	 1628	 4
2895	 1593	 4
2988	 1629	 4
3085	 1600	 6
-5	 1732	 9
110	 1689	 9
233	 1674	 9
281	 1725	 9
404	 1722	 9
525	 1693	 9
574	 1687	 9
702	 1668	 9
807	 1680	 9
908	 1658	 12
997	 1663	 12
1066	 1708	 12
1219	 1747	 12
1290	 1672	 12
1391	 1732	 12
1485	 1714	 12
1568	 1680	 13
1715	 1727	 14
1756	 1736	 14
1886	 1710	 14
2031	 1692	 14
2107	 1697	 14
2178	 1696	 14
2310	 1696	 14
2406	 1728	 14
2503	 1663	 4
2578	 1707	 4
2701	 1717	 4
2777	 1652	 4
2877	 1685	 4
2991	 1724	 4
3102	 1718	 4
-20	 1810	 9
111	 1804	 9
223	 1776	 9
277	 1782	 9
430	 1811	 9
513	 1782	 9
594	 1834	 9
720	 1815	 9
773	 1804	 9
913	 1787	 12
968	 1792	 12
1106	 1800	 12
1171	 1778	 12
1260	 1794	 12
1398	 1815	 12
1470	 1798	 12
1595	 1802	 14
1736	 1819	 14
1784	 1826	 14
1892	 1835	 14
2032	 1767	 14
2100	 1782	 14
2236	 1795	 14
2317	 1803	 4
2410	 1811	 4
2473	 1836	 4
2558	 1829	 4
2708	 1797	 4
2771	 1835	 4
2887	 1819	 4
2980	 1797	 4
3124	 1820	 4
7	 1901	 9
111	 1889	 9
211	 1861	 9
324	 1922	 9
385	 1941	 9
475	 1908	 9
601	 1904	 9
699	 1882	 9
824	 1909	 9
898	 1931	 12
991	 1924	 12
1100	 1901	 12
1226	 1897	 12
1317	 1877	 12
1412	 1936	 12
1496	 1945	 12
1593	 1921	 14
1696	 1908	 14
1785	 1888	 14
1867	 1912	 14
1971	 1876	 14
2090	 1886	 14
2177	 1901	 14
2312	 1910	 14
2377	 1914	 4
2482	 1880	 4
2583	 1897	 4
2702	 1878	 4
2822	 1932	 4
2882	 1895	 4
3020	 1946	 4
3089	 1887	 4
-13	 1968	 9
99	 1983	 9
214	 2019	 9
272	 2030	 9
382	 2006	 9
495	 2010	 9
594	 2005	 9
651	 2011	 9
769	 2002	 9
864	 1995	 9
993	 2044	 12
1116	 1967	 12
1196	 2009	 12
1297	 1999	 12
1425	 1973	 12
1486	 2042	 12
1557	 2042	 14
1667	 1970	 14
1812	 1977	 14
1858	 2032	 14
2007	 2014	 14
2114	 1997	 14
2174	 1976	 14
2293	 1956	 4
2403	 2002	 4
2516	 1960	 4
2574	 2010	 4
2662	 1984	 4
2801	 2048	 4
2859	 1967	 4
2996	 2024	 4
3067	 1974	 4
-9	 2090	 9
92	 2093	 9
220	 2090	 9
302	 2100	 9
374	 2063	 9
530	 2131	 9
579	 2076	 9
723	 2122	 9
839	 2109	 12
872	 2108	 12
977	 2069	 12
1099	 2139	 12
1174	 2111	 12
1267	 2126	 12
1431	 2134	 12
1473	 2072	 12
1596	 2083	 14
1701	 2088	 14
1794	 2101	 14
1859	 2078	 14
2045	 2088	 14
2128	 2109	 14
2176	 2090	 14
2288	 2091	 14
2416	 2090	 4
2501	 2114	 4
2593	 2129	 4
2665	 2115	 4
2818	 2144	 4
2887	 2097	 4
2993	 2081	 4
3089	 2131	 4
-33	 2166	 9
65	 2188	 9
216	 2222	 1
279	 2210	 1
395	 2223	 1
510	 2204	 9
585	 2237	 12
694	 2191	 12
776	 2197	 12
889	 2200	 12
1016	 2236	 12
1109	 2237	 10
1231	 2203	 10
1291	 2208	 10
1400	 2175	 12
1456	 2182	 12
1570	 2184	 12
1673	 2179	 14
1812	 2205	 14
1923	 2207	 14
1971	 2188	 14
2061	 2212	 14
2231	 2210	 4
2283	 2209	 4
2396	 2180	 4
2489	 2204	 4
2601	 2160	 4
2743	 2199	 4
2848	 2196	 4
2894	 2236	 4
3029	 2232	 4
3108	 2234	 4
15	 2330	 1
98	 2297	 1
197	 2296	 1
300	 2276	 1
421	 2273	 17
456	 2290	 17
594	 2325	 12
692	 2266	 12
803	 2296	 12
912	 2282	 12
988	 2293	 12
1094	 2282	 10
1192	 2293	 10
1304	 2291	 10
1432	 2291	 10
1531	 2301	 10
1592	 2269	 14
1655	 2330	 14
1803	 2311	 8
1916	 2298	 8
1978	 2287	 8
2137	 2299	 8
2200	 2308	 8
2295	 2262	 4
2383	 2295	 4
2464	 2303	 4
2571	 2329	 2
2695	 2326	 4
2791	 2297	 2
2904	 2324	 2
2969	 2289	 4
3113	 2335	 4
17	 2430	 1
84	 2399	 1
219	 2433	 1
335	 2426	 1
403	 2367	 1
506	 2422	 17
617	 2414	 17
736	 2359	 12
781	 2373	 12
904	 2370	 12
981	 2397	 12
1118	 2412	 10
1187	 2435	 10
1291	 2408	 10
1406	 2412	 10
1501	 2416	 10
1614	 2408	 14
1711	 2371	 8
1787	 2388	 8
1917	 2438	 8
1990	 2365	 8
2108	 2383	 8
2157	 2410	 8
2306	 2395	 8
2420	 2420	 2
2523	 2390	 2
2584	 2430	 2
2710	 2407	 2
2789	 2380	 2
2902	 2371	 2
3014	 2383	 2
3103	 2382	 4
0	 2491	 1
86	 2529	 1
219	 2507	 1
279	 2455	 1
416	 2484	 1
515	 2518	 1
605	 2500	 17
692	 2465	 17
817	 2539	 1
880	 2512	 10
1032	 2518	 10
1075	 2471	 10
1187	 2491	 10
1344	 2505	 10
1385	 2498	 10
1513	 2496	 10
1596	 2473	 10
1745	 2505	 8
1798	 2482	 8
1909	 2476	 8
1978	 2494	 8
2091	 2471	 8
2174	 2464	 8
2293	 2505	 8
2444	 2516	 2
2526	 2521	 2
2591	 2514	 2
2687	 2534	 2
2797	 2512	 2
2883	 2496	 2
2997	 2514	 2
3108	 2518	 2
18	 2622	 1
97	 2624	 1
180	 2587	 1
278	 2573	 1
385	 2604	 1
468	 2583	 1
571	 2616	 1
679	 2592	 1
805	 2614	 1
908	 2568	 10
1028	 2628	 10
1116	 2584	 10
1193	 2580	 10
1325	 2592	 10
1392	 2605	 10
1508	 2591	 10
1578	 2614	 10
1704	 2615	 8
1793	 2618	 8
1908	 2596	 8
1994	 2581	 8
2055	 2601	 8
2199	 2615	 8
2292	 2592	 2
2368	 2594	 2
2495	 2560	 2
2558	 2610	 2
2724	 2607	 2
2800	 2608	 2
2938	 2620	 2
2974	 2627	 2
3098	 2616	 2
19	 2693	 1
124	 2746	 1
210	 2676	 1
297	 2694	 1
371	 2733	 1
494	 2680	 1
587	 2726	 1
712	 2694	 1
792	 2688	 10
861	 2732	 10
967	 2738	 10
1072	 2717	 10
1204	 2656	 10
1339	 2654	 10
1404	 2653	 10
1533	 2698	 8
1598	 2703	 8
1711	 2684	 8
1781	 2694	 8
1914	 2710	 8
2010	 2705	 8
2091	 2707	 8
2181	 2688	 8
2282	 2707	 2
2444	 2686	 2
2507	 2698	 2
2563	 2724	 2
2683	 2689	 2
2804	 2690	 2
2865	 2665	 2
2984	 2712	 2
3104	 2668	 2
16	 2840	 1
149	 2814	 1
223	 2814	 1
324	 2772	 1
428	 2802	 1
470	 2805	 1
575	 2763	 1
706	 2803	 1
838	 2794	 10
895	 2763	 10
1000	 2811	 10
1082	 2790	 10
1207	 2803	 10
1290	 2806	 10
1389	 2808	 10
1497	 2812	 8
1633	 2800	 8
1728	 2775	 8
1787	 2792	 8
1873	 2828	 8
1994	 2779	 8
2098	 2824	 8
2205	 2755	 2
2254	 2782	 2
2411	 2794	 2
2513	 2818	 2
2624	 2810	 2
2700	 2785	 2
2818	 2795	 2
2902	 2782	 2
3006	 2794	 2
3068	 2820	 2
-2	 2893	 1
79	 2907	 1
197	 2915	 1
330	 2921	 1
398	 2910	 1
493	 2865	 1
615	 2859	 1
699	 2887	 1
769	 2894	 10
859	 2872	 10
1039	 2921	 10
1102	 2906	 10
1177	 2902	 10
1326	 2898	 10
1391	 2896	 10
1520	 2899	 8
1615	 2907	 8
1736	 2917	 8
1819	 2916	 8
1855	 2923	 8
1986	 2897	 8
2074	 2917	 8
2182	 2945	 8
2261	 2870	 8
2415	 2917	 2
2514	 2929	 2
2568	 2905	 2
2740	 2893	 2
2802	 2941	 2
2913	 2889	 2
2974	 2898	 2
3113	 2865	 2
17	 3032	 1
74	 3012	 1
227	 3000	 1
260	 3002	 1
402	 3025	 1
513	 2963	 1
567	 3048	 1
679	 3014	 1
816	 2999	 1
856	 2990	 10
1008	 3033	 10
1125	 3000	 10
1188	 2995	 10
1282	 3011	 10
1409	 3013	 10
1529	 2983	 10
1639	 2991	 8
1743	 3012	 8
1801	 2989	 8
1868	 2981	 8
1997	 2992	 8
2121	 2984	 8
2191	 3001	 8
2306	 2995	 8
2368	 2997	 8
2503	 2993	 2
2591	 3021	 2
2693	 2993	 2
2818	 3023	 2
2891	 3025	 2
3021	 2987	 2
3070	 2991	 2
24	 3139	 1
141	 3134	 1
190	 3106	 1
257	 3085	 1
415	 3084	 1
468	 3103	 1
611	 3144	 1
705	 3132	 1
778	 3127	 10
941	 3094	 10
1000	 3108	 10
1094	 3113	 10
1174	 3079	 10
1306	 3103	 10
1380	 3087	 10
1474	 3136	 10
1575	 3107	 10
1682	 3095	 8
1812	 3130	 8
1881	 3090	 8
1998	 3103	 8
2063	 3136	 8
2241	 3083	 8
2335	 3096	 8
2403	 3079	 8
2484	 3109	 2
2631	 3095	 2
2684	 3088	 2
2779	 3063	 2
2926	 3120	 2
3010	 3064	 2
3071	 3086	 2

0	 1	 269	 15.00
0	 32	 155	 19.00
1	 2	 189	 22.00
1	 33	 155	 21.00
2	 3	 132	 28.00
2	 34	 280	 15.00
3	 4	 241	 22.00
3	 35	 266	 23.00
4	 5	 241	 28.00
4	 36	 231	 22.00
5	 6	 238	 20.00
5	 37	 152	 17.00
6	 7	 261	 28.00
6	 38	 163	 14.00
7	 8	 262	 26.00
7	 39	 229	 28.00
8	 9	 235	 27.00
8	 40	 209	 13.00
9	 10	 207	 26.00
9	 41	 148	 22.00
10	 11	 262	 14.00
10	 42	 120	 17.00
11	 12	 231	 17.00
11	 43	 138	 12.00
12	 13	 210	 21.00
12	 44	 131	 23.00
13	 14	 225	 17.00
13	 45	 153	 14.00
14	 15	 231	 13.00
14	 46	 182	 22.00
15	 16	 185	 28.00
15	 47	 262	 17.00
16	 17	 248	 26.00
16	 48	 156	 24.00
17	 18	 213	 17.00
17	 49	 254	 22.00
18	 19	 183	 19.00
18	 50	 244	 20.00
19	 20	 139	 14.00
19	 51	 227	 27.00
20	 21	 132	 22.00
20	 52	 129	 22.00
21	 22	 241	 24.00
21	 53	 277	 27.00
22	 23	 129	 24.00
22	 54	 242	 27.00
23	 24	 266	 23.00
23	 55	 161	 26.00
24	 25	 212	 16.00
24	 56	 166	 18.00
25	 26	 151	 27.00
25	 57	 270	 26.00
26	 27	 141	 18.00
26	 58	 128	 20.00
27	 28	 137	 13.00
27	 59	 149	 25.00
28	 29	 189	 17.00
28	 60	 280	 15.00
29	 30	 245	 26.00
29	 61	 161	 25.00
30	 31	 199	 12.00
30	 62	 207	 27.00
31	 63	 171	 17.00
32	 33	 141	 16.00
32	 64	 256	 15.00
33	 34	 241	 26.00
33	 65	 251	 17.00
34	 35	 252	 18.00
34	 66	 146	 23.00
35	 36	 279	 18.00
35	 67	 263	 27.00
36	 37	 262	 20.00
36	 68	 157	 27.00
37	 38	 274	 17.00
37	 69	 247	 27.00
38	 39	 202	 21.00
38	 70	 123	 24.00
39	 40	 168	 20.00
39	 71	 246	 23.00
40	 41	 135	 16.00
40	 72	 277	 13.00
41	 42	 184	 18.00
41	 73	 129	 13.00
42	 43	 198	 24.00
42	 74	 276	 28.00
43	 44	 128	 16.00
43	 75	 121	 17.00
44	 45	 123	 27.00
44	 76	 211	 13.00
45	 46	 200	 15.00
45	 77	 200	 14.00
46	 47	 163	 16.00
46	 78	 147	 28.00
47	 48	 266	 26.00
47	 79	 224	 25.00
48	 49	 152	 27.00
48	 80	 169	 13.00
49	 50	 189	 13.00
49	 81	 245	 28.00
50	 51	 204	 17.00
50	 82	 221	 12.00
51	 52	 128	 12.00
51	 83	 225	 15.00
52	 53	 212	 28.00
52	 84	 120	 24.00
53	 54	 271	 27.00
53	 85	 188	 27.00
54	 55	 224	 22.00
54	 86	 193	 21.00
55	 56	 219	 25.00
55	 87	 122	 28.00
56	 57	 156	 17.00
56	 88	 220	 14.00
57	 58	 260	 23.00
57	 89	 217	 13.00
58	 59	 214	 23.00
58	 90	 213	 22.00
59	 60	 233	 21.00
59	 91	 259	 26.00
60	 61	 212	 21.00
60	 92	 213	 24.00
61	 62	 122	 19.00
61	 93	 167	 19.00
62	 63	 189	 26.00
62	 94	 175	 16.00
63	 95	 214	 24.00
64	 65	 245	 25.00
64	 96	 121	 17.00
65	 66	 242	 12.00
65	 97	 224	 21.00
66	 67	 262	 25.00
66	 98	 127	 28.00
67	 68	 172	 14.00
67	 99	 123	 24.00
68	 69	 171	 23.00
68	 100	 142	 12.00
69	 70	 177	 19.00
69	 101	 167	 19.00
70	 71	 122	 25.00
70	 102	 269	 28.00
71	 72	 172	 21.00
71	 103	 247	 17.00
72	 73	 272	 23.00
72	 104	 192	 18.00
73	 74	 192	 27.00
73	 105	 277	 24.00
74	 75	 226	 15.00
74	 106	 240	 20.00
75	 76	 248	 19.00
75	 107	 273	 16.00
76	 77	 280	 12.00
76	 108	 123	 27.00
77	 78	 171	 26.00
77	 109	 160	 14.00
78	 79	 171	 17.00
78	 110	 138	 25.00
79	 80	 176	 24.00
79	 111	 130	 19.00
80	 81	 186	 27.00
80	 112	 147	 23.00
81	 82	 198	 27.00
81	 113	 277	 12.00
82	 83	 243	 26.00
82	 114	 237	 25.00
83	 84	 200	 27.00
83	 115	 243	 24.00
84	 85	 122	 12.00
84	 116	 139	 20.00
85	 86	 197	 20.00
85	 117	 221	 12.00
86	 87	 226	 22.00
86	 118	 217	 21.00
87	 88	 172	 26.00
87	 119	 133	 19.00
88	 89	 144	 28.00
88	 120	 162	 13.00
89	 90	 133	 19.00
89	 121	 148	 16.00
90	 91	 240	 12.00
90	 122	 228	 22.00
91	 92	 248	 14.00
91	 123	 132	 25.00
92	 93	 253	 13.00
92	 124	 254	 24.00
93	 94	 258	 18.00
93	 125	 136	 23.00
94	 95	 141	 21.00
94	 126	 211	 27.00
95	 127	 155	 26.00
96	 97	 272	 15.00
96	 128	 196	 14.00
97	 98	 131	 13.00
97	 129	 120	 16.00
98	 99	 260	 12.00
98	 130	 256	 16.00
99	 100	 239	 24.00
99	 131	 144	 13.00
100	 101	 260	 27.00
100	 132	 211	 27.00
101	 102	 173	 15.00
101	 133	 185	 22.00
102	 103	 236	 25.00
102	 134	 144	 19.00
103	 104	 165	 27.00
103	 135	 188	 16.00
104	 105	 128	 25.00
104	 136	 264	 20.00
105	 106	 270	 18.00
105	 137	 196	 25.00
106	 107	 247	 13.00
106	 138	 221	 19.00
107	 108	 175	 16.00
107	 139	 271	 25.00
108	 109	 198	 19.00
108	 140	 140	 12.00
109	 110	 237	 23.00
109	 141	 136	 27.00
110	 111	 174	 12.00
110	 142	 261	 16.00
111	 112	 146	 19.00
111	 143	 250	 24.00
112	 113	 144	 19.00
112	 144	 223	 12.00
113	 114	 258	 25.00
113	 145	 142	 26.00
114	 115	 188	 27.00
114	 146	 167	 24.00
115	 116	 187	 25.00
115	 147	 128	 28.00
116	 117	 145	 26.00
116	 148	 139	 14.00
117	 118	 180	 12.00
117	 149	 258	 18.00
118	 119	 145	 18.00
118	 150	 221	 16.00
119	 120	 155	 23.00
119	 151	 245	 18.00
120	 121	 187	 23.00
120	 152	 158	 27.00
121	 122	 275	 17.00
121	 153	 159	 21.00
122	 123	 240	 28.00
122	 154	 254	 21.00
123	 124	 126	 18.00
123	 155	 176	 15.00
124	 125	 272	 25.00
124	 156	 267	 28.00
125	 126	 147	 27.00
125	 157	 140	 25.00
126	 127	 173	 15.00
126	 158	 205	 14.00
127	 159	 136	 15.00
128	 129	 146	 27.00
128	 160	 260	 28.00
129	 130	 181	 12.00
129	 161	 192	 15.00
130	 131	 269	 26.00
130	 162	 124	 15.00
131	 132	 271	 15.00
131	 163	 184	 27.00
132	 133	 154	 24.00
132	 164	 163	 20.00
133	 134	 209	 26.00
133	 165	 216	 15.00
134	 135	 247	 20.00
134	 166	 160	 27.00
135	 136	 187	 16.00
135	 167	 198	 12.00
136	 137	 179	 22.00
136	 168	 250	 15.00
137	 138	 125	 25.00
137	 169	 145	 25.00
138	 139	 259	 25.00
138	 170	 180	 26.00
139	 140	 140	 24.00
139	 171	 155	 16.00
140	 141	 192	 18.00
140	 172	 266	 13.00
141	 142	 181	 27.00
141	 173	 250	 23.00
142	 143	 246	 24.00
142	 174	 247	 16.00
143	 144	 174	 25.00
143	 175	 164	 22.00
144	 145	 225	 22.00
144	 176	 274	 14.00
145	 146	 256	 25.00
145	 177	 280	 23.00
146	 147	 227	 28.00
146	 178	 246	 24.00
147	 148	 120	 27.00
147	 179	 198	 15.00
148	 149	 184	 25.00
148	 180	 122	 21.00
149	 150	 275	 24.00
149	 181	 130	 13.00
150	 151	 195	 19.00
150	 182	 215	 19.00
151	 152	 133	 25.00
151	 183	 183	 15.00
152	 153	 260	 18.00
152	 184	 186	 13.00
153	 154	 248	 25.00
153	 185	 121	 19.00
154	 155	 275	 21.00
154	 186	 217	 27.00
155	 156	 126	 21.00
155	 187	 223	 25.00
156	 157	 177	 21.00
156	 188	 134	 18.00
157	 158	 215	 22.00
157	 189	 224	 24.00
158	 159	 153	 20.00
158	 190	 227	 12.00
159	 191	 156	 12.00
160	 161	 185	 23.00
160	 192	 164	 17.00
161	 162	 218	 15.00
161	 193	 200	 13.00
162	 163	 176	 14.00
162	 194	 260	 25.00
163	 164	 133	 20.00
163	 195	 180	 19.00
164	 165	 172	 27.00
164	 196	 143	 18.00
165	 166	 280	 26.00
165	 197	 241	 20.00
166	 167	 217	 20.00
166	 198	 256	 19.00
167	 168	 190	 23.00
167	 199	 280	 13.00
168	 169	 198	 24.00
168	 200	 238	 15.00
169	 170	 256	 13.00
169	 201	 174	 23.00
170	 171	 246	 15.00
170	 202	 274	 18.00
171	 172	 242	 12.00
171	 203	 182	 18.00
172	 173	 242	 25.00
172	 204	 274	 25.00
173	 174	 196	 17.00
173	 205	 155	 18.00
174	 175	 184	 21.00
174	 206	 234	 16.00
175	 176	 144	 15.00
175	 207	 268	 25.00
176	 177	 184	 28.00
176	 208	 270	 14.00
177	 178	 239	 23.00
177	 209	 198	 23.00
178	 179	 150	 27.00
178	 210	 253	 22.00
179	 180	 208	 26.00
179	 211	 147	 27.00
180	 181	 245	 15.00
180	 212	 222	 25.00
181	 182	 216	 12.00
181	 213	 121	 18.00
182	 183	 164	 16.00
182	 214	 140	 13.00
183	 184	 264	 13.00
183	 215	 235	 28.00
184	 185	 124	 27.00
184	 216	 147	 23.00
185	 186	 254	 27.00
185	 217	 157	 17.00
186	 187	 203	 14.00
186	 218	 207	 26.00
187	 188	 243	 26.00
187	 219	 223	 18.00
188	 189	 172	 16.00
188	 220	 181	 18.00
189	 190	 168	 21.00
189	 221	 172	 21.00
190	 191	 120	 13.00
190	 222	 266	 28.00
191	 223	 225	 21.00
192	 193	 259	 12.00
192	 224	 266	 13.00
193	 194	 228	 15.00
193	 225	 198	 14.00
194	 195	 240	 27.00
194	 226	 180	 12.00
195	 196	 224	 12.00
195	 227	 212	 26.00
196	 197	 173	 26.00
196	 228	 273	 18.00
197	 198	 194	 15.00
197	 229	 177	 12.00
198	 199	 219	 13.00
198	 230	 274	 14.00
199	 200	 258	 13.00
199	 231	 166	 19.00
200	 201	 135	 15.00
200	 232	 218	 17.00
201	 202	 221	 28.00
201	 233	 271	 23.00
202	 203	 250	 23.00
202	 234	 197	 23.00
203	 204	 222	 21.00
203	 235	 273	 19.00
204	 205	 136	 17.00
204	 236	 173	 25.00
205	 206	 127	 18.00
205	 237	 199	 17.00
206	 207	 136	 12.00
206	 238	 146	 26.00
207	 208	 231	 22.00
207	 239	 265	 26.00
208	 209	 172	 23.00
208	 240	 180	 20.00
209	 210	 166	 13.00
209	 241	 165	 23.00
210	 211	 275	 19.00
210	 242	 213	 13.00
211	 212	 208	 26.00
211	 243	 246	 25.00
212	 213	 199	 12.00
212	 244	 236	 23.00
213	 214	 175	 13.00
213	 245	 229	 28.00
214	 215	 149	 24.00
214	 246	 235	 22.00
215	 216	 234	 18.00
215	 247	 143	 25.00
216	 217	 156	 24.00
216	 248	 123	 23.00
217	 218	 246	 17.00
217	 249	 273	 16.00
218	 219	 129	 22.00
218	 250	 223	 18.00
219	 220	 178	 21.00
219	 251	 245	 17.00
220	 221	 166	 19.00
220	 252	 203	 19.00
221	 222	 207	 20.00
221	 253	 252	 23.00
222	 223	 210	 28.00
222	 254	 254	 14.00
223	 255	 220	 14.00
224	 225	 255	 25.00
224	 256	 238	 13.00
225	 226	 279	 24.00
225	 257	 259	 18.00
226	 227	 240	 19.00
226	 258	 215	 14.00
227	 228	 150	 16.00
227	 259	 215	 14.00
228	 229	 204	 23.00
228	 260	 208	 26.00
229	 230	 149	 16.00
229	 261	 165	 20.00
230	 231	 219	 24.00
230	 262	 216	 13.00
231	 232	 257	 25.00
231	 263	 147	 16.00
232	 233	 168	 25.00
232	 264	 273	 14.00
233	 234	 173	 21.00
233	 265	 221	 21.00
234	 235	 262	 24.00
234	 266	 256	 28.00
235	 236	 257	 24.00
235	 267	 148	 17.00
236	 237	 278	 21.00
236	 268	 123	 19.00
237	 238	 177	 19.00
237	 269	 242	 18.00
238	 239	 156	 16.00
238	 270	 273	 27.00
239	 240	 158	 12.00
239	 271	 131	 23.00
240	 241	 141	 21.00
240	 272	 168	 24.00
241	 242	 147	 17.00
241	 273	 241	 23.00
242	 243	 255	 19.00
242	 274	 248	 23.00
243	 244	 176	 17.00
243	 275	 214	 23.00
244	 245	 195	 26.00
244	 276	 227	 13.00
245	 246	 154	 27.00
245	 277	 212	 19.00
246	 247	 127	 20.00
246	 278	 120	 18.00
247	 248	 197	 14.00
247	 279	 199	 25.00
248	 249	 253	 19.00
248	 280	 178	 19.00
249	 250	 164	 25.00
249	 281	 253	 15.00
250	 251	 121	 18.00
250	 282	 153	 15.00
251	 252	 210	 16.00
251	 283	 160	 20.00
252	 253	 141	 16.00
252	 284	 159	 28.00
253	 254	 215	 24.00
253	 285	 176	 14.00
254	 255	 268	 16.00
254	 286	 167	 28.00
255	 287	 249	 18.00
256	 257	 224	 21.00
256	 288	 236	 21.00
257	 258	 279	 20.00
257	 289	 130	 18.00
258	 259	 200	 12.00
258	 290	 148	 16.00
259	 260	 124	 18.00
259	 291	 192	 22.00
260	 261	 129	 13.00
260	 292	 197	 27.00
261	 262	 238	 24.00
261	 293	 268	 17.00
262	 263	 233	 28.00
262	 294	 209	 22.00
263	 264	 232	 25.00
263	 295	 188	 26.00
264	 265	 224	 21.00
264	 296	 124	 20.00
265	 266	 246	 15.00
265	 297	 276	 25.00
266	 267	 254	 23.00
266	 298	 269	 25.00
267	 268	 189	 23.00
267	 299	 211	 27.00
268	 269	 192	 23.00
268	 300	 267	 17.00
269	 270	 169	 20.00
269	 301	 155	 13.00
270	 271	 238	 28.00
270	 302	 191	 26.00
271	 272	 168	 23.00
271	 303	 242	 16.00
272	 273	 150	 27.00
272	 304	 248	 26.00
273	 274	 121	 27.00
273	 305	 220	 27.00
274	 275	 191	 22.00
274	 306	 150	 20.00
275	 276	 267	 27.00
275	 307	 138	 12.00
276	 277	 251	 22.00
276	 308	 227	 21.00
277	 278	 182	 28.00
277	 309	 146	 23.00
278	 279	 275	 22.00
278	 310	 198	 25.00
279	 280	 260	 28.00
279	 311	 164	 19.00
280	 281	 176	 25.00
280	 312	 275	 20.00
281	 282	 167	 27.00
281	 313	 231	 20.00
282	 283	 259	 20.00
282	 314	 257	 27.00
283	 284	 219	 17.00
283	 315	 264	 25.00
284	 285	 121	 26.00
284	 316	 256	 28.00
285	 286	 230	 20.00
285	 317	 277	 19.00
286	 287	 277	 21.00
286	 318	 189	 14.00
287	 319	 193	 15.00
288	 289	 129	 19.00
288	 320	 170	 15.00
289	 290	 169	 25.00
289	 321	 258	 24.00
290	 291	 202	 18.00
290	 322	 143	 28.00
291	 292	 208	 26.00
291	 323	 276	 24.00
292	 293	 245	 20.00
292	 324	 181	 26.00
293	 294	 186	 19.00
293	 325	 212	 18.00
294	 295	 129	 25.00
294	 326	 169	 27.00
295	 296	 188	 27.00
295	 327	 254	 14.00
296	 297	 173	 28.00
296	 328	 136	 12.00
297	 298	 196	 14.00
297	 329	 241	 24.00
298	 299	 199	 18.00
298	 330	 254	 13.00
299	 300	 172	 14.00
299	 331	 210	 27.00
300	 301	 166	 17.00
300	 332	 248	 13.00
301	 302	 151	 23.00
301	 333	 151	 28.00
302	 303	 174	 12.00
302	 334	 123	 19.00
303	 304	 185	 16.00
303	 335	 207	 28.00
304	 305	 184	 21.00
304	 336	 258	 19.00
305	 306	 275	 13.00
305	 337	 154	 20.00
306	 307	 145	 27.00
306	 338	 270	 23.00
307	 308	 223	 14.00
307	 339	 169	 27.00
308	 309	 130	 17.00
308	 340	 211	 13.00
309	 310	 260	 26.00
309	 341	 185	 22.00
310	 311	 195	 26.00
310	 342	 209	 17.00
311	 312	 235	 22.00
311	 343	 245	 13.00
312	 313	 150	 12.00
312	 344	 221	 17.00
313	 314	 136	 18.00
313	 345	 159	 21.00
314	 315	 222	 23.00
314	 346	 274	 28.00
315	 316	 228	 28.00
315	 347	 247	 19.00
316	 317	 168	 13.00
316	 348	 279	 20.00
317	 318	 195	 12.00
317	 349	 254	 26.00
318	 319	 212	 17.00
318	 350	 194	 19.00
319	 351	 131	 26.00
320	 321	 202	 24.00
320	 352	 236	 25.00
321	 322	 276	 21.00
321	 353	 228	 21.00
322	 323	 212	 21.00
322	 354	 157	 12.00
323	 324	 180	 26.00
323	 355	 141	 16.00
324	 325	 264	 17.00
324	 356	 178	 12.00
325	 326	 264	 18.00
325	 357	 266	 16.00
326	 327	 167	 14.00
326	 358	 276	 22.00
327	 328	 150	 20.00
327	 359	 121	 17.00
328	 329	 121	 27.00
328	 360	 151	 16.00
329	 330	 186	 20.00
329	 361	 152	 20.00
330	 331	 220	 22.00
330	 362	 237	 20.00
331	 332	 228	 13.00
331	 363	 267	 28.00
332	 333	 146	 25.00
332	 364	 229	 20.00
333	 334	 125	 21.00
333	 365	 187	 20.00
334	 335	 265	 14.00
334	 366	 220	 12.00
335	 336	 151	 20.00
335	 367	 264	 14.00
336	 337	 227	 27.00
336	 368	 165	 18.00
337	 338	 274	 23.00
337	 369	 142	 16.00
338	 339	 217	 27.00
338	 370	 145	 15.00
339	 340	 249	 22.00
339	 371	 269	 21.00
340	 341	 265	 14.00
340	 372	 251	 16.00
341	 342	 226	 13.00
341	 373	 221	 13.00
342	 343	 187	 17.00
342	 374	 200	 23.00
343	 344	 193	 18.00
343	 375	 213	 22.00
344	 345	 225	 26.00
344	 376	 187	 12.00
345	 346	 226	 20.00
345	 377	 246	 12.00
346	 347	 191	 15.00
346	 378	 208	 22.00
347	 348	 152	 19.00
347	 379	 171	 26.00
348	 349	 151	 26.00
348	 380	 268	 14.00
349	 350	 128	 27.00
349	 381	 207	 17.00
350	 351	 183	 18.00
350	 382	 241	 23.00
351	 383	 183	 21.00
352	 353	 222	 15.00
352	 384	 190	 23.00
353	 354	 120	 21.00
353	 385	 273	 22.00
354	 355	 246	 22.00
354	 386	 166	 27.00
355	 356	 140	 22.00
355	 387	 169	 28.00
356	 357	 148	 24.00
356	 388	 245	 15.00
357	 358	 250	 14.00
357	 389	 189	 16.00
358	 359	 271	 17.00
358	 390	 140	 28.00
359	 360	 220	 19.00
359	 391	 262	 13.00
360	 361	 210	 19.00
360	 392	 142	 13.00
361	 362	 228	 22.00
361	 393	 258	 22.00
362	 363	 230	 14.00
362	 394	 208	 14.00
363	 364	 224	 12.00
363	 395	 278	 18.00
364	 365	 188	 17.00
364	 396	 231	 27.00
365	 366	 252	 28.00
365	 397	 200	 13.00
366	 367	 131	 25.00
366	 398	 139	 28.00
367	 368	 190	 28.00
367	 399	 263	 20.00
368	 369	 156	 15.00
368	 400	 141	 13.00
369	 370	 132	 19.00
369	 401	 166	 13.00
370	 371	 172	 15.00
370	 402	 261	 20.00
371	 372	 127	 14.00
371	 403	 145	 14.00
372	 373	 253	 25.00
372	 404	 231	 16.00
373	 374	 199	 28.00
373	 405	 275	 23.00
374	 375	 273	 25.00
374	 406	 139	 19.00
375	 376	 230	 20.00
375	 407	 159	 27.00
376	 377	 250	 27.00
376	 408	 122	 18.00
377	 378	 210	 19.00
377	 409	 238	 16.00
378	 379	 277	 26.00
378	 410	 212	 17.00
379	 380	 172	 13.00
379	 411	 233	 12.00
380	 381	 201	 15.00
380	 412	 157	 21.00
381	 382	 186	 13.00
381	 413	 122	 23.00
382	 383	 125	 23.00
382	 414	 136	 27.00
383	 415	 188	 27.00
384	 385	 259	 22.00
384	 416	 179	 16.00
385	 386	 147	 23.00
385	 417	 200	 16.00
386	 387	 218	 18.00
386	 418	 150	 28.00
387	 388	 166	 13.00
387	 419	 135	 28.00
388	 389	 278	 22.00
388	 420	 278	 20.00
389	 390	 210	 14.00
389	 421	 245	 13.00
390	 391	 171	 19.00
390	 422	 129	 20.00
391	 392	 241	 14.00
391	 423	 171	 15.00
392	 393	 208	 16.00
392	 424	 182	 19.00
393	 394	 232	 18.00
393	 425	 265	 24.00
394	 395	 246	 16.00
394	 426	 273	 18.00
395	 396	 252	 17.00
395	 427	 218	 24.00
396	 397	 175	 23.00
396	 428	 222	 20.00
397	 398	 219	 19.00
397	 429	 190	 17.00
398	 399	 206	 14.00
398	 430	 149	 28.00
399	 400	 133	 15.00
399	 431	 231	 22.00
400	 401	 145	 20.00
400	 432	 215	 13.00
401	 402	 259	 21.00
401	 433	 192	 23.00
402	 403	 236	 15.00
402	 434	 133	 19.00
403	 404	 161	 15.00
403	 435	 235	 28.00
404	 405	 212	 12.00
404	 436	 141	 15.00
405	 406	 217	 20.00
405	 437	 167	 26.00
406	 407	 167	 17.00
406	 438	 260	 25.00
407	 408	 238	 27.00
407	 439	 268	 13.00
408	 409	 125	 25.00
408	 440	 148	 24.00
409	 410	 247	 17.00
409	 441	 251	 26.00
410	 411	 161	 13.00
410	 442	 155	 25.00
411	 412	 259	 14.00
411	 443	 174	 26.00
412	 413	 128	 20.00
412	 444	 209	 23.00
413	 414	 187	 14.00
413	 445	 268	 26.00
414	 415	 156	 14.00
414	 446	 122	 15.00
415	 447	 141	 18.00
416	 417	 120	 15.00
416	 448	 195	 27.00
417	 418	 215	 17.00
417	 449	 233	 27.00
418	 419	 260	 12.00
418	 450	 241	 27.00
419	 420	 189	 12.00
419	 451	 155	 21.00
420	 421	 127	 26.00
420	 452	 125	 27.00
421	 422	 176	 14.00
421	 453	 155	 14.00
422	 423	 272	 25.00
422	 454	 264	 27.00
423	 424	 248	 24.00
423	 455	 186	 22.00
424	 425	 208	 13.00
424	 456	 157	 26.00
425	 426	 241	 22.00
425	 457	 226	 26.00
426	 427	 132	 13.00
426	 458	 129	 20.00
427	 428	 133	 16.00
427	 459	 132	 19.00
428	 429	 205	 28.00
428	 460	 249	 25.00
429	 430	 249	 24.00
429	 461	 268	 19.00
430	 431	 141	 13.00
430	 462	 198	 24.00
431	 432	 242	 18.00
431	 463	 197	 25.00
432	 433	 250	 25.00
432	 464	 136	 18.00
433	 434	 254	 12.00
433	 465	 183	 13.00
434	 435	 121	 24.00
434	 466	 208	 21.00
435	 436	 188	 18.00
435	 467	 190	 16.00
436	 437	 209	 12.00
436	 468	 145	 12.00
437	 438	 133	 17.00
437	 469	 221	 17.00
438	 439	 177	 13.00
438	 470	 195	 28.00
439	 440	 184	 21.00
439	 471	 274	 21.00
440	 441	 215	 25.00
440	 472	 258	 15.00
441	 442	 272	 16.00
441	 473	 191	 16.00
442	 443	 248	 17.00
442	 474	 200	 20.00
443	 444	 131	 25.00
443	 475	 207	 22.00
444	 445	 198	 26.00
444	 476	 250	 22.00
445	 446	 149	 28.00
445	 477	 230	 26.00
446	 447	 212	 14.00
446	 478	 198	 20.00
447	 479	 277	 15.00
448	 449	 234	 13.00
448	 480	 174	 18.00
449	 450	 243	 15.00
449	 481	 209	 27.00
450	 451	 274	 18.00
450	 482	 163	 16.00
451	 452	 235	 21.00
451	 483	 120	 17.00
452	 453	 176	 21.00
452	 484	 259	 22.00
453	 454	 203	 24.00
453	 485	 280	 19.00
454	 455	 155	 18.00
454	 486	 267	 17.00
455	 456	 203	 13.00
455	 487	 140	 19.00
456	 457	 246	 23.00
456	 488	 222	 12.00
457	 458	 201	 21.00
457	 489	 266	 13.00
458	 459	 276	 23.00
458	 490	 249	 24.00
459	 460	 122	 17.00
459	 491	 124	 22.00
460	 461	 129	 18.00
460	 492	 167	 21.00
461	 462	 280	 27.00
461	 493	 158	 12.00
462	 463	 205	 22.00
462	 494	 212	 26.00
463	 464	 146	 26.00
463	 495	 178	 12.00
464	 465	 206	 22.00
464	 496	 221	 25.00
465	 466	 168	 18.00
465	 497	 153	 23.00
466	 467	 223	 15.00
466	 498	 263	 22.00
467	 468	 222	 20.00
467	 499	 178	 19.00
468	 469	 223	 22.00
468	 500	 193	 21.00
469	 470	 190	 17.00
469	 501	 280	 19.00
470	 471	 231	 27.00
470	 502	 167	 23.00
471	 472	 260	 22.00
471	 503	 133	 13.00
472	 473	 207	 15.00
472	 504	 215	 18.00
473	 474	 178	 17.00
473	 505	 272	 14.00
474	 475	 189	 17.00
474	 506	 230	 26.00
475	 476	 174	 19.00
475	 507	 207	 16.00
476	 477	 244	 22.00
476	 508	 152	 17.00
477	 478	 211	 14.00
477	 509	 234	 16.00
478	 479	 124	 23.00
478	 510	 212	 18.00
479	 511	 144	 12.00
480	 481	 195	 13.00
480	 512	 205	 28.00
481	 482	 182	 17.00
481	 513	 261	 23.00
482	 483	 201	 18.00
482	 514	 269	 24.00
483	 484	 176	 22.00
483	 515	 257	 18.00
484	 485	 193	 22.00
484	 516	 172	 21.00
485	 486	 194	 12.00
485	 517	 206	 15.00
486	 487	 157	 20.00
486	 518	 200	 27.00
487	 488	 261	 15.00
487	 519	 203	 13.00
488	 489	 139	 13.00
488	 520	 137	 23.00
489	 490	 204	 16.00
489	 521	 274	 23.00
490	 491	 146	 28.00
490	 522	 217	 18.00
491	 492	 240	 17.00
491	 523	 273	 14.00
492	 493	 260	 19.00
492	 524	 196	 20.00
493	 494	 165	 15.00
493	 525	 276	 16.00
494	 495	 227	 23.00
494	 526	 191	 28.00
495	 496	 179	 14.00
495	 527	 266	 20.00
496	 497	 280	 17.00
496	 528	 195	 28.00
497	 498	 139	 17.00
497	 529	 173	 14.00
498	 499	 275	 15.00
498	 530	 216	 12.00
499	 500	 251	 26.00
499	 531	 248	 15.00
500	 501	 269	 21.00
500	 532	 134	 13.00
501	 502	 170	 19.00
501	 533	 210	 15.00
502	 503	 216	 23.00
502	 534	 171	 28.00
503	 504	 251	 24.00
503	 535	 248	 18.00
504	 505	 185	 15.00
504	 536	 225	 17.00
505	 506	 176	 14.00
505	 537	 215	 20.00
506	 507	 181	 14.00
506	 538	 154	 22.00
507	 508	 135	 21.00
507	 539	 215	 19.00
508	 509	 140	 14.00
508	 540	 169	 19.00
509	 510	 257	 20.00
509	 541	 187	 26.00
510	 511	 266	 23.00
510	 542	 178	 17.00
511	 543	 203	 24.00
512	 513	 132	 27.00
512	 544	 201	 27.00
513	 514	 176	 26.00
513	 545	 204	 17.00
514	 515	 255	 22.00
514	 546	 243	 16.00
515	 516	 131	 22.00
515	 547	 159	 14.00
516	 517	 123	 18.00
516	 548	 163	 19.00
517	 518	 189	 19.00
517	 549	 153	 27.00
518	 519	 141	 23.00
518	 550	 169	 21.00
519	 520	 125	 27.00
519	 551	 275	 22.00
520	 521	 234	 18.00
520	 552	 249	 21.00
521	 522	 130	 21.00
521	 553	 139	 12.00
522	 523	 155	 19.00
522	 554	 159	 12.00
523	 524	 125	 23.00
523	 555	 127	 16.00
524	 525	 238	 21.00
524	 556	 135	 13.00
525	 526	 206	 22.00
525	 557	 269	 16.00
526	 527	 254	 23.00
526	 558	 269	 18.00
527	 528	 214	 23.00
527	 559	 158	 20.00
528	 529	 215	 23.00
528	 560	 231	 15.00
529	 530	 278	 17.00
529	 561	 138	 18.00
530	 531	 168	 20.00
530	 562	 263	 25.00
531	 532	 226	 22.00
531	 563	 259	 21.00
532	 533	 180	 20.00
532	 564	 226	 21.00
533	 534	 198	 22.00
533	 565	 211	 27.00
534	 535	 214	 18.00
534	 566	 237	 23.00
535	 536	 266	 19.00
535	 567	 121	 15.00
536	 537	 214	 21.00
536	 568	 269	 27.00
537	 538	 203	 15.00
537	 569	 234	 19.00
538	 539	 141	 18.00
538	 570	 135	 26.00
539	 540	 160	 25.00
539	 571	 232	 19.00
540	 541	 215	 20.00
540	 572	 179	 26.00
541	 542	 170	 20.00
541	 573	 175	 25.00
542	 543	 272	 18.00
542	 574	 202	 20.00
543	 575	 145	 27.00
544	 545	 209	 14.00
544	 576	 134	 28.00
545	 546	 213	 20.00
545	 577	 257	 13.00
546	 547	 224	 13.00
546	 578	 168	 24.00
547	 548	 213	 17.00
547	 579	 172	 15.00
548	 549	 136	 18.00
548	 580	 203	 12.00
549	 550	 204	 16.00
549	 581	 167	 19.00
550	 551	 205	 13.00
550	 582	 273	 25.00
551	 552	 122	 24.00
551	 583	 167	 28.00
552	 553	 172	 20.00
552	 584	 189	 27.00
553	 554	 225	 17.00
553	 585	 263	 14.00
554	 555	 164	 25.00
554	 586	 174	 21.00
555	 556	 279	 19.00
555	 587	 233	 22.00
556	 557	 177	 23.00
556	 588	 148	 28.00
557	 558	 160	 13.00
557	 589	 273	 15.00
558	 559	 139	 21.00
558	 590	 145	 17.00
559	 560	 155	 24.00
559	 591	 271	 17.00
560	 561	 162	 12.00
560	 592	 200	 17.00
561	 562	 193	 13.00
561	 593	 244	 19.00
562	 563	 213	 14.00
562	 594	 161	 15.00
563	 564	 243	 14.00
563	 595	 177	 24.00
564	 565	 234	 16.00
564	 596	 158	 12.00
565	 566	 127	 21.00
565	 597	 128	 20.00
566	 567	 214	 26.00
566	 598	 134	 14.00
567	 568	 215	 24.00
567	 599	 268	 12.00
568	 569	 206	 24.00
568	 600	 213	 16.00
569	 570	 141	 13.00
569	 601	 177	 15.00
570	 571	 221	 12.00
570	 602	 132	 17.00
571	 572	 249	 28.00
571	 603	 120	 19.00
572	 573	 219	 13.00
572	 604	 154	 13.00
573	 574	 166	 17.00
573	 605	 131	 15.00
574	 575	 212	 28.00
574	 606	 238	 12.00
575	 607	 254	 26.00
576	 577	 269	 19.00
576	 608	 259	 16.00
577	 578	 279	 26.00
577	 609	 243	 16.00
578	 579	 239	 21.00
578	 610	 226	 20.00
579	 580	 167	 24.00
579	 611	 154	 16.00
580	 581	 151	 20.00
580	 612	 136	 18.00
581	 582	 228	 26.00
581	 613	 149	 27.00
582	 583	 152	 21.00
582	 614	 174	 17.00
583	 584	 210	 18.00
583	 615	 217	 16.00
584	 585	 237	 23.00
584	 616	 134	 28.00
585	 586	 125	 15.00
585	 617	 241	 25.00
586	 587	 163	 17.00
586	 618	 270	 23.00
587	 588	 262	 25.00
587	 619	 139	 26.00
588	 589	 210	 18.00
588	 620	 253	 15.00
589	 590	 143	 27.00
589	 621	 254	 16.00
590	 591	 271	 13.00
590	 622	 159	 18.00
591	 592	 129	 28.00
591	 623	 181	 19.00
592	 593	 192	 21.00
592	 624	 222	 24.00
593	 594	 200	 20.00
593	 625	 171	 28.00
594	 595	 129	 16.00
594	 626	 176	 19.00
595	 596	 254	 18.00
595	 627	 181	 27.00
596	 597	 133	 18.00
596	 628	 120	 28.00
597	 598	 228	 15.00
597	 629	 223	 18.00
598	 599	 197	 14.00
598	 630	 238	 28.00
599	 600	 148	 15.00
599	 631	 198	 18.00
600	 601	 260	 27.00
600	 632	 216	 26.00
601	 602	 140	 19.00
601	 633	 135	 23.00
602	 603	 259	 16.00
602	 634	 196	 16.00
603	 604	 206	 20.00
603	 635	 167	 23.00
604	 605	 193	 23.00
604	 636	 205	 20.00
605	 606	 240	 22.00
605	 637	 189	 28.00
606	 607	 155	 17.00
606	 638	 191	 16.00
607	 639	 261	 21.00
608	 609	 224	 27.00
608	 640	 208	 23.00
609	 610	 216	 13.00
609	 641	 226	 27.00
610	 611	 209	 16.00
610	 642	 158	 23.00
611	 612	 270	 27.00
611	 643	 195	 19.00
612	 613	 275	 14.00
612	 644	 210	 14.00
613	 614	 259	 24.00
613	 645	 179	 17.00
614	 615	 171	 26.00
614	 646	 172	 21.00
615	 616	 279	 28.00
615	 647	 208	 13.00
616	 617	 181	 26.00
616	 648	 249	 14.00
617	 618	 192	 28.00
617	 649	 257	 23.00
618	 619	 131	 27.00
618	 650	 275	 20.00
619	 620	 272	 14.00
619	 651	 201	 27.00
620	 621	 265	 18.00
620	 652	 214	 28.00
621	 622	 215	 24.00
621	 653	 278	 19.00
622	 623	 181	 14.00
622	 654	 235	 13.00
623	 624	 235	 22.00
623	 655	 213	 16.00
624	 625	 142	 25.00
624	 656	 135	 20.00
625	 626	 199	 15.00
625	 657	 270	 14.00
626	 627	 166	 23.00
626	 658	 129	 13.00
627	 628	 259	 13.00
627	 659	 133	 18.00
628	 629	 277	 25.00
628	 660	 262	 23.00
629	 630	 262	 17.00
629	 661	 208	 28.00
630	 631	 194	 28.00
630	 662	 280	 27.00
631	 632	 278	 22.00
631	 663	 188	 25.00
632	 633	 152	 19.00
632	 664	 146	 13.00
633	 634	 162	 14.00
633	 665	 209	 23.00
634	 635	 169	 14.00
634	 666	 239	 15.00
635	 636	 230	 18.00
635	 667	 211	 13.00
636	 637	 177	 15.00
636	 668	 207	 22.00
637	 638	 210	 17.00
637	 669	 128	 24.00
638	 639	 166	 16.00
638	 670	 202	 25.00
639	 671	 257	 22.00
640	 641	 189	 15.00
640	 672	 231	 18.00
641	 642	 130	 14.00
641	 673	 261	 24.00
642	 643	 189	 25.00
642	 674	 199	 17.00
643	 644	 127	 24.00
643	 675	 264	 20.00
644	 645	 173	 13.00
644	 676	 136	 17.00
645	 646	 196	 25.00
645	 677	 128	 20.00
646	 647	 262	 20.00
646	 678	 273	 12.00
647	 648	 261	 27.00
647	 679	 268	 15.00
648	 649	 274	 24.00
648	 680	 218	 21.00
649	 650	 193	 13.00
649	 681	 197	 15.00
650	 651	 156	 19.00
650	 682	 227	 12.00
651	 652	 141	 27.00
651	 683	 163	 18.00
652	 653	 235	 13.00
652	 684	 147	 26.00
653	 654	 157	 23.00
653	 685	 170	 20.00
654	 655	 276	 27.00
654	 686	 268	 22.00
655	 656	 194	 14.00
655	 687	 268	 27.00
656	 657	 177	 22.00
656	 688	 249	 25.00
657	 658	 249	 16.00
657	 689	 276	 20.00
658	 659	 134	 16.00
658	 690	 268	 23.00
659	 660	 197	 17.00
659	 691	 122	 18.00
660	 661	 137	 28.00
660	 692	 251	 28.00
661	 662	 222	 17.00
661	 693	 123	 16.00
662	 663	 153	 27.00
662	 694	 203	 15.00
663	 664	 243	 14.00
663	 695	 232	 23.00
664	 665	 271	 23.00
664	 696	 279	 12.00
665	 666	 170	 25.00
665	 697	 161	 13.00
666	 667	 230	 26.00
666	 698	 245	 18.00
667	 668	 238	 26.00
667	 699	 212	 25.00
668	 669	 162	 19.00
668	 700	 157	 14.00
669	 670	 160	 18.00
669	 701	 181	 13.00
670	 671	 272	 26.00
670	 702	 261	 22.00
671	 703	 224	 28.00
672	 673	 233	 16.00
672	 704	 125	 23.00
673	 674	 162	 27.00
673	 705	 262	 28.00
674	 675	 257	 14.00
674	 706	 216	 25.00
675	 676	 216	 26.00
675	 707	 180	 13.00
676	 677	 192	 14.00
676	 708	 205	 26.00
677	 678	 260	 25.00
677	 709	 257	 12.00
678	 679	 247	 14.00
678	 710	 218	 24.00
679	 680	 213	 27.00
679	 711	 135	 27.00
680	 681	 277	 12.00
680	 712	 187	 12.00
681	 682	 207	 14.00
681	 713	 226	 12.00
682	 683	 267	 23.00
682	 714	 277	 27.00
683	 684	 126	 23.00
683	 715	 121	 12.00
684	 685	 241	 25.00
684	 716	 144	 14.00
685	 686	 224	 18.00
685	 717	 276	 19.00
686	 687	 225	 18.00
686	 718	 279	 19.00
687	 688	 194	 21.00
687	 719	 268	 12.00
688	 689	 240	 23.00
688	 720	 190	 23.00
689	 690	 221	 15.00
689	 721	 212	 19.00
690	 691	 238	 22.00
690	 722	 178	 18.00
691	 692	 156	 18.00
691	 723	 122	 18.00
692	 693	 234	 13.00
692	 724	 274	 16.00
693	 694	 238	 13.00
693	 725	 256	 27.00
694	 695	 208	 20.00
694	 726	 270	 20.00
695	 696	 255	 22.00
695	 727	 131	 16.00
696	 697	 160	 25.00
696	 728	 245	 13.00
697	 698	 223	 25.00
697	 729	 236	 12.00
698	 699	 226	 16.00
698	 730	 258	 28.00
699	 700	 131	 26.00
699	 731	 207	 23.00
700	 701	 220	 23.00
700	 732	 153	 15.00
701	 702	 158	 15.00
701	 733	 202	 22.00
702	 703	 141	 25.00
702	 734	 168	 20.00
703	 735	 164	 19.00
704	 705	 255	 24.00
704	 736	 179	 19.00
705	 706	 236	 24.00
705	 737	 221	 15.00
706	 707	 278	 17.00
706	 738	 148	 20.00
707	 708	 208	 22.00
707	 739	 178	 18.00
708	 709	 193	 15.00
708	 740	 199	 15.00
709	 710	 136	 21.00
709	 741	 213	 18.00
710	 711	 222	 21.00
710	 742	 157	 16.00
711	 712	 256	 13.00
711	 743	 238	 17.00
712	 713	 226	 28.00
712	 744	 138	 22.00
713	 714	 203	 23.00
713	 745	 198	 16.00
714	 715	 187	 14.00
714	 746	 177	 27.00
715	 716	 191	 22.00
715	 747	 238	 25.00
716	 717	 164	 15.00
716	 748	 251	 14.00
717	 718	 182	 16.00
717	 749	 215	 21.00
718	 719	 160	 12.00
718	 750	 156	 12.00
719	 720	 256	 27.00
719	 751	 209	 12.00
720	 721	 161	 15.00
720	 752	 221	 14.00
721	 722	 184	 14.00
721	 753	 260	 25.00
722	 723	 258	 23.00
722	 754	 268	 23.00
723	 724	 211	 19.00
723	 755	 157	 16.00
724	 725	 186	 12.00
724	 756	 247	 13.00
725	 726	 248	 13.00
725	 757	 270	 18.00
726	 727	 279	 20.00
726	 758	 217	 20.00
727	 728	 140	 14.00
727	 759	 191	 13.00
728	 729	 131	 13.00
728	 760	 130	 19.00
729	 730	 125	 24.00
729	 761	 269	 28.00
730	 731	 266	 28.00
730	 762	 227	 16.00
731	 732	 272	 21.00
731	 763	 151	 27.00
732	 733	 182	 28.00
732	 764	 153	 18.00
733	 734	 277	 24.00
733	 765	 137	 22.00
734	 735	 246	 18.00
734	 766	 195	 21.00
735	 767	 185	 22.00
736	 737	 190	 23.00
736	 768	 247	 27.00
737	 738	 164	 21.00
737	 769	 219	 13.00
738	 739	 134	 26.00
738	 770	 168	 15.00
739	 740	 280	 16.00
739	 771	 212	 21.00
740	 741	 173	 16.00
740	 772	 193	 27.00
741	 742	 184	 26.00
741	 773	 146	 17.00
742	 743	 199	 14.00
742	 774	 174	 18.00
743	 744	 210	 28.00
743	 775	 268	 13.00
744	 745	 191	 16.00
744	 776	 249	 18.00
745	 746	 157	 17.00
745	 777	 177	 21.00
746	 747	 146	 22.00
746	 778	 139	 20.00
747	 748	 194	 19.00
747	 779	 274	 28.00
748	 749	 245	 24.00
748	 780	 232	 25.00
749	 750	 178	 23.00
749	 781	 280	 15.00
750	 751	 255	 15.00
750	 782	 122	 27.00
751	 752	 231	 12.00
751	 783	 186	 18.00
752	 753	 232	 25.00
752	 784	 242	 20.00
753	 754	 187	 15.00
753	 785	 176	 26.00
754	 755	 255	 21.00
754	 786	 138	 14.00
755	 756	 227	 15.00
755	 787	 203	 28.00
756	 757	 272	 24.00
756	 788	 178	 24.00
757	 758	 238	 14.00
757	 789	 219	 24.00
758	 759	 236	 28.00
758	 790	 279	 23.00
759	 760	 172	 24.00
759	 791	 216	 28.00
760	 761	 259	 21.00
760	 792	 205	 20.00
761	 762	 204	 25.00
761	 793	 166	 19.00
762	 763	 137	 23.00
762	 794	 164	 25.00
763	 764	 263	 23.00
763	 795	 158	 23.00
764	 765	 223	 21.00
764	 796	 190	 21.00
765	 766	 231	 15.00
765	 797	 230	 23.00
766	 767	 142	 20.00
766	 798	 129	 26.00
767	 799	 120	 27.00
768	 769	 139	 24.00
768	 800	 268	 16.00
769	 770	 236	 18.00
769	 801	 171	 27.00
770	 771	 165	 12.00
770	 802	 181	 15.00
771	 772	 176	 18.00
771	 803	 275	 21.00
772	 773	 208	 25.00
772	 804	 128	 27.00
773	 774	 140	 21.00
773	 805	 131	 28.00
774	 775	 250	 12.00
774	 806	 181	 18.00
775	 776	 264	 23.00
775	 807	 181	 24.00
776	 777	 235	 23.00
776	 808	 236	 24.00
777	 778	 156	 22.00
777	 809	 149	 19.00
778	 779	 192	 24.00
778	 810	 264	 18.00
779	 780	 167	 24.00
779	 811	 181	 18.00
780	 781	 176	 13.00
780	 812	 148	 28.00
781	 782	 274	 23.00
781	 813	 168	 25.00
782	 783	 211	 25.00
782	 814	 138	 19.00
783	 784	 243	 26.00
783	 815	 158	 26.00
784	 785	 200	 18.00
784	 816	 188	 27.00
785	 786	 129	 25.00
785	 817	 129	 23.00
786	 787	 259	 12.00
786	 818	 162	 18.00
787	 788	 250	 17.00
787	 819	 146	 24.00
788	 789	 132	 19.00
788	 820	 184	 16.00
789	 790	 212	 25.00
789	 821	 184	 21.00
790	 791	 213	 17.00
790	 822	 262	 13.00
791	 792	 169	 15.00
791	 823	 265	 19.00
792	 793	 147	 18.00
792	 824	 142	 27.00
793	 794	 133	 26.00
793	 825	 213	 16.00
794	 795	 224	 18.00
794	 826	 275	 23.00
795	 796	 174	 20.00
795	 827	 202	 19.00
796	 797	 215	 23.00
796	 828	 197	 24.00
797	 798	 191	 27.00
797	 829	 203	 20.00
798	 799	 264	 26.00
798	 830	 215	 22.00
799	 831	 247	 22.00
800	 801	 270	 18.00
800	 832	 247	 17.00
801	 802	 163	 22.00
801	 833	 173	 13.00
802	 803	 186	 15.00
802	 834	 253	 26.00
803	 804	 164	 17.00
803	 835	 206	 27.00
804	 805	 242	 18.00
804	 836	 164	 14.00
805	 806	 123	 26.00
805	 837	 232	 20.00
806	 807	 185	 27.00
806	 838	 136	 18.00
807	 808	 202	 14.00
807	 839	 157	 12.00
808	 809	 179	 23.00
808	 840	 125	 26.00
809	 810	 215	 20.00
809	 841	 218	 19.00
810	 811	 181	 16.00
810	 842	 191	 22.00
811	 812	 270	 24.00
811	 843	 258	 20.00
812	 813	 159	 25.00
812	 844	 121	 27.00
813	 814	 273	 27.00
813	 845	 243	 16.00
814	 815	 279	 15.00
814	 846	 152	 22.00
815	 816	 153	 19.00
815	 847	 192	 17.00
816	 817	 274	 13.00
816	 848	 191	 25.00
817	 818	 243	 24.00
817	 849	 267	 19.00
818	 819	 270	 24.00
818	 850	 127	 18.00
819	 820	 277	 24.00
819	 851	 260	 27.00
820	 821	 123	 18.00
820	 852	 131	 18.00
821	 822	 140	 15.00
821	 853	 162	 21.00
822	 823	 143	 23.00
822	 854	 238	 23.00
823	 824	 228	 18.00
823	 855	 269	 22.00
824	 825	 196	 21.00
824	 856	 147	 26.00
825	 826	 164	 13.00
825	 857	 121	 12.00
826	 827	 207	 12.00
826	 858	 146	 24.00
827	 828	 241	 12.00
827	 859	 124	 16.00
828	 829	 228	 23.00
828	 860	 177	 13.00
829	 830	 154	 17.00
829	 861	 212	 18.00
830	 831	 128	 12.00
830	 862	 236	 19.00
831	 863	 161	 12.00
832	 833	 267	 16.00
832	 864	 258	 21.00
833	 834	 158	 18.00
833	 865	 276	 23.00
834	 835	 179	 16.00
834	 866	 183	 18.00
835	 836	 170	 23.00
835	 867	 135	 27.00
836	 837	 180	 26.00
836	 868	 277	 26.00
837	 838	 222	 24.00
837	 869	 159	 19.00
838	 839	 172	 22.00
838	 870	 254	 26.00
839	 840	 141	 21.00
839	 871	 226	 16.00
840	 841	 259	 22.00
840	 872	 148	 17.00
841	 842	 232	 14.00
841	 873	 216	 13.00
842	 843	 235	 26.00
842	 874	 238	 22.00
843	 844	 266	 25.00
843	 875	 213	 26.00
844	 845	 165	 25.00
844	 876	 235	 23.00
845	 846	 231	 18.00
845	 877	 140	 12.00
846	 847	 249	 25.00
846	 878	 174	 25.00
847	 848	 196	 20.00
847	 879	 179	 17.00
848	 849	 202	 12.00
848	 880	 202	 26.00
849	 850	 216	 24.00
849	 881	 237	 16.00
850	 851	 123	 16.00
850	 882	 185	 16.00
851	 852	 197	 13.00
851	 883	 149	 27.00
852	 853	 250	 12.00
852	 884	 180	 14.00
853	 854	 254	 24.00
853	 885	 221	 12.00
854	 855	 139	 20.00
854	 886	 195	 23.00
855	 856	 150	 21.00
855	 887	 260	 12.00
856	 857	 169	 20.00
856	 888	 149	 22.00
857	 858	 196	 19.00
857	 889	 166	 21.00
858	 859	 196	 27.00
858	 890	 181	 28.00
859	 860	 195	 27.00
859	 891	 247	 21.00
860	 861	 248	 24.00
860	 892	 202	 19.00
861	 862	 175	 28.00
861	 893	 257	 25.00
862	 863	 137	 24.00
862	 894	 236	 22.00
863	 895	 154	 23.00
864	 865	 265	 28.00
864	 896	 263	 28.00
865	 866	 278	 19.00
865	 897	 247	 27.00
866	 867	 212	 26.00
866	 898	 196	 26.00
867	 868	 240	 14.00
867	 899	 253	 25.00
868	 869	 209	 14.00
868	 900	 164	 27.00
869	 870	 167	 27.00
869	 901	 265	 28.00
870	 871	 249	 13.00
870	 902	 158	 25.00
871	 872	 237	 23.00
871	 903	 199	 18.00
872	 873	 132	 16.00
872	 904	 238	 28.00
873	 874	 188	 15.00
873	 905	 212	 13.00
874	 875	 242	 27.00
874	 906	 159	 13.00
875	 876	 143	 25.00
875	 907	 272	 14.00
876	 877	 212	 27.00
876	 908	 124	 18.00
877	 878	 193	 13.00
877	 909	 247	 20.00
878	 879	 160	 23.00
878	 910	 254	 24.00
879	 880	 245	 17.00
879	 911	 274	 23.00
880	 881	 190	 18.00
880	 912	 273	 14.00
881	 882	 134	 21.00
881	 913	 168	 13.00
882	 883	 174	 26.00
882	 914	 215	 15.00
883	 884	 191	 13.00
883	 915	 239	 12.00
884	 885	 235	 14.00
884	 916	 211	 16.00
885	 886	 187	 13.00
885	 917	 234	 20.00
886	 887	 191	 22.00
886	 918	 266	 18.00
887	 888	 228	 12.00
887	 919	 279	 22.00
888	 889	 162	 24.00
888	 920	 182	 28.00
889	 890	 144	 16.00
889	 921	 264	 14.00
890	 891	 153	 16.00
890	 922	 233	 26.00
891	 892	 194	 19.00
891	 923	 218	 21.00
892	 893	 171	 18.00
892	 924	 139	 28.00
893	 894	 232	 26.00
893	 925	 179	 17.00
894	 895	 272	 20.00
894	 926	 230	 28.00
895	 927	 265	 21.00
896	 897	 197	 26.00
896	 928	 247	 14.00
897	 898	 158	 17.00
897	 929	 265	 14.00
898	 899	 248	 17.00
898	 930	 135	 22.00
899	 900	 269	 25.00
899	 931	 247	 18.00
900	 901	 275	 19.00
900	 932	 277	 24.00
901	 902	 154	 22.00
901	 933	 254	 16.00
902	 903	 274	 19.00
902	 934	 226	 25.00
903	 904	 226	 18.00
903	 935	 279	 16.00
904	 905	 164	 21.00
904	 936	 218	 28.00
905	 906	 166	 16.00
905	 937	 168	 20.00
906	 907	 280	 12.00
906	 938	 212	 19.00
907	 908	 261	 12.00
907	 939	 202	 21.00
908	 909	 219	 16.00
908	 940	 231	 13.00
909	 910	 207	 17.00
909	 941	 133	 22.00
910	 911	 141	 26.00
910	 942	 173	 26.00
911	 912	 207	 27.00
911	 943	 228	 14.00
912	 913	 159	 18.00
912	 944	 218	 24.00
913	 914	 146	 14.00
913	 945	 168	 19.00
914	 915	 254	 18.00
914	 946	 219	 20.00
915	 916	 174	 22.00
915	 947	 261	 28.00
916	 917	 185	 18.00
916	 948	 254	 20.00
917	 918	 131	 16.00
917	 949	 166	 25.00
918	 919	 126	 15.00
918	 950	 140	 28.00
919	 920	 247	 14.00
919	 951	 152	 28.00
920	 921	 159	 14.00
920	 952	 212	 23.00
921	 922	 229	 24.00
921	 953	 128	 19.00
922	 923	 160	 26.00
922	 954	 127	 13.00
923	 924	 268	 15.00
923	 955	 153	 22.00
924	 925	 233	 19.00
924	 956	 216	 22.00
925	 926	 277	 13.00
925	 957	 253	 17.00
926	 927	 254	 12.00
926	 958	 202	 20.00
927	 959	 129	 18.00
928	 929	 198	 14.00
928	 960	 134	 14.00
929	 930	 234	 16.00
929	 961	 176	 19.00
930	 931	 251	 24.00
930	 962	 217	 24.00
931	 932	 124	 26.00
931	 963	 188	 25.00
932	 933	 197	 16.00
932	 964	 166	 18.00
933	 934	 132	 16.00
933	 965	 149	 15.00
934	 935	 164	 17.00
934	 966	 141	 20.00
935	 936	 178	 19.00
935	 967	 167	 16.00
936	 937	 204	 16.00
936	 968	 207	 16.00
937	 938	 192	 27.00
937	 969	 203	 13.00
938	 939	 185	 13.00
938	 970	 247	 21.00
939	 940	 136	 12.00
939	 971	 256	 14.00
940	 941	 239	 25.00
940	 972	 198	 21.00
941	 942	 235	 13.00
941	 973	 253	 15.00
942	 943	 246	 26.00
942	 974	 204	 26.00
943	 944	 259	 28.00
943	 975	 222	 24.00
944	 945	 193	 28.00
944	 976	 274	 18.00
945	 946	 152	 13.00
945	 977	 228	 16.00
946	 947	 165	 18.00
946	 978	 216	 23.00
947	 948	 136	 21.00
947	 979	 195	 18.00
948	 949	 143	 24.00
948	 980	 213	 26.00
949	 950	 162	 23.00
949	 981	 253	 14.00
950	 951	 215	 25.00
950	 982	 222	 25.00
951	 952	 222	 20.00
951	 983	 279	 13.00
952	 953	 195	 25.00
952	 984	 129	 19.00
953	 954	 223	 20.00
953	 985	 214	 26.00
954	 955	 123	 17.00
954	 986	 185	 23.00
955	 956	 260	 28.00
955	 987	 175	 17.00
956	 957	 120	 19.00
956	 988	 170	 16.00
957	 958	 271	 12.00
957	 989	 168	 25.00
958	 959	 136	 28.00
958	 990	 122	 14.00
959	 991	 210	 13.00
960	 961	 192	 25.00
960	 992	 267	 15.00
961	 962	 220	 27.00
961	 993	 265	 27.00
962	 963	 155	 19.00
962	 994	 250	 16.00
963	 964	 207	 13.00
963	 995	 191	 13.00
964	 965	 142	 25.00
964	 996	 226	 24.00
965	 966	 190	 18.00
965	 997	 147	 12.00
966	 967	 214	 15.00
966	 998	 163	 16.00
967	 968	 160	 16.00
967	 999	 269	 19.00
968	 969	 261	 16.00
968	 1000	 155	 12.00
969	 970	 267	 26.00
969	 1001	 267	 27.00
970	 971	 178	 14.00
970	 1002	 187	 22.00
971	 972	 242	 22.00
971	 1003	 170	 14.00
972	 973	 257	 23.00
972	 1004	 151	 24.00
973	 974	 152	 14.00
973	 1005	 188	 22.00
974	 975	 249	 15.00
974	 1006	 147	 16.00
975	 976	 253	 12.00
975	 1007	 270	 18.00
976	 977	 257	 13.00
976	 1008	 276	 15.00
977	 978	 220	 18.00
977	 1009	 193	 21.00
978	 979	 185	 21.00
978	 1010	 156	 12.00
979	 980	 185	 26.00
979	 1011	 252	 21.00
980	 981	 155	 25.00
980	 1012	 220	 24.00
981	 982	 255	 24.00
981	 1013	 255	 19.00
982	 983	 246	 20.00
982	 1014	 128	 14.00
983	 984	 255	 17.00
983	 1015	 126	 22.00
984	 985	 236	 14.00
984	 1016	 173	 25.00
985	 986	 121	 14.00
985	 1017	 152	 27.00
986	 987	 211	 27.00
986	 1018	 160	 19.00
987	 988	 233	 20.00
987	 1019	 226	 25.00
988	 989	 144	 14.00
988	 1020	 154	 22.00
989	 990	 123	 17.00
989	 1021	 131	 24.00
990	 991	 208	 13.00
990	 1022	 225	 18.00
991	 1023	 246	 24.00
992	 993	 216	 24.00
993	 994	 124	 15.00
994	 995	 124	 21.00
995	 996	 235	 24.00
996	 997	 230	 25.00
997	 998	 169	 19.00
998	 999	 215	 24.00
999	 1000	 189	 18.00
1000	 1001	 254	 13.00
1001	 1002	 250	 23.00
1002	 1003	 166	 21.00
1003	 1004	 195	 22.00
1004	 1005	 127	 23.00
1005	 1006	 271	 23.00
1006	 1007	 190	 12.00
1007	 1008	 223	 14.00
1008	 1009	 265	 25.00
1009	 1010	 129	 25.00
1010	 1011	 278	 19.00
1011	 1012	 193	 12.00
1012	 1013	 160	 12.00
1013	 1014	 163	 27.00
1014	 1015	 194	 22.00
1015	 1016	 170	 16.00
1016	 1017	 165	 25.00
1017	 1018	 222	 13.00
1018	 1019	 245	 24.00
1019	 1020	 173	 17.00
1020	 1021	 133	 16.00
1021	 1022	 194	 18.00
1022	 1023	 188	 27.00
