1024	1984	20	0.05

-22	 0	 0
77	 2	 0
224	 15	 0
279	 8	 0
438	 30	 0
520	 -40	 10
596	 -27	 10
688	 -9	 10
766	 6	 10
904	 13	 10
962	 -3	 10
1082	 -5	 8
1178	 11	 8
1319	 -3	 8
1435	 -16	 8
1483	 1	 7
1636	 0	 7
1703	 28	 7
1840	 -38	 7
1906	 -43	 7
1988	 -5	 7
2140	 12	 3
2235	 33	 3
2278	 -5	 3
2400	 -3	 3
2472	 -41	 3
2619	 2	 3
2668	 -1	 3
2845	 -8	 3
2918	 2	 3
3007	 -6	 3
3106	 -39	 3
-6	 108	 0
94	 103	 0
195	 89	 0
272	 90	 0
389	 114	 0
497	 112	 0
614	 121	 10
682	 98	 10
819	 120	 10
888	 118	 10
1022	 106	 8
1129	 110	 8
1191	 121	 8
1255	 80	 8
1397	 134	 7
1498	 101	 7
1628	 76	 7
1712	 78	 7
1800	 117	 7
1882	 124	 7
1987	 73	 3
2078	 116	 3
2230	 105	 3
2340	 68	 3
2402	 105	 3
2499	 78	 3
2595	 126	 3
2658	 138	 3
2791	 83	 3
2934	 108	 3
3018	 121	 3
3115	 145	 3
-32	 226	 0
116	 193	 0
189	 219	 0
337	 172	 0
420	 184	 0
518	 169	 0
601	 179	 10
723	 173	 10
795	 230	 10
887	 214	 8
1025	 195	 8
1139	 201	 8
1200	 191	 8
1315	 231	 8
1376	 160	 7
1537	 196	 7
1609	 231	 7
1750	 165	 7
1765	 166	 7
1857	 190	 3
2026	 198	 3
2077	 199	 3
2240	 222	 3
2261	 207	 3
2392	 196	 3
2530	 189	 3
2606	 199	 3
2693	 197	 3
2841	 193	 3
2879	 177	 3
2979	 235	 3
3079	 161	 3
-36	 304	 0
100	 327	 0
212	 296	 0
331	 326	 0
408	 299	 0
500	 278	 0
584	 279	 0
727	 316	 10
784	 297	 10
904	 286	 8
981	 326	 8
1066	 287	 8
1199	 298	 8
1285	 262	 8
1420	 300	 7
1491	 299	 7
1583	 318	 7
1692	 302	 7
1814	 298	 7
1863	 307	 7
1986	 275	 3
2101	 317	 3
2247	 304	 3
2303	 300	 3
2380	 298	 3
2496	 327	 3
2602	 258	 3
2710	 309	 3
2821	 289	 3
2896	 299	 3
3005	 282	 3
3109	 275	 3
-12	 368	 0
92	 392	 0
216	 374	 0
294	 401	 0
374	 364	 0
498	 393	 10
600	 387	 10
730	 418	 10
793	 378	 10
889	 434	 10
991	 424	 8
1120	 403	 8
1227	 366	 8
1324	 382	 8
1410	 416	 8
1506	 369	 7
1615	 373	 7
1693	 406	 7
1839	 388	 7
1867	 379	 7
2014	 386	 3
2121	 402	 3
2187	 414	 3
2305	 364	 3
2391	 409	 3
2511	 384	 3
2603	 432	 4
2665	 406	 4
2816	 406	 3
2899	 447	 3
2993	 396	 3
3063	 403	 3
-20	 512	 0
113	 473	 0
198	 482	 0
293	 518	 0
385	 502	 10
469	 516	 10
631	 515	 10
731	 480	 10
806	 526	 10
870	 501	 10
992	 490	 8
1090	 523	 8
1194	 520	 8
1305	 497	 8
1429	 497	 8
1524	 506	 8
1593	 474	 7
1705	 486	 7
1803	 530	 7
1888	 513	 7
2009	 491	 15
2136	 505	 15
2201	 527	 15
2302	 464	 3
2425	 505	 3
2527	 500	 4
2577	 452	 4
2710	 494	 4
2802	 516	 3
2944	 505	 3
2967	 517	 3
3093	 506	 4
-21	 622	 12
102	 610	 0
209	 620	 12
304	 647	 12
409	 586	 10
507	 620	 10
574	 560	 10
697	 604	 10
806	 612	 10
891	 615	 10
975	 608	 8
1092	 590	 8
1192	 590	 8
1308	 550	 8
1386	 613	 8
1495	 621	 15
1646	 611	 7
1704	 617	 15
1790	 576	 7
1899	 587	 15
2020	 595	 15
2075	 577	 15
2238	 570	 15
2340	 591	 3
2402	 597	 3
2520	 645	 4
2626	 635	 4
2698	 586	 4
2836	 596	 4
2881	 634	 4
3003	 598	 4
3099	 556	 4
-42	 703	 12
101	 713	 12
174	 702	 12
325	 697	 12
421	 702	 12
500	 678	 10
617	 698	 10
720	 717	 10
828	 710	 14
878	 696	 14
1006	 699	 14
1096	 705	 14
1238	 730	 8
1305	 680	 8
1380	 688	 15
1522	 721	 15
1611	 689	 15
1696	 697	 15
1788	 718	 15
1892	 707	 15
2017	 711	 15
2148	 714	 15
2189	 701	 15
2316	 698	 15
2379	 708	 15
2463	 690	 4
2603	 689	 4
2685	 703	 4
2817	 682	 4
2887	 713	 4
3026	 702	 4
3097	 728	 4
-4	 843	 12
83	 811	 12
172	 787	 12
324	 803	 12
417	 791	 12
498	 820	 12
607	 815	 12
690	 820	 14
819	 793	 14
907	 798	 14
996	 836	 14
1091	 806	 14
1210	 803	 8
1316	 776	 8
1419	 793	 15
1494	 794	 15
1605	 785	 15
1700	 808	 15
1805	 804	 15
1899	 779	 15
2033	 768	 15
2086	 841	 15
2212	 831	 15
2283	 787	 15
2401	 807	 15
2536	 813	 4
2587	 834	 4
2709	 816	 4
2813	 795	 4
2882	 786	 4
3004	 785	 4
3090	 805	 4
23	 875	 12
61	 912	 12
214	 935	 12
296	 884	 12
411	 913	 12
506	 923	 12
577	 917	 13
701	 875	 14
821	 892	 14
899	 877	 14
1012	 904	 14
1102	 871	 14
1230	 908	 14
1273	 881	 8
1395	 889	 15
1542	 930	 15
1599	 892	 15
1707	 905	 15
1787	 854	 15
1893	 924	 15
1967	 867	 15
2106	 895	 15
2231	 864	 15
2279	 891	 15
2420	 851	 15
2509	 908	 15
2602	 871	 4
2718	 912	 4
2807	 915	 4
2902	 886	 4
3050	 877	 4
3089	 891	 4
-11	 1034	 12
75	 1005	 12
210	 1039	 12
343	 1005	 12
427	 987	 12
496	 964	 12
617	 1006	 13
686	 990	 13
807	 963	 14
872	 992	 14
998	 978	 14
1111	 1013	 14
1215	 995	 14
1294	 995	 14
1386	 990	 15
1507	 1011	 15
1634	 986	 15
1718	 1012	 15
1796	 1033	 15
1903	 984	 15
1953	 1030	 15
2087	 1020	 17
2227	 999	 15
2319	 981	 15
2428	 1014	 15
2481	 1005	 5
2615	 993	 5
2701	 958	 4
2838	 1013	 4
2894	 993	 4
2996	 980	 4
3113	 992	 5
5	 1072	 12
99	 1116	 12
195	 1058	 12
313	 1106	 12
442	 1126	 13
487	 1119	 13
594	 1115	 13
678	 1081	 14
825	 1086	 14
918	 1118	 14
985	 1088	 14
1097	 1117	 14
1190	 1124	 14
1281	 1093	 16
1398	 1125	 16
1454	 1083	 15
1582	 1062	 15
1717	 1139	 15
1832	 1107	 15
1862	 1135	 15
1964	 1095	 17
2118	 1110	 17
2238	 1091	 15
2283	 1100	 15
2402	 1071	 5
2477	 1118	 5
2603	 1125	 5
2725	 1121	 5
2814	 1103	 5
2899	 1088	 5
3025	 1139	 5
3106	 1095	 5
20	 1222	 13
88	 1228	 12
213	 1230	 12
292	 1165	 13
396	 1170	 13
458	 1197	 13
607	 1226	 13
657	 1206	 13
800	 1177	 13
919	 1235	 14
1024	 1197	 14
1125	 1172	 14
1179	 1182	 14
1291	 1186	 16
1380	 1212	 16
1465	 1215	 16
1578	 1197	 17
1687	 1208	 15
1790	 1187	 15
1889	 1199	 17
2044	 1157	 17
2108	 1185	 17
2207	 1224	 17
2274	 1202	 15
2409	 1200	 5
2524	 1191	 5
2624	 1224	 5
2685	 1172	 5
2775	 1234	 5
2899	 1166	 5
3001	 1230	 5
3079	 1190	 5
-27	 1341	 13
113	 1331	 13
244	 1284	 13
316	 1315	 13
401	 1329	 13
501	 1262	 13
611	 1282	 13
711	 1295	 13
840	 1265	 13
889	 1315	 14
971	 1280	 14
1089	 1315	 14
1234	 1303	 14
1275	 1259	 14
1379	 1301	 16
1468	 1305	 16
1562	 1313	 17
1691	 1265	 17
1794	 1321	 17
1897	 1311	 17
2008	 1307	 17
2069	 1304	 17
2198	 1295	 17
2306	 1286	 15
2395	 1331	 15
2504	 1305	 5
2633	 1287	 5
2682	 1318	 5
2811	 1323	 5
2914	 1313	 5
2993	 1333	 5
3082	 1307	 5
-1	 1421	 13
105	 1437	 13
199	 1395	 13
272	 1424	 13
426	 1419	 13
493	 1438	 13
573	 1444	 13
708	 1407	 13
829	 1440	 14
928	 1380	 14
973	 1390	 14
1104	 1395	 14
1187	 1412	 14
1296	 1384	 14
1443	 1403	 16
1476	 1396	 16
1611	 1393	 17
1719	 1416	 17
1807	 1379	 17
1898	 1441	 17
2000	 1441	 17
2125	 1418	 17
2206	 1433	 17
2319	 1431	 17
2388	 1403	 17
2474	 1404	 5
2638	 1373	 5
2696	 1393	 5
2765	 1388	 5
2866	 1433	 5
2973	 1432	 5
3124	 1399	 5
29	 1518	 13
86	 1454	 13
248	 1472	 13
318	 1481	 13
430	 1491	 13
528	 1508	 13
599	 1506	 13
738	 1494	 13
821	 1495	 14
879	 1516	 14
1032	 1479	 14
1103	 1546	 14
1177	 1520	 14
1308	 1465	 14
1443	 1506	 14
1475	 1505	 16
1597	 1456	 17
1689	 1458	 17
1790	 1489	 17
1912	 1453	 17
1993	 1501	 17
2102	 1539	 17
2246	 1508	 17
2280	 1531	 17
2428	 1477	 17
2493	 1472	 17
2575	 1509	 17
2676	 1494	 5
2846	 1499	 5
2923	 1539	 5
3033	 1496	 5
3113	 1511	 5
21	 1564	 13
103	 1620	 13
236	 1614	 13
321	 1608	 13
409	 1579	 13
510	 1614	 13
579	 1618	 13
703	 1569	 13
834	 1605	 14
906	 1594	 14
968	 1586	 14
1090	 1604	 14
1188	 1602	 14
1331	 1561	 14
1394	 1607	 14
1508	 1614	 16
1597	 1599	 16
1722	 1630	 16
1784	 1586	 16
1940	 1601	 17
1995	 1615	 17
2126	 1628	 17
2226	 1567	 17
2294	 1598	 17
2421	 1596	 17
2493	 1611	 17
2576	 1592	 17
2685	 1594	 5
2784	 1601	 5
2905	 1600	 5
2975	 1576	 5
3103	 1580	 5
10	 1670	 13
86	 1662	 13
203	 1705	 13
297	 1693	 13
391	 1734	 13
484	 1658	 13
617	 1683	 13
703	 1684	 11
797	 1705	 11
862	 1702	 11
986	 1676	 14
1106	 1686	 14
1227	 1679	 14
1316	 1707	 14
1397	 1672	 14
1501	 1723	 16
1554	 1698	 16
1725	 1675	 16
1784	 1714	 16
1901	 1734	 16
1995	 1728	 17
2128	 1694	 17
2221	 1688	 17
2277	 1731	 17
2425	 1701	 17
2513	 1688	 17
2624	 1743	 5
2688	 1702	 5
2808	 1738	 5
2888	 1686	 5
3000	 1721	 5
3101	 1664	 5
-36	 1800	 13
72	 1766	 13
208	 1834	 13
288	 1778	 13
397	 1825	 13
496	 1800	 13
573	 1810	 13
699	 1820	 11
822	 1821	 11
913	 1807	 11
984	 1844	 11
1092	 1781	 14
1199	 1795	 14
1300	 1831	 9
1358	 1764	 9
1505	 1795	 16
1590	 1791	 16
1703	 1798	 16
1827	 1830	 16
1887	 1799	 16
2030	 1810	 17
2098	 1793	 17
2224	 1816	 17
2299	 1808	 17
2424	 1797	 17
2492	 1839	 17
2599	 1831	 5
2713	 1829	 5
2803	 1808	 5
2915	 1781	 5
3003	 1840	 5
3103	 1797	 5
24	 1890	 13
80	 1863	 13
204	 1920	 13
314	 1912	 13
383	 1894	 13
520	 1945	 11
611	 1909	 11
748	 1865	 11
787	 1872	 11
915	 1871	 11
982	 1926	 9
1056	 1912	 9
1181	 1938	 9
1309	 1896	 9
1373	 1897	 9
1496	 1904	 16
1627	 1911	 16
1699	 1921	 16
1826	 1889	 16
1913	 1884	 16
1996	 1886	 16
2103	 1899	 17
2234	 1918	 19
2329	 1877	 17
2399	 1870	 17
2496	 1912	 17
2565	 1933	 5
2712	 1898	 5
2779	 1917	 5
2900	 1870	 5
3045	 1868	 5
3114	 1911	 5
29	 2032	 1
107	 2026	 1
174	 1987	 1
306	 2009	 1
403	 1997	 11
505	 1974	 11
614	 1994	 11
731	 1966	 11
782	 2009	 11
887	 2009	 11
975	 2019	 11
1080	 1991	 9
1195	 1999	 9
1303	 1970	 18
1430	 1983	 16
1481	 1983	 16
1600	 2030	 16
1701	 1982	 16
1806	 2027	 16
1904	 1990	 16
1966	 2017	 19
2105	 1995	 19
2230	 1995	 19
2294	 1996	 19
2403	 2009	 19
2521	 1977	 17
2579	 2004	 17
2713	 1995	 5
2844	 2011	 2
2927	 2018	 5
2996	 2023	 2
3109	 2014	 5
-11	 2103	 1
110	 2100	 1
193	 2093	 1
281	 2092	 1
400	 2080	 1
523	 2074	 11
626	 2094	 11
722	 2091	 11
785	 2100	 11
887	 2103	 11
1020	 2087	 11
1085	 2108	 9
1220	 2097	 9
1301	 2113	 18
1379	 2089	 18
1515	 2087	 16
1609	 2080	 16
1712	 2120	 16
1825	 2083	 16
1921	 2100	 19
1995	 2112	 19
2125	 2110	 19
2175	 2071	 19
2266	 2120	 19
2399	 2091	 19
2521	 2095	 19
2584	 2076	 17
2695	 2071	 2
2828	 2052	 2
2911	 2101	 2
2976	 2112	 2
3078	 2103	 2
-41	 2200	 1
88	 2198	 1
155	 2189	 1
278	 2195	 1
410	 2152	 1
506	 2170	 1
618	 2187	 11
702	 2214	 11
812	 2163	 11
944	 2183	 11
1018	 2168	 11
1102	 2220	 9
1201	 2168	 18
1291	 2216	 18
1418	 2195	 18
1490	 2157	 18
1596	 2194	 18
1682	 2198	 18
1799	 2180	 18
1885	 2184	 18
1983	 2204	 19
2120	 2186	 19
2192	 2198	 19
2312	 2218	 19
2370	 2223	 19
2497	 2207	 19
2617	 2161	 2
2695	 2207	 2
2811	 2182	 2
2901	 2188	 2
3007	 2162	 2
3087	 2181	 2
-14	 2308	 1
109	 2299	 1
201	 2289	 1
326	 2299	 1
443	 2317	 1
517	 2285	 1
633	 2321	 1
693	 2281	 11
822	 2302	 11
863	 2308	 11
1044	 2336	 9
1140	 2332	 9
1188	 2274	 18
1297	 2299	 18
1420	 2283	 18
1525	 2285	 18
1580	 2320	 18
1710	 2261	 18
1833	 2340	 18
1892	 2290	 18
2004	 2286	 19
2086	 2295	 19
2184	 2300	 19
2295	 2332	 19
2409	 2307	 19
2474	 2284	 19
2579	 2344	 2
2703	 2311	 2
2799	 2273	 2
2853	 2334	 2
2981	 2311	 2
3093	 2315	 2
9	 2393	 1
115	 2401	 1
175	 2358	 1
271	 2407	 1
418	 2378	 1
471	 2400	 1
586	 2408	 11
718	 2400	 11
772	 2423	 11
900	 2429	 11
1003	 2442	 9
1145	 2395	 9
1222	 2373	 18
1283	 2354	 18
1377	 2411	 18
1478	 2407	 18
1628	 2376	 18
1728	 2407	 18
1776	 2358	 18
1858	 2399	 18
1984	 2413	 19
2059	 2396	 19
2163	 2379	 19
2297	 2377	 19
2426	 2412	 19
2511	 2363	 19
2606	 2399	 2
2702	 2433	 2
2802	 2398	 2
2913	 2409	 2
2980	 2380	 2
3123	 2400	 2
-11	 2519	 1
122	 2491	 1
178	 2486	 1
306	 2501	 1
412	 2503	 11
526	 2467	 11
596	 2499	 11
722	 2504	 11
823	 2504	 11
903	 2505	 11
1014	 2471	 9
1131	 2469	 9
1193	 2490	 9
1314	 2502	 9
1384	 2522	 18
1492	 2504	 18
1628	 2466	 18
1713	 2518	 18
1824	 2514	 6
1909	 2522	 18
1952	 2509	 18
2117	 2510	 19
2188	 2515	 19
2270	 2516	 6
2424	 2519	 19
2488	 2480	 19
2636	 2505	 2
2675	 2543	 2
2837	 2502	 2
2873	 2544	 2
2993	 2469	 2
3100	 2494	 2
5	 2575	 1
95	 2590	 1
223	 2601	 1
272	 2606	 1
407	 2613	 11
481	 2616	 11
603	 2591	 11
710	 2610	 11
804	 2630	 11
930	 2564	 11
1033	 2632	 9
1091	 2617	 9
1201	 2583	 9
1256	 2600	 9
1378	 2605	 9
1537	 2620	 6
1572	 2605	 18
1692	 2596	 6
1759	 2590	 6
1897	 2621	 6
2044	 2613	 18
2082	 2626	 18
2232	 2608	 6
2320	 2599	 6
2383	 2571	 6
2474	 2620	 6
2633	 2615	 2
2703	 2561	 2
2818	 2581	 2
2912	 2578	 2
3007	 2603	 2
3139	 2575	 2
26	 2703	 1
108	 2708	 1
206	 2723	 1
317	 2664	 1
421	 2674	 1
495	 2713	 11
567	 2680	 11
725	 2696	 11
812	 2709	 11
912	 2708	 9
995	 2707	 9
1082	 2741	 9
1173	 2661	 9
1300	 2728	 9
1386	 2675	 9
1543	 2705	 6
1578	 2742	 6
1706	 2670	 6
1764	 2693	 6
1929	 2706	 6
2010	 2712	 6
2144	 2733	 6
2215	 2709	 6
2287	 2682	 6
2381	 2681	 6
2509	 2689	 6
2599	 2698	 2
2706	 2691	 2
2801	 2733	 2
2901	 2713	 2
2984	 2678	 2
3088	 2729	 2
9	 2819	 1
86	 2756	 1
174	 2828	 1
295	 2788	 1
443	 2832	 1
490	 2767	 1
574	 2774	 1
672	 2801	 11
790	 2793	 11
927	 2821	 9
1038	 2815	 9
1096	 2760	 9
1188	 2781	 9
1296	 2829	 9
1404	 2814	 9
1480	 2782	 6
1626	 2809	 6
1724	 2803	 6
1769	 2803	 6
1890	 2819	 6
2017	 2820	 6
2098	 2797	 6
2221	 2774	 6
2320	 2789	 6
2417	 2792	 6
2484	 2829	 6
2572	 2774	 2
2685	 2819	 2
2808	 2816	 2
2863	 2823	 2
2993	 2776	 2
3085	 2803	 2
39	 2947	 1
64	 2908	 1
193	 2910	 1
309	 2910	 1
413	 2895	 1
467	 2880	 1
616	 2912	 1
719	 2888	 11
801	 2912	 11
891	 2891	 9
1009	 2915	 9
1065	 2876	 9
1220	 2948	 9
1297	 2864	 9
1416	 2933	 6
1529	 2925	 6
1618	 2891	 6
1664	 2905	 6
1839	 2882	 6
1921	 2893	 6
2003	 2858	 6
2095	 2865	 6
2234	 2889	 6
2296	 2909	 6
2368	 2903	 6
2497	 2903	 6
2624	 2873	 2
2736	 2906	 2
2835	 2883	 2
2924	 2905	 2
2993	 2919	 2
3114	 2927	 2
-18	 2964	 1
69	 2981	 1
193	 3005	 1
342	 2978	 1
375	 3001	 1
462	 3035	 1
619	 2971	 11
717	 3020	 11
789	 3005	 11
905	 2987	 9
984	 3005	 9
1129	 3000	 9
1189	 3000	 9
1298	 2994	 9
1404	 3018	 6
1484	 2999	 6
1624	 3034	 6
1707	 2991	 6
1791	 3035	 6
1916	 2975	 6
2025	 2996	 6
2086	 2954	 6
2191	 3040	 6
2269	 2964	 6
2445	 2999	 6
2509	 3023	 2
2599	 3020	 2
2683	 3029	 2
2793	 3009	 2
2893	 2960	 2
3005	 2989	 2
3111	 3025	 2
2	 3129	 1
143	 3096	 1
235	 3096	 1
275	 3101	 1
424	 3099	 1
512	 3104	 1
579	 3082	 11
709	 3117	 11
825	 3081	 11
947	 3118	 11
957	 3106	 11
1078	 3061	 9
1176	 3080	 9
1289	 3101	 9
1391	 3109	 9
1534	 3110	 6
1571	 3109	 6
1749	 3104	 6
1775	 3071	 6
1871	 3095	 6
2008	 3112	 6
2102	 3105	 6
2177	 3098	 6
2294	 3064	 6
2418	 3116	 6
2507	 3087	 6
2576	 3105	 6
2723	 3098	 2
2759	 3096	 2
2906	 3127	 2
3018	 3123	 2
3103	 3111	 2

0	 1	 232	 21.00
0	 32	 123	 21.00
1	 2	 180	 12.00
1	 33	 210	 17.00
2	 3	 205	 24.00
2	 34	 249	 14.00
3	 4	 277	 16.00
3	 35	 250	 18.00
4	 5	 204	 22.00
4	 36	 214	 15.00
5	 6	 125	 24.00
5	 37	 171	 16.00
6	 7	 192	 23.00
6	 38	 231	 12.00
7	 8	 180	 14.00
7	 39	 184	 27.00
8	 9	 215	 20.00
8	 40	 238	 14.00
9	 10	 232	 16.00
9	 41	 169	 15.00
10	 11	 129	 12.00
10	 42	 139	 18.00
11	 12	 275	 13.00
11	 43	 175	 24.00
12	 13	 238	 24.00
12	 44	 245	 14.00
13	 14	 141	 24.00
13	 45	 272	 27.00
14	 15	 253	 15.00
14	 46	 210	 15.00
15	 16	 168	 17.00
15	 47	 130	 26.00
16	 17	 143	 20.00
16	 48	 243	 16.00
17	 18	 177	 20.00
17	 49	 160	 27.00
18	 19	 224	 26.00
18	 50	 133	 28.00
19	 20	 145	 12.00
19	 51	 255	 23.00
20	 21	 124	 25.00
20	 52	 250	 14.00
21	 22	 254	 14.00
21	 53	 200	 16.00
22	 23	 210	 17.00
22	 54	 232	 16.00
23	 24	 261	 24.00
23	 55	 148	 27.00
24	 25	 234	 23.00
24	 56	 146	 26.00
25	 26	 201	 18.00
25	 57	 203	 19.00
26	 27	 249	 20.00
26	 58	 261	 18.00
27	 28	 197	 26.00
27	 59	 254	 19.00
28	 29	 274	 16.00
28	 60	 188	 16.00
29	 30	 250	 17.00
29	 61	 241	 21.00
30	 31	 223	 18.00
30	 62	 166	 18.00
31	 63	 187	 19.00
32	 33	 136	 17.00
32	 64	 206	 22.00
33	 34	 245	 28.00
33	 65	 275	 23.00
34	 35	 197	 20.00
34	 66	 198	 17.00
35	 36	 203	 16.00
35	 67	 151	 28.00
36	 37	 271	 19.00
36	 68	 129	 19.00
37	 38	 227	 19.00
37	 69	 123	 14.00
38	 39	 123	 27.00
38	 70	 208	 15.00
39	 40	 241	 13.00
39	 71	 126	 19.00
40	 41	 241	 24.00
40	 72	 273	 22.00
41	 42	 187	 22.00
41	 73	 169	 14.00
42	 43	 279	 18.00
42	 74	 145	 15.00
43	 44	 273	 21.00
43	 75	 232	 18.00
44	 45	 271	 14.00
44	 76	 257	 27.00
45	 46	 279	 14.00
45	 77	 152	 21.00
46	 47	 173	 12.00
46	 78	 243	 25.00
47	 48	 196	 17.00
47	 79	 204	 18.00
48	 49	 155	 23.00
48	 80	 231	 16.00
49	 50	 228	 13.00
49	 81	 254	 25.00
50	 51	 140	 22.00
50	 82	 241	 13.00
51	 52	 268	 15.00
51	 83	 155	 12.00
52	 53	 147	 19.00
52	 84	 177	 12.00
53	 54	 231	 22.00
53	 85	 240	 22.00
54	 55	 235	 14.00
54	 86	 227	 20.00
55	 56	 225	 27.00
55	 87	 189	 16.00
56	 57	 139	 21.00
56	 88	 200	 28.00
57	 58	 122	 15.00
57	 89	 135	 16.00
58	 59	 194	 28.00
58	 90	 237	 19.00
59	 60	 135	 27.00
59	 91	 136	 18.00
60	 61	 141	 15.00
60	 92	 211	 20.00
61	 62	 188	 14.00
61	 93	 250	 24.00
62	 63	 260	 18.00
62	 94	 233	 27.00
63	 95	 172	 22.00
64	 65	 207	 27.00
64	 96	 248	 18.00
65	 66	 216	 28.00
65	 97	 248	 13.00
66	 67	 173	 17.00
66	 98	 241	 24.00
67	 68	 278	 25.00
67	 99	 185	 14.00
68	 69	 129	 14.00
68	 100	 262	 12.00
69	 70	 270	 26.00
69	 101	 236	 18.00
70	 71	 249	 15.00
70	 102	 133	 27.00
71	 72	 248	 20.00
71	 103	 271	 16.00
72	 73	 256	 28.00
72	 104	 215	 17.00
73	 74	 240	 24.00
73	 105	 155	 28.00
74	 75	 222	 22.00
74	 106	 185	 19.00
75	 76	 269	 15.00
75	 107	 244	 17.00
76	 77	 193	 17.00
76	 108	 140	 23.00
77	 78	 187	 15.00
77	 109	 189	 19.00
78	 79	 254	 28.00
78	 110	 165	 22.00
79	 80	 173	 19.00
79	 111	 239	 26.00
80	 81	 220	 16.00
80	 112	 202	 23.00
81	 82	 216	 12.00
81	 113	 168	 17.00
82	 83	 229	 27.00
82	 114	 169	 16.00
83	 84	 272	 17.00
83	 115	 171	 24.00
84	 85	 266	 15.00
84	 116	 144	 21.00
85	 86	 194	 25.00
85	 117	 166	 15.00
86	 87	 164	 26.00
86	 118	 272	 21.00
87	 88	 150	 25.00
87	 119	 177	 28.00
88	 89	 175	 12.00
88	 120	 144	 21.00
89	 90	 259	 12.00
89	 121	 122	 14.00
90	 91	 193	 23.00
90	 122	 211	 15.00
91	 92	 262	 17.00
91	 123	 230	 24.00
92	 93	 237	 27.00
92	 124	 258	 17.00
93	 94	 205	 18.00
93	 125	 267	 24.00
94	 95	 160	 20.00
94	 126	 239	 18.00
95	 127	 236	 17.00
96	 97	 173	 21.00
96	 128	 157	 25.00
97	 98	 156	 13.00
97	 129	 155	 21.00
98	 99	 212	 16.00
98	 130	 234	 15.00
99	 100	 175	 15.00
99	 131	 139	 26.00
100	 101	 244	 18.00
100	 132	 131	 25.00
101	 102	 247	 16.00
101	 133	 275	 24.00
102	 103	 242	 26.00
102	 134	 207	 25.00
103	 104	 259	 13.00
103	 135	 243	 16.00
104	 105	 201	 22.00
104	 136	 160	 25.00
105	 106	 128	 15.00
105	 137	 247	 17.00
106	 107	 228	 13.00
106	 138	 180	 19.00
107	 108	 271	 21.00
107	 139	 196	 16.00
108	 109	 254	 18.00
108	 140	 231	 13.00
109	 110	 126	 25.00
109	 141	 157	 23.00
110	 111	 138	 26.00
110	 142	 160	 18.00
111	 112	 146	 22.00
111	 143	 146	 18.00
112	 113	 208	 26.00
112	 144	 128	 22.00
113	 114	 132	 18.00
113	 145	 238	 17.00
114	 115	 160	 25.00
114	 146	 138	 17.00
115	 116	 239	 22.00
115	 147	 165	 17.00
116	 117	 130	 16.00
116	 148	 231	 24.00
117	 118	 184	 22.00
117	 149	 231	 13.00
118	 119	 143	 18.00
118	 150	 147	 25.00
119	 120	 219	 25.00
119	 151	 240	 28.00
120	 121	 216	 13.00
120	 152	 133	 15.00
121	 122	 174	 26.00
121	 153	 145	 16.00
122	 123	 225	 12.00
122	 154	 260	 19.00
123	 124	 162	 20.00
123	 155	 254	 26.00
124	 125	 191	 26.00
124	 156	 253	 12.00
125	 126	 143	 19.00
125	 157	 225	 19.00
126	 127	 268	 13.00
126	 158	 175	 27.00
127	 159	 162	 18.00
128	 129	 163	 19.00
128	 160	 127	 27.00
129	 130	 198	 23.00
129	 161	 279	 12.00
130	 131	 153	 18.00
130	 162	 225	 27.00
131	 132	 246	 17.00
131	 163	 218	 18.00
132	 133	 189	 16.00
132	 164	 253	 23.00
133	 134	 224	 22.00
133	 165	 247	 24.00
134	 135	 208	 22.00
134	 166	 249	 27.00
135	 136	 120	 15.00
135	 167	 164	 23.00
136	 137	 127	 16.00
136	 168	 233	 18.00
137	 138	 148	 12.00
137	 169	 248	 19.00
138	 139	 188	 18.00
138	 170	 165	 19.00
139	 140	 157	 22.00
139	 171	 121	 23.00
140	 141	 180	 21.00
140	 172	 192	 19.00
141	 142	 183	 25.00
141	 173	 260	 15.00
142	 143	 147	 16.00
142	 174	 128	 19.00
143	 144	 152	 14.00
143	 175	 272	 15.00
144	 145	 255	 17.00
144	 176	 239	 22.00
145	 146	 239	 13.00
145	 177	 138	 17.00
146	 147	 268	 12.00
146	 178	 273	 20.00
147	 148	 178	 26.00
147	 179	 166	 20.00
148	 149	 259	 15.00
148	 180	 187	 26.00
149	 150	 209	 15.00
149	 181	 211	 22.00
150	 151	 171	 26.00
150	 182	 165	 20.00
151	 152	 140	 18.00
151	 183	 221	 12.00
152	 153	 185	 15.00
152	 184	 220	 27.00
153	 154	 213	 18.00
153	 185	 186	 21.00
154	 155	 157	 16.00
154	 186	 121	 19.00
155	 156	 202	 27.00
155	 187	 268	 23.00
156	 157	 232	 16.00
156	 188	 219	 13.00
157	 158	 259	 19.00
157	 189	 224	 20.00
158	 159	 173	 21.00
158	 190	 194	 19.00
159	 191	 247	 18.00
160	 161	 260	 15.00
160	 192	 276	 27.00
161	 162	 244	 16.00
161	 193	 165	 24.00
162	 163	 167	 15.00
162	 194	 267	 27.00
163	 164	 206	 20.00
163	 195	 162	 19.00
164	 165	 270	 19.00
164	 196	 131	 24.00
165	 166	 261	 14.00
165	 197	 244	 14.00
166	 167	 208	 19.00
166	 198	 275	 12.00
167	 168	 185	 19.00
167	 199	 259	 27.00
168	 169	 155	 28.00
168	 200	 238	 14.00
169	 170	 180	 25.00
169	 201	 220	 26.00
170	 171	 275	 13.00
170	 202	 279	 27.00
171	 172	 213	 19.00
171	 203	 273	 26.00
172	 173	 280	 13.00
172	 204	 153	 18.00
173	 174	 184	 22.00
173	 205	 199	 20.00
174	 175	 233	 26.00
174	 206	 203	 19.00
175	 176	 249	 13.00
175	 207	 257	 22.00
176	 177	 195	 17.00
176	 208	 271	 20.00
177	 178	 127	 16.00
177	 209	 153	 24.00
178	 179	 155	 12.00
178	 210	 198	 15.00
179	 180	 123	 17.00
179	 211	 139	 17.00
180	 181	 264	 25.00
180	 212	 250	 26.00
181	 182	 220	 16.00
181	 213	 274	 16.00
182	 183	 248	 23.00
182	 214	 240	 22.00
183	 184	 235	 21.00
183	 215	 255	 17.00
184	 185	 262	 24.00
184	 216	 161	 16.00
185	 186	 156	 24.00
185	 217	 176	 13.00
186	 187	 276	 23.00
186	 218	 182	 19.00
187	 188	 126	 15.00
187	 219	 217	 28.00
188	 189	 277	 28.00
188	 220	 126	 25.00
189	 190	 278	 20.00
189	 221	 166	 14.00
190	 191	 203	 22.00
190	 222	 258	 17.00
191	 223	 124	 25.00
192	 193	 252	 15.00
192	 224	 184	 22.00
193	 194	 178	 13.00
193	 225	 158	 17.00
194	 195	 124	 12.00
194	 226	 163	 16.00
195	 196	 229	 13.00
195	 227	 241	 28.00
196	 197	 262	 20.00
196	 228	 240	 25.00
197	 198	 134	 21.00
197	 229	 157	 21.00
198	 199	 188	 13.00
198	 230	 152	 20.00
199	 200	 135	 18.00
199	 231	 127	 16.00
200	 201	 179	 16.00
200	 232	 138	 26.00
201	 202	 186	 25.00
201	 233	 159	 27.00
202	 203	 127	 17.00
202	 234	 155	 24.00
203	 204	 253	 18.00
203	 235	 140	 12.00
204	 205	 157	 23.00
204	 236	 171	 12.00
205	 206	 132	 20.00
205	 237	 186	 22.00
206	 207	 276	 17.00
206	 238	 162	 25.00
207	 208	 228	 25.00
207	 239	 257	 24.00
208	 209	 265	 15.00
208	 240	 220	 22.00
209	 210	 126	 24.00
209	 241	 159	 27.00
210	 211	 181	 24.00
210	 242	 130	 22.00
211	 212	 245	 27.00
211	 243	 186	 15.00
212	 213	 142	 15.00
212	 244	 262	 14.00
213	 214	 144	 18.00
213	 245	 280	 23.00
214	 215	 169	 28.00
214	 246	 166	 17.00
215	 216	 162	 18.00
215	 247	 195	 19.00
216	 217	 206	 13.00
216	 248	 241	 23.00
217	 218	 262	 18.00
217	 249	 148	 14.00
218	 219	 248	 13.00
218	 250	 231	 17.00
219	 220	 273	 26.00
219	 251	 252	 15.00
220	 221	 178	 19.00
220	 252	 247	 24.00
221	 222	 192	 24.00
221	 253	 174	 27.00
222	 223	 210	 25.00
222	 254	 186	 25.00
223	 255	 211	 23.00
224	 225	 231	 14.00
224	 256	 215	 26.00
225	 226	 250	 27.00
225	 257	 131	 21.00
226	 227	 240	 17.00
226	 258	 235	 24.00
227	 228	 204	 15.00
227	 259	 255	 21.00
228	 229	 173	 23.00
228	 260	 253	 26.00
229	 230	 271	 23.00
229	 261	 129	 19.00
230	 231	 134	 13.00
230	 262	 123	 28.00
231	 232	 262	 26.00
231	 263	 240	 25.00
232	 233	 165	 19.00
232	 264	 152	 13.00
233	 234	 251	 13.00
233	 265	 225	 18.00
234	 235	 135	 20.00
234	 266	 264	 22.00
235	 236	 147	 18.00
235	 267	 241	 17.00
236	 237	 184	 14.00
236	 268	 242	 25.00
237	 238	 178	 26.00
237	 269	 210	 13.00
238	 239	 163	 22.00
238	 270	 244	 28.00
239	 240	 143	 14.00
239	 271	 268	 23.00
240	 241	 239	 24.00
240	 272	 136	 24.00
241	 242	 181	 28.00
241	 273	 235	 24.00
242	 243	 225	 18.00
242	 274	 236	 14.00
243	 244	 246	 23.00
243	 275	 218	 28.00
244	 245	 152	 14.00
244	 276	 214	 25.00
245	 246	 238	 19.00
245	 277	 205	 23.00
246	 247	 172	 17.00
246	 278	 223	 20.00
247	 248	 137	 13.00
247	 279	 239	 22.00
248	 249	 209	 22.00
248	 280	 266	 13.00
249	 250	 142	 12.00
249	 281	 260	 25.00
250	 251	 239	 26.00
250	 282	 267	 18.00
251	 252	 232	 20.00
251	 283	 250	 19.00
252	 253	 256	 12.00
252	 284	 274	 16.00
253	 254	 248	 24.00
253	 285	 123	 17.00
254	 255	 192	 17.00
254	 286	 143	 12.00
255	 287	 270	 14.00
256	 257	 250	 14.00
256	 288	 273	 27.00
257	 258	 182	 13.00
257	 289	 196	 19.00
258	 259	 142	 24.00
258	 290	 135	 18.00
259	 260	 172	 26.00
259	 291	 244	 13.00
260	 261	 153	 23.00
260	 292	 252	 14.00
261	 262	 169	 27.00
261	 293	 263	 17.00
262	 263	 211	 15.00
262	 294	 166	 26.00
263	 264	 206	 12.00
263	 295	 247	 22.00
264	 265	 238	 22.00
264	 296	 215	 17.00
265	 266	 128	 16.00
265	 297	 163	 12.00
266	 267	 126	 13.00
266	 298	 149	 16.00
267	 268	 224	 25.00
267	 299	 121	 22.00
268	 269	 137	 15.00
268	 300	 189	 24.00
269	 270	 244	 23.00
269	 301	 208	 17.00
270	 271	 158	 27.00
270	 302	 166	 17.00
271	 272	 261	 20.00
271	 303	 199	 18.00
272	 273	 217	 15.00
272	 304	 200	 14.00
273	 274	 227	 21.00
273	 305	 128	 24.00
274	 275	 217	 15.00
274	 306	 279	 24.00
275	 276	 155	 13.00
275	 307	 213	 14.00
276	 277	 257	 20.00
276	 308	 176	 28.00
277	 278	 230	 28.00
277	 309	 166	 20.00
278	 279	 195	 26.00
278	 310	 172	 25.00
279	 280	 179	 27.00
279	 311	 279	 20.00
280	 281	 278	 17.00
280	 312	 280	 28.00
281	 282	 149	 21.00
281	 313	 195	 16.00
282	 283	 170	 26.00
282	 314	 155	 12.00
283	 284	 144	 23.00
283	 315	 142	 17.00
284	 285	 166	 24.00
284	 316	 141	 20.00
285	 286	 228	 24.00
285	 317	 255	 18.00
286	 287	 175	 16.00
286	 318	 129	 13.00
287	 319	 201	 12.00
288	 289	 166	 15.00
288	 320	 267	 15.00
289	 290	 175	 27.00
289	 321	 181	 18.00
290	 291	 167	 20.00
290	 322	 230	 24.00
291	 292	 120	 15.00
291	 323	 248	 14.00
292	 293	 137	 27.00
292	 324	 226	 12.00
293	 294	 148	 24.00
293	 325	 133	 19.00
294	 295	 125	 15.00
294	 326	 159	 19.00
295	 296	 208	 20.00
295	 327	 276	 24.00
296	 297	 205	 19.00
296	 328	 193	 18.00
297	 298	 129	 27.00
297	 329	 230	 22.00
298	 299	 173	 27.00
298	 330	 228	 25.00
299	 300	 251	 25.00
299	 331	 156	 28.00
300	 301	 260	 20.00
300	 332	 242	 20.00
301	 302	 241	 23.00
301	 333	 274	 15.00
302	 303	 235	 24.00
302	 334	 230	 25.00
303	 304	 234	 18.00
303	 335	 240	 12.00
304	 305	 200	 23.00
304	 336	 215	 17.00
305	 306	 142	 17.00
305	 337	 160	 22.00
306	 307	 214	 22.00
306	 338	 157	 19.00
307	 308	 126	 24.00
307	 339	 164	 16.00
308	 309	 203	 14.00
308	 340	 257	 19.00
309	 310	 269	 15.00
309	 341	 141	 21.00
310	 311	 193	 13.00
310	 342	 141	 24.00
311	 312	 170	 16.00
311	 343	 196	 18.00
312	 313	 205	 24.00
312	 344	 174	 19.00
313	 314	 258	 28.00
313	 345	 214	 19.00
314	 315	 223	 14.00
314	 346	 248	 14.00
315	 316	 175	 18.00
315	 347	 276	 21.00
316	 317	 151	 16.00
316	 348	 230	 23.00
317	 318	 241	 20.00
317	 349	 144	 16.00
318	 319	 261	 26.00
318	 350	 193	 25.00
319	 351	 195	 16.00
320	 321	 134	 16.00
320	 352	 131	 12.00
321	 322	 158	 26.00
321	 353	 178	 23.00
322	 323	 246	 20.00
322	 354	 224	 26.00
323	 324	 250	 18.00
323	 355	 244	 28.00
324	 325	 213	 23.00
324	 356	 150	 17.00
325	 326	 197	 28.00
325	 357	 120	 27.00
326	 327	 246	 26.00
326	 358	 237	 28.00
327	 328	 142	 28.00
327	 359	 151	 26.00
328	 329	 159	 26.00
328	 360	 242	 15.00
329	 330	 150	 23.00
329	 361	 148	 21.00
330	 331	 162	 22.00
330	 362	 272	 12.00
331	 332	 141	 23.00
331	 363	 160	 25.00
332	 333	 142	 16.00
332	 364	 264	 21.00
333	 334	 280	 24.00
333	 365	 260	 27.00
334	 335	 207	 23.00
334	 366	 254	 28.00
335	 336	 206	 17.00
335	 367	 248	 20.00
336	 337	 170	 22.00
336	 368	 244	 28.00
337	 338	 232	 20.00
337	 369	 228	 23.00
338	 339	 140	 15.00
338	 370	 264	 12.00
339	 340	 155	 14.00
339	 371	 214	 20.00
340	 341	 185	 23.00
340	 372	 248	 15.00
341	 342	 262	 18.00
341	 373	 275	 14.00
342	 343	 229	 20.00
342	 374	 226	 12.00
343	 344	 125	 12.00
343	 375	 208	 19.00
344	 345	 263	 28.00
344	 376	 260	 24.00
345	 346	 229	 21.00
345	 377	 139	 21.00
346	 347	 164	 13.00
346	 378	 125	 18.00
347	 348	 263	 28.00
347	 379	 265	 28.00
348	 349	 254	 13.00
348	 380	 198	 28.00
349	 350	 258	 26.00
349	 381	 228	 21.00
350	 351	 226	 23.00
350	 382	 165	 20.00
351	 383	 205	 15.00
352	 353	 193	 13.00
352	 384	 178	 27.00
353	 354	 198	 23.00
353	 385	 214	 22.00
354	 355	 209	 14.00
354	 386	 168	 27.00
355	 356	 197	 26.00
355	 387	 209	 17.00
356	 357	 228	 18.00
356	 388	 143	 21.00
357	 358	 153	 26.00
357	 389	 129	 14.00
358	 359	 162	 21.00
358	 390	 232	 20.00
359	 360	 262	 21.00
359	 391	 252	 21.00
360	 361	 272	 20.00
360	 392	 253	 26.00
361	 362	 221	 21.00
361	 393	 166	 18.00
362	 363	 197	 16.00
362	 394	 120	 21.00
363	 364	 275	 24.00
363	 395	 203	 18.00
364	 365	 163	 12.00
364	 396	 173	 17.00
365	 366	 240	 26.00
365	 397	 230	 27.00
366	 367	 256	 18.00
366	 398	 239	 21.00
367	 368	 162	 25.00
367	 399	 170	 26.00
368	 369	 258	 17.00
368	 400	 209	 12.00
369	 370	 192	 17.00
369	 401	 238	 16.00
370	 371	 226	 15.00
370	 402	 279	 15.00
371	 372	 252	 23.00
371	 403	 144	 21.00
372	 373	 186	 15.00
372	 404	 207	 20.00
373	 374	 209	 28.00
373	 405	 252	 23.00
374	 375	 196	 17.00
374	 406	 199	 14.00
375	 376	 164	 14.00
375	 407	 250	 19.00
376	 377	 249	 12.00
376	 408	 141	 26.00
377	 378	 230	 22.00
377	 409	 165	 22.00
378	 379	 171	 13.00
378	 410	 206	 27.00
379	 380	 207	 18.00
379	 411	 233	 13.00
380	 381	 227	 14.00
380	 412	 152	 28.00
381	 382	 227	 18.00
381	 413	 221	 22.00
382	 383	 190	 22.00
382	 414	 180	 27.00
383	 415	 273	 15.00
384	 385	 132	 14.00
384	 416	 242	 15.00
385	 386	 171	 22.00
385	 417	 142	 16.00
386	 387	 167	 27.00
386	 418	 271	 23.00
387	 388	 145	 19.00
387	 419	 223	 16.00
388	 389	 126	 27.00
388	 420	 197	 13.00
389	 390	 195	 27.00
389	 421	 158	 21.00
390	 391	 155	 28.00
390	 422	 278	 22.00
391	 392	 280	 25.00
391	 423	 270	 14.00
392	 393	 271	 27.00
392	 424	 223	 13.00
393	 394	 147	 20.00
393	 425	 248	 22.00
394	 395	 219	 13.00
394	 426	 196	 18.00
395	 396	 227	 17.00
395	 427	 167	 17.00
396	 397	 263	 17.00
396	 428	 140	 21.00
397	 398	 161	 16.00
397	 429	 210	 28.00
398	 399	 223	 28.00
398	 430	 149	 12.00
399	 400	 162	 13.00
399	 431	 267	 20.00
400	 401	 224	 14.00
400	 432	 220	 21.00
401	 402	 272	 16.00
401	 433	 160	 18.00
402	 403	 212	 22.00
402	 434	 138	 24.00
403	 404	 206	 12.00
403	 435	 170	 28.00
404	 405	 132	 19.00
404	 436	 245	 13.00
405	 406	 143	 18.00
405	 437	 270	 26.00
406	 407	 121	 18.00
406	 438	 272	 15.00
407	 408	 172	 25.00
407	 439	 152	 24.00
408	 409	 278	 17.00
408	 440	 174	 16.00
409	 410	 217	 22.00
409	 441	 220	 19.00
410	 411	 123	 22.00
410	 442	 196	 21.00
411	 412	 121	 15.00
411	 443	 130	 19.00
412	 413	 252	 24.00
412	 444	 189	 12.00
413	 414	 205	 25.00
413	 445	 262	 23.00
414	 415	 260	 13.00
414	 446	 215	 28.00
415	 447	 279	 16.00
416	 417	 247	 14.00
416	 448	 154	 28.00
417	 418	 229	 25.00
417	 449	 261	 20.00
418	 419	 154	 15.00
418	 450	 235	 16.00
419	 420	 130	 24.00
419	 451	 211	 18.00
420	 421	 125	 27.00
420	 452	 253	 16.00
421	 422	 277	 25.00
421	 453	 198	 17.00
422	 423	 122	 27.00
422	 454	 244	 28.00
423	 424	 156	 13.00
423	 455	 263	 21.00
424	 425	 158	 23.00
424	 456	 121	 25.00
425	 426	 121	 18.00
425	 457	 163	 16.00
426	 427	 269	 25.00
426	 458	 194	 14.00
427	 428	 146	 19.00
427	 459	 262	 25.00
428	 429	 176	 23.00
428	 460	 261	 23.00
429	 430	 217	 22.00
429	 461	 179	 23.00
430	 431	 196	 27.00
430	 462	 238	 19.00
431	 432	 262	 16.00
431	 463	 172	 15.00
432	 433	 144	 27.00
432	 464	 139	 17.00
433	 434	 184	 18.00
433	 465	 186	 27.00
434	 435	 161	 14.00
434	 466	 209	 28.00
435	 436	 203	 25.00
435	 467	 194	 28.00
436	 437	 241	 21.00
436	 468	 221	 12.00
437	 438	 193	 24.00
437	 469	 151	 18.00
438	 439	 214	 20.00
438	 470	 161	 28.00
439	 440	 192	 22.00
439	 471	 175	 27.00
440	 441	 258	 21.00
440	 472	 236	 16.00
441	 442	 195	 23.00
441	 473	 167	 26.00
442	 443	 168	 15.00
442	 474	 235	 21.00
443	 444	 217	 18.00
443	 475	 191	 18.00
444	 445	 202	 16.00
444	 476	 165	 23.00
445	 446	 275	 16.00
445	 477	 166	 13.00
446	 447	 247	 25.00
446	 478	 182	 23.00
447	 479	 221	 23.00
448	 449	 161	 14.00
448	 480	 232	 14.00
449	 450	 201	 27.00
449	 481	 121	 14.00
450	 451	 125	 15.00
450	 482	 173	 22.00
451	 452	 149	 23.00
451	 483	 263	 24.00
452	 453	 233	 15.00
452	 484	 133	 22.00
453	 454	 126	 24.00
453	 485	 186	 15.00
454	 455	 151	 28.00
454	 486	 218	 13.00
455	 456	 128	 21.00
455	 487	 198	 26.00
456	 457	 219	 24.00
456	 488	 233	 25.00
457	 458	 226	 19.00
457	 489	 253	 20.00
458	 459	 127	 27.00
458	 490	 136	 16.00
459	 460	 231	 14.00
459	 491	 221	 16.00
460	 461	 272	 16.00
460	 492	 127	 19.00
461	 462	 120	 22.00
461	 493	 198	 28.00
462	 463	 142	 15.00
462	 494	 144	 25.00
463	 464	 159	 25.00
463	 495	 202	 13.00
464	 465	 219	 17.00
464	 496	 271	 24.00
465	 466	 245	 15.00
465	 497	 276	 28.00
466	 467	 195	 15.00
466	 498	 142	 22.00
467	 468	 275	 19.00
467	 499	 189	 25.00
468	 469	 202	 28.00
468	 500	 202	 27.00
469	 470	 258	 13.00
469	 501	 157	 28.00
470	 471	 222	 22.00
470	 502	 149	 19.00
471	 472	 191	 12.00
471	 503	 198	 13.00
472	 473	 168	 17.00
472	 504	 137	 20.00
473	 474	 130	 23.00
473	 505	 266	 12.00
474	 475	 141	 24.00
474	 506	 267	 28.00
475	 476	 232	 19.00
475	 507	 161	 20.00
476	 477	 206	 26.00
476	 508	 245	 25.00
477	 478	 160	 13.00
477	 509	 121	 21.00
478	 479	 192	 22.00
478	 510	 206	 27.00
479	 511	 205	 19.00
480	 481	 211	 13.00
480	 512	 261	 26.00
481	 482	 212	 14.00
481	 513	 131	 22.00
482	 483	 279	 16.00
482	 514	 150	 16.00
483	 484	 219	 13.00
483	 515	 127	 22.00
484	 485	 124	 15.00
484	 516	 172	 23.00
485	 486	 231	 14.00
485	 517	 235	 21.00
486	 487	 213	 27.00
486	 518	 202	 26.00
487	 488	 155	 13.00
487	 519	 271	 17.00
488	 489	 246	 17.00
488	 520	 173	 13.00
489	 490	 157	 19.00
489	 521	 271	 13.00
490	 491	 177	 23.00
490	 522	 276	 27.00
491	 492	 126	 20.00
491	 523	 224	 22.00
492	 493	 179	 18.00
492	 524	 122	 15.00
493	 494	 239	 20.00
493	 525	 188	 27.00
494	 495	 124	 22.00
494	 526	 123	 28.00
495	 496	 161	 22.00
495	 527	 213	 21.00
496	 497	 207	 25.00
496	 528	 256	 23.00
497	 498	 138	 19.00
497	 529	 161	 22.00
498	 499	 130	 20.00
498	 530	 203	 15.00
499	 500	 123	 28.00
499	 531	 152	 19.00
500	 501	 259	 22.00
500	 532	 183	 26.00
501	 502	 206	 24.00
501	 533	 184	 17.00
502	 503	 178	 18.00
502	 534	 192	 25.00
503	 504	 173	 16.00
503	 535	 255	 27.00
504	 505	 131	 19.00
504	 536	 178	 17.00
505	 506	 264	 25.00
505	 537	 215	 22.00
506	 507	 201	 20.00
506	 538	 222	 17.00
507	 508	 130	 26.00
507	 539	 170	 15.00
508	 509	 192	 17.00
508	 540	 202	 18.00
509	 510	 243	 25.00
509	 541	 237	 16.00
510	 511	 258	 21.00
510	 542	 273	 18.00
511	 543	 244	 28.00
512	 513	 136	 25.00
512	 544	 273	 24.00
513	 514	 130	 26.00
513	 545	 247	 16.00
514	 515	 120	 19.00
514	 546	 187	 28.00
515	 516	 183	 17.00
515	 547	 164	 22.00
516	 517	 213	 22.00
516	 548	 188	 27.00
517	 518	 223	 25.00
517	 549	 158	 26.00
518	 519	 198	 18.00
518	 550	 161	 22.00
519	 520	 266	 24.00
519	 551	 191	 28.00
520	 521	 235	 24.00
520	 552	 228	 28.00
521	 522	 248	 12.00
521	 553	 152	 18.00
522	 523	 199	 20.00
522	 554	 264	 28.00
523	 524	 124	 12.00
523	 555	 176	 13.00
524	 525	 142	 19.00
524	 556	 182	 22.00
525	 526	 169	 28.00
525	 557	 261	 23.00
526	 527	 227	 18.00
526	 558	 206	 27.00
527	 528	 280	 22.00
527	 559	 184	 28.00
528	 529	 123	 23.00
528	 560	 206	 27.00
529	 530	 242	 25.00
529	 561	 138	 16.00
530	 531	 141	 22.00
530	 562	 279	 13.00
531	 532	 207	 12.00
531	 563	 136	 22.00
532	 533	 209	 27.00
532	 564	 178	 16.00
533	 534	 248	 28.00
533	 565	 154	 17.00
534	 535	 245	 28.00
534	 566	 221	 13.00
535	 536	 211	 27.00
535	 567	 157	 28.00
536	 537	 257	 23.00
536	 568	 240	 23.00
537	 538	 165	 27.00
537	 569	 131	 16.00
538	 539	 187	 12.00
538	 570	 194	 25.00
539	 540	 238	 25.00
539	 571	 272	 25.00
540	 541	 266	 18.00
540	 572	 152	 17.00
541	 542	 130	 18.00
541	 573	 180	 12.00
542	 543	 259	 27.00
542	 574	 170	 28.00
543	 575	 161	 21.00
544	 545	 224	 14.00
544	 576	 278	 26.00
545	 546	 249	 28.00
545	 577	 279	 28.00
546	 547	 245	 27.00
546	 578	 254	 12.00
547	 548	 122	 26.00
547	 579	 126	 20.00
548	 549	 190	 17.00
548	 580	 236	 14.00
549	 550	 137	 18.00
549	 581	 253	 25.00
550	 551	 218	 20.00
550	 582	 262	 21.00
551	 552	 231	 21.00
551	 583	 178	 23.00
552	 553	 122	 24.00
552	 584	 159	 25.00
553	 554	 145	 23.00
553	 585	 156	 19.00
554	 555	 209	 26.00
554	 586	 178	 18.00
555	 556	 159	 24.00
555	 587	 142	 24.00
556	 557	 232	 14.00
556	 588	 127	 24.00
557	 558	 235	 12.00
557	 589	 129	 26.00
558	 559	 251	 24.00
558	 590	 254	 24.00
559	 560	 239	 18.00
559	 591	 121	 14.00
560	 561	 159	 18.00
560	 592	 266	 15.00
561	 562	 125	 17.00
561	 593	 128	 18.00
562	 563	 169	 28.00
562	 594	 193	 21.00
563	 564	 120	 12.00
563	 595	 207	 16.00
564	 565	 279	 24.00
564	 596	 262	 28.00
565	 566	 188	 12.00
565	 597	 272	 24.00
566	 567	 266	 13.00
566	 598	 143	 17.00
567	 568	 252	 27.00
567	 599	 277	 22.00
568	 569	 273	 22.00
568	 600	 158	 25.00
569	 570	 206	 24.00
569	 601	 241	 18.00
570	 571	 129	 24.00
570	 602	 137	 12.00
571	 572	 132	 12.00
571	 603	 263	 24.00
572	 573	 148	 28.00
572	 604	 166	 28.00
573	 574	 120	 26.00
573	 605	 187	 16.00
574	 575	 277	 16.00
574	 606	 236	 25.00
575	 607	 218	 19.00
576	 577	 252	 25.00
576	 608	 166	 17.00
577	 578	 201	 19.00
577	 609	 227	 23.00
578	 579	 185	 13.00
578	 610	 190	 27.00
579	 580	 150	 22.00
579	 611	 142	 23.00
580	 581	 215	 20.00
580	 612	 157	 15.00
581	 582	 156	 24.00
581	 613	 144	 13.00
582	 583	 138	 23.00
582	 614	 159	 17.00
583	 584	 130	 24.00
583	 615	 229	 26.00
584	 585	 174	 16.00
584	 616	 197	 12.00
585	 586	 261	 18.00
585	 617	 238	 27.00
586	 587	 248	 14.00
586	 618	 228	 25.00
587	 588	 140	 20.00
587	 619	 139	 12.00
588	 589	 169	 25.00
588	 620	 154	 13.00
589	 590	 224	 26.00
589	 621	 263	 27.00
590	 591	 273	 25.00
590	 622	 194	 12.00
591	 592	 125	 22.00
591	 623	 188	 25.00
592	 593	 202	 16.00
592	 624	 278	 19.00
593	 594	 138	 21.00
593	 625	 279	 28.00
594	 595	 186	 28.00
594	 626	 138	 27.00
595	 596	 258	 24.00
595	 627	 262	 28.00
596	 597	 267	 21.00
596	 628	 176	 26.00
597	 598	 206	 21.00
597	 629	 129	 12.00
598	 599	 130	 21.00
598	 630	 127	 15.00
599	 600	 200	 13.00
599	 631	 149	 18.00
600	 601	 142	 14.00
600	 632	 155	 25.00
601	 602	 268	 26.00
601	 633	 192	 28.00
602	 603	 120	 21.00
602	 634	 241	 20.00
603	 604	 159	 17.00
603	 635	 142	 27.00
604	 605	 210	 24.00
604	 636	 185	 18.00
605	 606	 172	 28.00
605	 637	 269	 18.00
606	 607	 164	 17.00
606	 638	 205	 27.00
607	 639	 183	 24.00
608	 609	 123	 15.00
608	 640	 222	 13.00
609	 610	 179	 24.00
609	 641	 275	 15.00
610	 611	 201	 18.00
610	 642	 207	 12.00
611	 612	 218	 20.00
611	 643	 140	 21.00
612	 613	 196	 20.00
612	 644	 127	 25.00
613	 614	 250	 26.00
613	 645	 273	 25.00
614	 615	 212	 17.00
614	 646	 234	 23.00
615	 616	 202	 25.00
615	 647	 207	 16.00
616	 617	 195	 24.00
616	 648	 244	 14.00
617	 618	 210	 18.00
617	 649	 188	 14.00
618	 619	 198	 13.00
618	 650	 160	 21.00
619	 620	 270	 17.00
619	 651	 187	 13.00
620	 621	 169	 12.00
620	 652	 277	 23.00
621	 622	 212	 21.00
621	 653	 251	 18.00
622	 623	 270	 25.00
622	 654	 232	 21.00
623	 624	 236	 18.00
623	 655	 170	 27.00
624	 625	 264	 26.00
624	 656	 198	 21.00
625	 626	 232	 14.00
625	 657	 192	 25.00
626	 627	 199	 17.00
626	 658	 132	 16.00
627	 628	 192	 17.00
627	 659	 183	 24.00
628	 629	 263	 21.00
628	 660	 148	 21.00
629	 630	 171	 19.00
629	 661	 172	 13.00
630	 631	 176	 21.00
630	 662	 171	 23.00
631	 632	 206	 13.00
631	 663	 120	 20.00
632	 633	 200	 17.00
632	 664	 278	 19.00
633	 634	 147	 13.00
633	 665	 227	 23.00
634	 635	 203	 19.00
634	 666	 151	 19.00
635	 636	 207	 26.00
635	 667	 185	 16.00
636	 637	 190	 22.00
636	 668	 153	 19.00
637	 638	 170	 22.00
637	 669	 255	 16.00
638	 639	 194	 17.00
638	 670	 256	 19.00
639	 671	 176	 24.00
640	 641	 194	 17.00
640	 672	 255	 19.00
641	 642	 222	 23.00
641	 673	 122	 25.00
642	 643	 240	 20.00
642	 674	 183	 20.00
643	 644	 209	 15.00
643	 675	 246	 28.00
644	 645	 163	 12.00
644	 676	 180	 14.00
645	 646	 171	 13.00
645	 677	 177	 18.00
646	 647	 237	 18.00
646	 678	 174	 22.00
647	 648	 172	 16.00
647	 679	 246	 22.00
648	 649	 275	 16.00
648	 680	 179	 26.00
649	 650	 223	 19.00
649	 681	 182	 26.00
650	 651	 156	 20.00
650	 682	 263	 22.00
651	 652	 243	 13.00
651	 683	 241	 19.00
652	 653	 241	 27.00
652	 684	 138	 20.00
653	 654	 135	 22.00
653	 685	 266	 23.00
654	 655	 178	 26.00
654	 686	 260	 13.00
655	 656	 126	 14.00
655	 687	 198	 20.00
656	 657	 168	 25.00
656	 688	 262	 23.00
657	 658	 185	 23.00
657	 689	 128	 22.00
658	 659	 237	 26.00
658	 690	 123	 16.00
659	 660	 238	 24.00
659	 691	 143	 22.00
660	 661	 146	 27.00
660	 692	 174	 20.00
661	 662	 160	 26.00
661	 693	 210	 23.00
662	 663	 130	 15.00
662	 694	 161	 22.00
663	 664	 194	 12.00
663	 695	 240	 19.00
664	 665	 157	 17.00
664	 696	 124	 26.00
665	 666	 200	 24.00
665	 697	 187	 19.00
666	 667	 258	 18.00
666	 698	 241	 27.00
667	 668	 133	 25.00
667	 699	 256	 23.00
668	 669	 157	 20.00
668	 700	 230	 17.00
669	 670	 166	 28.00
669	 701	 199	 23.00
670	 671	 222	 20.00
670	 702	 146	 22.00
671	 703	 178	 12.00
672	 673	 268	 28.00
672	 704	 202	 18.00
673	 674	 174	 25.00
673	 705	 248	 13.00
674	 675	 265	 23.00
674	 706	 143	 28.00
675	 676	 176	 18.00
675	 707	 228	 28.00
676	 677	 164	 16.00
676	 708	 153	 16.00
677	 678	 128	 23.00
677	 709	 270	 28.00
678	 679	 196	 15.00
678	 710	 186	 19.00
679	 680	 203	 26.00
679	 711	 232	 16.00
680	 681	 124	 14.00
680	 712	 180	 13.00
681	 682	 221	 27.00
681	 713	 187	 24.00
682	 683	 137	 18.00
682	 714	 219	 19.00
683	 684	 276	 28.00
683	 715	 133	 20.00
684	 685	 202	 17.00
684	 716	 169	 24.00
685	 686	 163	 13.00
685	 717	 222	 14.00
686	 687	 262	 26.00
686	 718	 145	 22.00
687	 688	 149	 14.00
687	 719	 227	 26.00
688	 689	 227	 24.00
688	 720	 129	 20.00
689	 690	 232	 19.00
689	 721	 227	 24.00
690	 691	 158	 18.00
690	 722	 176	 16.00
691	 692	 141	 25.00
691	 723	 218	 16.00
692	 693	 147	 12.00
692	 724	 240	 12.00
693	 694	 195	 19.00
693	 725	 218	 20.00
694	 695	 154	 12.00
694	 726	 220	 24.00
695	 696	 256	 21.00
695	 727	 234	 28.00
696	 697	 213	 23.00
696	 728	 158	 25.00
697	 698	 133	 13.00
697	 729	 219	 13.00
698	 699	 219	 28.00
698	 730	 171	 28.00
699	 700	 233	 27.00
699	 731	 178	 19.00
700	 701	 211	 14.00
700	 732	 242	 18.00
701	 702	 152	 25.00
701	 733	 162	 28.00
702	 703	 143	 23.00
702	 734	 138	 22.00
703	 735	 203	 24.00
704	 705	 203	 28.00
704	 736	 210	 12.00
705	 706	 137	 22.00
705	 737	 241	 28.00
706	 707	 214	 12.00
706	 738	 221	 17.00
707	 708	 201	 19.00
707	 739	 259	 21.00
708	 709	 139	 23.00
708	 740	 126	 12.00
709	 710	 277	 12.00
709	 741	 250	 26.00
710	 711	 168	 22.00
710	 742	 170	 28.00
711	 712	 253	 20.00
711	 743	 142	 21.00
712	 713	 196	 28.00
712	 744	 216	 22.00
713	 714	 260	 18.00
713	 745	 127	 12.00
714	 715	 208	 14.00
714	 746	 257	 23.00
715	 716	 273	 20.00
715	 747	 164	 12.00
716	 717	 181	 15.00
716	 748	 223	 17.00
717	 718	 215	 15.00
717	 749	 132	 19.00
718	 719	 131	 28.00
718	 750	 137	 16.00
719	 720	 121	 25.00
719	 751	 273	 12.00
720	 721	 242	 21.00
720	 752	 144	 18.00
721	 722	 145	 24.00
721	 753	 215	 27.00
722	 723	 169	 25.00
722	 754	 259	 28.00
723	 724	 131	 12.00
723	 755	 254	 15.00
724	 725	 268	 22.00
724	 756	 262	 18.00
725	 726	 236	 24.00
725	 757	 131	 13.00
726	 727	 234	 15.00
726	 758	 272	 21.00
727	 728	 175	 17.00
727	 759	 220	 18.00
728	 729	 159	 18.00
728	 760	 193	 28.00
729	 730	 140	 22.00
729	 761	 266	 25.00
730	 731	 257	 22.00
730	 762	 190	 16.00
731	 732	 258	 17.00
731	 763	 257	 19.00
732	 733	 161	 18.00
732	 764	 132	 22.00
733	 734	 212	 21.00
733	 765	 159	 13.00
734	 735	 139	 28.00
734	 766	 262	 13.00
735	 767	 211	 13.00
736	 737	 131	 12.00
736	 768	 121	 12.00
737	 738	 241	 23.00
737	 769	 264	 17.00
738	 739	 270	 22.00
738	 770	 270	 13.00
739	 740	 268	 27.00
739	 771	 230	 13.00
740	 741	 122	 27.00
740	 772	 216	 15.00
741	 742	 193	 22.00
741	 773	 232	 28.00
742	 743	 188	 25.00
742	 774	 259	 21.00
743	 744	 128	 23.00
743	 775	 169	 12.00
744	 745	 153	 12.00
744	 776	 271	 27.00
745	 746	 261	 18.00
745	 777	 127	 28.00
746	 747	 259	 28.00
746	 778	 277	 26.00
747	 748	 166	 16.00
747	 779	 126	 12.00
748	 749	 168	 15.00
748	 780	 184	 21.00
749	 750	 201	 16.00
749	 781	 235	 22.00
750	 751	 164	 23.00
750	 782	 171	 13.00
751	 752	 244	 26.00
751	 783	 163	 25.00
752	 753	 150	 12.00
752	 784	 214	 22.00
753	 754	 257	 25.00
753	 785	 157	 26.00
754	 755	 252	 14.00
754	 786	 239	 12.00
755	 756	 131	 20.00
755	 787	 166	 13.00
756	 757	 145	 12.00
756	 788	 180	 16.00
757	 758	 237	 28.00
757	 789	 151	 17.00
758	 759	 260	 14.00
758	 790	 206	 13.00
759	 760	 262	 26.00
759	 791	 211	 18.00
760	 761	 216	 12.00
760	 792	 165	 22.00
761	 762	 242	 24.00
761	 793	 196	 22.00
762	 763	 167	 13.00
762	 794	 218	 12.00
763	 764	 122	 18.00
763	 795	 252	 20.00
764	 765	 242	 16.00
764	 796	 194	 19.00
765	 766	 163	 27.00
765	 797	 160	 16.00
766	 767	 214	 27.00
766	 798	 247	 23.00
767	 799	 178	 21.00
768	 769	 172	 27.00
768	 800	 179	 20.00
769	 770	 214	 14.00
769	 801	 251	 14.00
770	 771	 182	 25.00
770	 802	 133	 26.00
771	 772	 168	 25.00
771	 803	 259	 26.00
772	 773	 202	 15.00
772	 804	 242	 25.00
773	 774	 171	 27.00
773	 805	 186	 27.00
774	 775	 270	 20.00
774	 806	 146	 24.00
775	 776	 144	 19.00
775	 807	 255	 27.00
776	 777	 152	 21.00
776	 808	 240	 16.00
777	 778	 160	 25.00
777	 809	 167	 24.00
778	 779	 279	 20.00
778	 810	 259	 26.00
779	 780	 153	 27.00
779	 811	 207	 14.00
780	 781	 239	 24.00
780	 812	 137	 12.00
781	 782	 256	 27.00
781	 813	 121	 18.00
782	 783	 160	 24.00
782	 814	 232	 14.00
783	 784	 181	 16.00
783	 815	 198	 16.00
784	 785	 240	 14.00
784	 816	 182	 23.00
785	 786	 172	 26.00
785	 817	 226	 25.00
786	 787	 249	 20.00
786	 818	 232	 27.00
787	 788	 273	 21.00
787	 819	 127	 19.00
788	 789	 251	 28.00
788	 820	 137	 23.00
789	 790	 150	 20.00
789	 821	 206	 22.00
790	 791	 239	 13.00
790	 822	 234	 24.00
791	 792	 123	 15.00
791	 823	 147	 19.00
792	 793	 213	 26.00
792	 824	 170	 18.00
793	 794	 127	 21.00
793	 825	 267	 16.00
794	 795	 183	 19.00
794	 826	 199	 24.00
795	 796	 185	 25.00
795	 827	 123	 25.00
796	 797	 133	 20.00
796	 828	 190	 19.00
797	 798	 152	 18.00
797	 829	 214	 17.00
798	 799	 189	 17.00
798	 830	 198	 28.00
799	 831	 238	 23.00
800	 801	 160	 12.00
800	 832	 162	 21.00
801	 802	 180	 21.00
801	 833	 187	 15.00
802	 803	 148	 18.00
802	 834	 155	 22.00
803	 804	 200	 12.00
803	 835	 228	 18.00
804	 805	 223	 26.00
804	 836	 170	 28.00
805	 806	 148	 25.00
805	 837	 202	 23.00
806	 807	 251	 13.00
806	 838	 249	 16.00
807	 808	 163	 16.00
807	 839	 134	 27.00
808	 809	 165	 16.00
808	 840	 171	 22.00
809	 810	 245	 24.00
809	 841	 222	 22.00
810	 811	 240	 28.00
810	 842	 243	 25.00
811	 812	 255	 19.00
811	 843	 224	 28.00
812	 813	 167	 26.00
812	 844	 177	 28.00
813	 814	 227	 18.00
813	 845	 270	 16.00
814	 815	 214	 21.00
814	 846	 170	 16.00
815	 816	 131	 27.00
815	 847	 157	 28.00
816	 817	 190	 21.00
816	 848	 170	 18.00
817	 818	 136	 17.00
817	 849	 151	 16.00
818	 819	 273	 21.00
818	 850	 125	 27.00
819	 820	 120	 18.00
819	 851	 259	 12.00
820	 821	 184	 27.00
820	 852	 195	 23.00
821	 822	 235	 13.00
821	 853	 128	 16.00
822	 823	 240	 12.00
822	 854	 195	 14.00
823	 824	 170	 21.00
823	 855	 219	 14.00
824	 825	 271	 27.00
824	 856	 245	 26.00
825	 826	 248	 18.00
825	 857	 157	 12.00
826	 827	 242	 25.00
826	 858	 192	 27.00
827	 828	 166	 17.00
827	 859	 222	 22.00
828	 829	 128	 22.00
828	 860	 267	 18.00
829	 830	 189	 25.00
829	 861	 232	 15.00
830	 831	 259	 23.00
830	 862	 229	 18.00
831	 863	 162	 28.00
832	 833	 272	 21.00
832	 864	 146	 23.00
833	 834	 228	 13.00
833	 865	 146	 13.00
834	 835	 237	 12.00
834	 866	 162	 13.00
835	 836	 192	 13.00
835	 867	 192	 15.00
836	 837	 127	 18.00
836	 868	 260	 25.00
837	 838	 191	 24.00
837	 869	 241	 16.00
838	 839	 175	 18.00
838	 870	 211	 12.00
839	 840	 260	 20.00
839	 871	 130	 15.00
840	 841	 219	 22.00
840	 872	 134	 24.00
841	 842	 204	 21.00
841	 873	 256	 24.00
842	 843	 172	 22.00
842	 874	 218	 27.00
843	 844	 196	 22.00
843	 875	 126	 25.00
844	 845	 167	 14.00
844	 876	 228	 12.00
845	 846	 164	 16.00
845	 877	 129	 23.00
846	 847	 179	 25.00
846	 878	 216	 20.00
847	 848	 120	 19.00
847	 879	 233	 22.00
848	 849	 166	 28.00
848	 880	 159	 23.00
849	 850	 169	 27.00
849	 881	 174	 20.00
850	 851	 262	 22.00
850	 882	 146	 20.00
851	 852	 191	 19.00
851	 883	 269	 15.00
852	 853	 197	 19.00
852	 884	 172	 19.00
853	 854	 223	 23.00
853	 885	 203	 23.00
854	 855	 152	 26.00
854	 886	 161	 23.00
855	 856	 188	 17.00
855	 887	 279	 17.00
856	 857	 172	 14.00
856	 888	 182	 17.00
857	 858	 192	 25.00
857	 889	 130	 27.00
858	 859	 215	 28.00
858	 890	 162	 15.00
859	 860	 156	 24.00
859	 891	 195	 22.00
860	 861	 253	 23.00
860	 892	 169	 18.00
861	 862	 236	 28.00
861	 893	 157	 18.00
862	 863	 139	 24.00
862	 894	 130	 24.00
863	 895	 128	 25.00
864	 865	 145	 13.00
864	 896	 175	 28.00
865	 866	 165	 20.00
865	 897	 186	 27.00
866	 867	 156	 13.00
866	 898	 239	 28.00
867	 868	 191	 21.00
867	 899	 232	 20.00
868	 869	 157	 22.00
868	 900	 165	 20.00
869	 870	 238	 27.00
869	 901	 233	 13.00
870	 871	 126	 13.00
870	 902	 135	 26.00
871	 872	 211	 20.00
871	 903	 237	 28.00
872	 873	 248	 13.00
872	 904	 234	 21.00
873	 874	 177	 18.00
873	 905	 223	 28.00
874	 875	 191	 17.00
874	 906	 120	 25.00
875	 876	 171	 26.00
875	 907	 154	 13.00
876	 877	 159	 14.00
876	 908	 139	 21.00
877	 878	 174	 15.00
877	 909	 245	 21.00
878	 879	 166	 26.00
878	 910	 254	 28.00
879	 880	 273	 14.00
879	 911	 255	 21.00
880	 881	 172	 13.00
880	 912	 204	 15.00
881	 882	 135	 16.00
881	 913	 121	 24.00
882	 883	 225	 12.00
882	 914	 145	 17.00
883	 884	 225	 18.00
883	 915	 142	 24.00
884	 885	 257	 12.00
884	 916	 160	 20.00
885	 886	 265	 22.00
885	 917	 135	 28.00
886	 887	 207	 27.00
886	 918	 172	 22.00
887	 888	 274	 25.00
887	 919	 150	 27.00
888	 889	 195	 23.00
888	 920	 131	 24.00
889	 890	 224	 22.00
889	 921	 194	 14.00
890	 891	 140	 20.00
890	 922	 243	 23.00
891	 892	 162	 24.00
891	 923	 168	 13.00
892	 893	 164	 24.00
892	 924	 181	 19.00
893	 894	 183	 15.00
893	 925	 247	 18.00
894	 895	 257	 20.00
894	 926	 231	 16.00
895	 927	 209	 26.00
896	 897	 140	 23.00
896	 928	 274	 27.00
897	 898	 268	 12.00
897	 929	 241	 21.00
898	 899	 253	 21.00
898	 930	 222	 27.00
899	 900	 229	 19.00
899	 931	 136	 23.00
900	 901	 199	 14.00
900	 932	 214	 18.00
901	 902	 189	 17.00
901	 933	 257	 22.00
902	 903	 277	 19.00
902	 934	 128	 16.00
903	 904	 186	 28.00
903	 935	 235	 27.00
904	 905	 195	 27.00
904	 936	 159	 15.00
905	 906	 178	 27.00
905	 937	 239	 26.00
906	 907	 120	 25.00
906	 938	 139	 26.00
907	 908	 179	 27.00
907	 939	 242	 13.00
908	 909	 127	 22.00
908	 940	 157	 23.00
909	 910	 207	 16.00
909	 941	 266	 18.00
910	 911	 240	 19.00
910	 942	 257	 17.00
911	 912	 135	 22.00
911	 943	 123	 23.00
912	 913	 193	 17.00
912	 944	 234	 18.00
913	 914	 186	 28.00
913	 945	 216	 19.00
914	 915	 253	 28.00
914	 946	 120	 19.00
915	 916	 147	 15.00
915	 947	 259	 20.00
916	 917	 156	 20.00
916	 948	 276	 23.00
917	 918	 221	 25.00
917	 949	 257	 19.00
918	 919	 156	 12.00
918	 950	 248	 14.00
919	 920	 139	 21.00
919	 951	 243	 14.00
920	 921	 183	 20.00
920	 952	 214	 17.00
921	 922	 255	 13.00
921	 953	 258	 12.00
922	 923	 221	 20.00
922	 954	 207	 12.00
923	 924	 124	 13.00
923	 955	 234	 25.00
924	 925	 245	 17.00
924	 956	 200	 26.00
925	 926	 250	 13.00
925	 957	 201	 12.00
926	 927	 194	 21.00
926	 958	 257	 14.00
927	 959	 146	 16.00
928	 929	 157	 25.00
928	 960	 207	 18.00
929	 930	 269	 23.00
929	 961	 218	 26.00
930	 931	 233	 27.00
930	 962	 239	 28.00
931	 932	 177	 21.00
931	 963	 235	 26.00
932	 933	 150	 15.00
932	 964	 120	 22.00
933	 934	 250	 24.00
933	 965	 264	 18.00
934	 935	 185	 13.00
934	 966	 206	 18.00
935	 936	 250	 15.00
935	 967	 201	 21.00
936	 937	 182	 19.00
936	 968	 144	 20.00
937	 938	 152	 14.00
937	 969	 278	 17.00
938	 939	 189	 21.00
938	 970	 189	 13.00
939	 940	 262	 26.00
939	 971	 149	 19.00
940	 941	 170	 19.00
940	 972	 131	 25.00
941	 942	 163	 21.00
941	 973	 130	 28.00
942	 943	 212	 22.00
942	 974	 279	 26.00
943	 944	 244	 12.00
943	 975	 169	 14.00
944	 945	 243	 20.00
944	 976	 190	 20.00
945	 946	 149	 24.00
945	 977	 185	 16.00
946	 947	 187	 22.00
946	 978	 127	 19.00
947	 948	 194	 21.00
947	 979	 145	 13.00
948	 949	 145	 16.00
948	 980	 240	 13.00
949	 950	 139	 14.00
949	 981	 134	 19.00
950	 951	 246	 20.00
950	 982	 256	 18.00
951	 952	 170	 26.00
951	 983	 258	 27.00
952	 953	 126	 13.00
952	 984	 219	 19.00
953	 954	 207	 27.00
953	 985	 211	 15.00
954	 955	 145	 20.00
954	 986	 167	 16.00
955	 956	 248	 19.00
955	 987	 209	 20.00
956	 957	 194	 12.00
956	 988	 158	 14.00
957	 958	 268	 15.00
957	 989	 203	 26.00
958	 959	 246	 28.00
958	 990	 218	 21.00
959	 991	 159	 25.00
960	 961	 233	 13.00
960	 992	 121	 18.00
961	 962	 259	 22.00
961	 993	 254	 13.00
962	 963	 184	 21.00
962	 994	 164	 13.00
963	 964	 197	 16.00
963	 995	 269	 19.00
964	 965	 215	 19.00
964	 996	 208	 28.00
965	 966	 238	 15.00
965	 997	 147	 17.00
966	 967	 151	 27.00
966	 998	 198	 16.00
967	 968	 247	 17.00
967	 999	 249	 25.00
968	 969	 141	 22.00
968	 1000	 121	 19.00
969	 970	 184	 13.00
969	 1001	 181	 22.00
970	 971	 132	 26.00
970	 1002	 203	 22.00
971	 972	 246	 25.00
971	 1003	 242	 22.00
972	 973	 140	 13.00
972	 1004	 261	 24.00
973	 974	 182	 28.00
973	 1005	 141	 28.00
974	 975	 220	 23.00
974	 1006	 195	 21.00
975	 976	 256	 16.00
975	 1007	 140	 19.00
976	 977	 157	 27.00
976	 1008	 208	 18.00
977	 978	 177	 25.00
977	 1009	 194	 16.00
978	 979	 198	 16.00
978	 1010	 231	 28.00
979	 980	 120	 16.00
979	 1011	 129	 27.00
980	 981	 174	 20.00
980	 1012	 191	 17.00
981	 982	 176	 15.00
981	 1013	 124	 15.00
982	 983	 209	 21.00
982	 1014	 254	 17.00
983	 984	 244	 12.00
983	 1015	 135	 28.00
984	 985	 151	 22.00
984	 1016	 155	 17.00
985	 986	 266	 12.00
985	 1017	 148	 14.00
986	 987	 157	 17.00
986	 1018	 153	 12.00
987	 988	 249	 27.00
987	 1019	 189	 21.00
988	 989	 211	 17.00
988	 1020	 271	 27.00
989	 990	 246	 17.00
989	 1021	 172	 26.00
990	 991	 123	 23.00
990	 1022	 253	 22.00
991	 1023	 202	 25.00
992	 993	 127	 16.00
993	 994	 206	 20.00
994	 995	 160	 19.00
995	 996	 229	 21.00
996	 997	 271	 18.00
997	 998	 240	 24.00
998	 999	 227	 23.00
999	 1000	 259	 17.00
1000	 1001	 181	 28.00
1001	 1002	 197	 14.00
1002	 1003	 218	 23.00
1003	 1004	 250	 15.00
1004	 1005	 190	 16.00
1005	 1006	 237	 28.00
1006	 1007	 249	 25.00
1007	 1008	 122	 24.00
1008	 1009	 222	 12.00
1009	 1010	 279	 27.00
1010	 1011	 273	 24.00
1011	 1012	 164	 27.00
1012	 1013	 222	 27.00
1013	 1014	 213	 24.00
1014	 1015	 149	 22.00
1015	 1016	 187	 19.00
1016	 1017	 243	 23.00
1017	 1018	 265	 27.00
1018	 1019	 177	 15.00
1019	 1020	 205	 25.00
1020	 1021	 216	 22.00
1021	 1022	 230	 14.00
1022	 1023	 236	 15.00
