1659	2408	20	0.10

329112	7393187	0
329165	7394295	1
329174	7393155	0
329217	7393133	0
329234	7393232	0
329265	7393109	0
329267	7393189	0
329318	7393166	0
329390	7393244	0
329421	7394186	1
329486	7393347	0
329486	7394568	1
329521	7393383	0
329557	7394790	1
329561	7393346	0
329574	7393034	0
329589	7393251	0
329591	7392858	0
329593	7393460	0
329617	7395018	1
329618	7394544	1
329627	7393091	0
329627	7394463	1
329657	7393618	0
329669	7394599	1
329670	7392944	0
329683	7392776	0
329683	7394804	1
329689	7393156	0
329695	7393364	0
329702	7393575	0
329723	7392999	0
329736	7393667	0
329742	7393538	0
329765	7394623	1
329771	7394422	1
329779	7393696	0
329782	7394409	1
329784	7393586	0
329785	7393066	0
329797	7393270	0
329797	7393708	0
329799	7394980	1
329805	7393480	0
329810	7394016	1
329819	7394334	1
329822	7395031	1
329830	7394605	1
329832	7392838	0
329837	7394904	1
329844	7394321	1
329846	7393225	0
329859	7392626	9
329861	7394849	1
329868	7394151	1
329876	7392981	0
329878	7392885	0
329879	7391822	9
329883	7394416	1
329886	7392787	0
329888	7393299	0
329888	7394623	1
329890	7391960	9
329894	7393181	0
329906	7393385	0
329913	7393596	0
329916	7394516	1
329920	7394274	1
329926	7392565	9
329928	7394515	1
329930	7392833	0
329932	7394147	1
329944	7394975	1
329946	7394949	1
329947	7392731	0
329947	7394336	1
329950	7394090	1
329951	7394835	1
329953	7394255	1
329955	7394668	1
329956	7391888	9
329966	7394364	1
329967	7392610	0
329978	7392884	0
329983	7393094	0
329989	7391711	9
330002	7393295	0
330007	7393696	0
330007	7394195	1
330015	7393502	0
330015	7394174	1
330016	7394470	1
330017	7392665	0
330026	7394158	1
330027	7394060	1
330027	7395394	14
330029	7392479	9
330032	7393859	0
330033	7394123	1
330033	7395338	14
330039	7391953	9
330039	7392828	0
330047	7395341	14
330052	7393467	0
330053	7394460	1
330063	7391786	9
330069	7393988	1
330075	7392530	0
330085	7392998	0
330086	7395231	14
330091	7395563	14
330093	7393211	0
330095	7393514	0
330100	7393795	0
330104	7392870	0
330104	7394435	1
330106	7395315	14
330107	7392765	0
330107	7393600	0
330109	7393887	1
330111	7393411	0
330113	7394160	1
330114	7392574	0
330118	7392140	9
330118	7395346	14
330133	7394135	1
330135	7391856	9
330137	7395072	1
330139	7395054	14
330144	7394941	1
330145	7393566	0
330146	7391552	9
330146	7394792	1
330149	7394080	1
330149	7394693	1
330154	7391690	9
330154	7395445	14
330158	7392820	0
330161	7392362	9
330165	7395289	14
330166	7392708	0
330166	7394399	1
330168	7394407	1
330171	7393911	1
330175	7394113	1
330176	7394438	1
330180	7394120	1
330184	7392071	9
330188	7392731	0
330189	7393892	1
330193	7392501	0
330193	7393114	0
330196	7394267	1
330199	7393699	0
330199	7395571	14
330200	7391923	9
330201	7393327	0
330204	7392600	0
330204	7392672	0
330204	7393511	0
330205	7392319	9
330206	7393993	1
330208	7394266	1
330211	7392877	0
330211	7394628	1
330214	7393931	1
330215	7395437	14
330216	7395589	14
330217	7394943	1
330218	7395739	14
330220	7393035	0
330224	7395319	14
330227	7395553	14
330229	7394795	1
330230	7393605	0
330231	7391615	9
330231	7394066	1
330237	7393666	0
330239	7393164	0
330240	7392448	9
330241	7392639	0
330241	7394810	1
330253	7392922	0
330260	7394363	1
330260	7394393	1
330263	7392258	9
330263	7393641	0
330265	7391989	9
330265	7394796	1
330270	7393968	1
330286	7395985	14
330287	7394250	1
330290	7393797	0
330291	7392398	9
330292	7392966	0
330294	7393425	0
330296	7392394	9
330296	7393610	0
330297	7395229	14
330299	7392878	0
330302	7393231	0
330303	7391690	9
330304	7391540	9
330304	7393999	1
330306	7392521	0
330307	7395046	14
330308	7392785	0
330310	7395499	14
330316	7395610	14
330320	7395737	14
330329	7392187	9
330329	7395358	14
330331	7392051	9
330334	7392551	0
330337	7394798	1
330337	7395075	14
330342	7394597	1
330351	7394329	1
330352	7395347	14
330354	7395203	14
330355	7392337	9
330360	7394957	1
330363	7394677	1
330365	7392847	17
330365	7393045	0
330366	7391755	9
330369	7395589	14
330370	7394646	1
330372	7394813	1
330373	7394785	1
330374	7392591	9
330376	7395700	14
330383	7392134	9
330387	7393525	17
330387	7393706	17
330396	7392120	9
330396	7393330	0
330400	7395182	14
330401	7393907	1
330407	7394547	1
330413	7394271	1
330416	7394937	1
330416	7395717	14
330419	7395668	14
330420	7391571	9
330422	7392409	9
330425	7395851	14
330432	7395965	14
330435	7391821	9
330436	7392661	17
330442	7393128	17
330445	7395013	1
330452	7392322	9
330454	7391387	18
330460	7392218	9
330462	7394512	1
330463	7392952	17
330465	7395207	14
330471	7395218	14
330474	7394614	1
330478	7393621	17
330483	7393808	17
330483	7394352	1
330486	7391635	9
330487	7391406	18
330487	7392485	9
330489	7393430	17
330498	7395137	14
330499	7391886	9
330500	7394808	14
330500	7395281	14
330504	7394180	1
330510	7392273	9
330517	7391264	18
330519	7394020	1
330520	7395792	14
330521	7393212	17
330523	7392754	17
330526	7391991	9
330526	7394610	1
330526	7395338	14
330529	7392891	17
330531	7392967	17
330537	7391362	18
330537	7394972	14
330538	7391447	18
330540	7393035	17
330547	7392554	9
330551	7395915	14
330552	7391704	9
330559	7392331	9
330564	7394538	1
330565	7391471	18
330566	7391949	9
330568	7392932	17
330571	7394348	17
330573	7393722	17
330575	7395248	14
330580	7393529	17
330584	7391226	18
330584	7394583	1
330584	7395099	14
330586	7391316	13
330587	7394249	1
330593	7392831	17
330596	7392905	17
330596	7394095	17
330597	7392076	9
330602	7395742	14
330606	7391516	18
330610	7393936	17
330611	7394518	17
330613	7391766	9
330613	7393312	17
330616	7391269	18
330617	7391420	18
330618	7393120	17
330620	7395398	14
330622	7392723	9
330624	7391254	18
330631	7395223	14
330635	7392252	9
330635	7392790	9
330639	7395879	14
330647	7392130	9
330651	7392437	9
330653	7391561	18
330653	7394741	14
330657	7391862	9
330658	7391566	13
330663	7392009	9
330673	7391583	18
330673	7394446	17
330674	7393628	15
330675	7394170	17
330676	7394315	17
330681	7391834	9
330682	7391445	13
330682	7395480	14
330685	7394011	17
330698	7392187	9
330699	7392728	9
330700	7393853	17
330702	7391437	18
330703	7393601	15
330704	7393408	17
330709	7391471	18
330712	7393219	15
330721	7392630	9
330721	7394891	14
330726	7391158	13
330726	7392356	9
330730	7392528	9
330733	7391948	9
330733	7395660	14
330734	7391487	13
330735	7394359	17
330736	7391648	9
330747	7391168	13
330747	7392548	9
330748	7392997	17
330761	7394090	17
330762	7394235	17
330764	7392120	9
330773	7393930	17
330775	7395013	14
330776	7395821	14
330778	7394619	14
330780	7392814	9
330785	7391896	9
330789	7392291	9
330799	7393511	15
330802	7393317	15
330802	7394677	14
330804	7391714	16
330811	7392625	9
330811	7393754	15
330823	7391112	13
330826	7391936	9
330827	7394080	17
330830	7392051	9
330830	7395134	14
330831	7391127	13
330833	7391544	13
330836	7394166	17
330839	7392509	9
330840	7391748	16
330840	7393101	9
330845	7394659	14
330848	7394007	15
330852	7392900	9
330854	7395616	14
330870	7393840	15
330870	7394827	14
330872	7392383	9
330876	7394131	17
330876	7395237	14
330879	7392561	9
330882	7391796	9
330887	7391574	13
330889	7392710	9
330889	7394450	17
330895	7393049	9
330896	7393419	15
330906	7395789	14
330912	7393035	9
330918	7391963	9
330918	7395332	14
330922	7392154	9
330922	7394947	14
330924	7394086	15
330933	7393196	15
330933	7393929	15
330934	7393018	9
330938	7391228	13
330941	7392009	9
330951	7394307	17
330953	7393365	15
330954	7391864	16
330960	7392483	9
330961	7392197	9
330963	7392797	9
330963	7395446	14
330964	7391625	16
330965	7393497	15
330973	7393700	15
330974	7391428	13
330977	7393768	15
330977	7395069	14
330984	7391894	16
330990	7394009	17
330991	7393406	15
330995	7393886	15
330996	7390859	13
330997	7392077	9
330999	7393535	15
331004	7392845	9
331008	7395563	14
331009	7392251	9
331014	7394763	14
331017	7391929	16
331021	7391280	13
331021	7393444	15
331021	7394188	17
331023	7394334	17
331023	7395171	14
331027	7393297	15
331036	7392570	9
331039	7392122	9
331039	7394742	17
331047	7393960	17
331054	7393838	15
331056	7392592	9
331058	7392906	9
331058	7393411	15
331058	7394022	17
331060	7395749	14
331062	7393710	15
331064	7393340	15
331065	7395270	14
331066	7394087	17
331069	7394883	17
331071	7391751	16
331072	7391751	16
331073	7394243	17
331080	7391995	9
331081	7393456	15
331082	7395563	14
331086	7391316	13
331087	7392770	9
331089	7392172	9
331094	7390980	13
331099	7392353	9
331099	7393233	15
331103	7392789	9
331105	7393367	15
331113	7392658	9
331113	7394823	17
331114	7394114	17
331121	7395005	14
331123	7393862	15
331124	7395563	14
331125	7392847	9
331128	7395246	14
331129	7392384	9
331130	7391818	16
331130	7395334	14
331132	7392679	9
331132	7395442	14
331133	7394592	17
331134	7395563	14
331138	7394851	17
331139	7395747	14
331141	7391348	13
331142	7392053	16
331142	7393597	15
331144	7396073	14
331146	7393006	15
331149	7392827	10
331149	7394053	17
331156	7391210	13
331163	7394880	17
331168	7395107	14
331171	7393172	15
331176	7392090	16
331177	7391292	13
331178	7393300	15
331178	7394000	15
331180	7392192	10
331187	7392272	9
331187	7393613	15
331195	7391999	16
331199	7393632	15
331200	7390911	13
331200	7392260	9
331204	7392470	10
331207	7391249	13
331208	7393334	15
331211	7392772	10
331211	7392948	15
331212	7395213	14
331221	7394647	17
331228	7392144	16
331228	7392146	10
331230	7394956	17
331234	7392296	10
331235	7392929	15
331235	7394756	17
331240	7393112	15
331246	7391946	16
331249	7393708	15
331250	7395297	14
331264	7391148	13
331264	7393284	15
331264	7395333	14
331266	7392071	16
331269	7391288	13
331271	7392188	10
331271	7395559	19
331272	7395440	14
331276	7391976	16
331278	7390531	13
331279	7394550	17
331281	7394034	15
331283	7392553	10
331283	7395744	14
331298	7392873	10
331301	7393980	15
331305	7392011	16
331305	7395047	14
331309	7393919	15
331318	7392234	10
331320	7395732	19
331326	7391048	13
331330	7391188	13
331331	7391461	13
331332	7391325	13
331334	7393227	15
331342	7393811	15
331343	7394055	15
331346	7394404	17
331347	7391883	16
331352	7390916	13
331353	7390971	13
331356	7390662	13
331356	7392080	10
331359	7392641	10
331363	7391408	13
331363	7394738	17
331365	7391866	16
331365	7394001	15
331366	7390613	13
331370	7395558	19
331374	7390990	13
331375	7394270	17
331377	7395150	19
331380	7391852	16
331386	7391955	16
331389	7390438	13
331391	7391090	13
331391	7391362	13
331392	7391227	13
331392	7392976	15
331395	7392310	10
331397	7390950	13
331400	7390919	13
331401	7394286	12
331404	7390441	13
331405	7395231	19
331411	7391847	16
331412	7395704	19
331414	7393323	15
331424	7391032	13
331424	7391870	16
331431	7391386	13
331433	7395328	19
331434	7394768	17
331437	7393357	15
331440	7391014	13
331444	7393505	15
331446	7390994	13
331447	7393659	15
331448	7392740	10
331449	7391125	13
331450	7394089	15
331451	7391918	16
331452	7391127	13
331452	7391264	13
331453	7390264	13
331456	7392030	16
331460	7392186	10
331465	7395438	19
331476	7392020	16
331476	7394330	12
331477	7392394	10
331479	7393287	15
331480	7391072	13
331481	7390878	13
331488	7391053	13
331488	7393086	10
331489	7391794	16
331491	7391287	13
331499	7393977	15
331501	7395554	19
331503	7392006	16
331512	7391164	13
331513	7392428	10
331520	7393701	15
331525	7392271	10
331528	7391447	13
331530	7393305	15
331533	7395669	19
331536	7391864	16
331537	7391862	13
331539	7393786	15
331541	7392845	10
331541	7393297	15
331542	7391111	13
331542	7391596	13
331545	7394809	12
331547	7391322	13
331549	7392113	16
331550	7391096	13
331554	7392471	10
331558	7393555	15
331559	7391080	13
331559	7393431	15
331562	7391723	13
331564	7391298	11
331566	7391782	13
331567	7391616	11
331567	7391843	13
331567	7394984	12
331569	7395149	19
331570	7393742	15
331570	7393989	15
331570	7395230	19
331571	7395327	19
331572	7391956	16
331573	7393183	15
331575	7391714	11
331575	7393974	15
331580	7391937	11
331590	7395553	19
331592	7394675	12
331596	7392365	10
331599	7391015	13
331601	7394149	12
331616	7392195	10
331621	7391232	13
331622	7390829	13
331623	7393562	15
331624	7394303	12
331626	7393953	15
331627	7393244	15
331628	7390968	13
331628	7391660	11
331634	7391366	11
331634	7391530	11
331637	7393126	10
331637	7393803	15
331638	7392955	10
331640	7391672	11
331640	7392037	11
331642	7394307	12
331643	7392570	10
331645	7393963	15
331651	7394515	12
331654	7391200	13
331655	7391835	11
331657	7393306	10
331667	7393432	15
331667	7393996	12
331668	7393497	15
331668	7394032	12
331680	7393906	12
331682	7394304	12
331683	7391594	11
331684	7394426	12
331688	7391786	11
331690	7392287	10
331691	7390867	13
331692	7391163	11
331692	7391995	11
331692	7394250	12
331700	7391155	11
331700	7393497	15
331703	7394866	12
331704	7394952	12
331706	7392513	10
331707	7395057	6
331708	7392121	11
331708	7395149	6
331708	7395228	6
331710	7394222	12
331711	7392893	10
331711	7395326	19
331712	7395439	19
331714	7391571	11
331714	7393061	10
331714	7395552	19
331720	7391737	11
331723	7393308	10
331724	7393051	10
331727	7392681	10
331728	7391026	13
331730	7394353	12
331737	7393493	15
331740	7394105	12
331746	7393533	15
331749	7394734	12
331757	7391894	11
331759	7393743	12
331762	7393915	12
331774	7394173	12
331775	7393698	15
331778	7391519	11
331782	7392212	10
331782	7393430	15
331789	7393746	12
331795	7390933	13
331800	7392814	10
331804	7393832	12
331806	7392045	11
331808	7392432	10
331808	7394951	12
331809	7394574	12
331816	7394067	12
331818	7394012	12
331818	7394906	12
331819	7391800	11
331820	7393922	12
331821	7393756	12
331821	7393865	12
331822	7392964	10
331822	7395056	6
331825	7390483	13
331826	7391084	11
331833	7391470	11
331839	7390875	13
331839	7393427	15
331840	7390872	13
331840	7394483	12
331848	7390362	13
331850	7393334	10
331850	7393633	15
331851	7393500	15
331851	7394144	12
331853	7395008	6
331854	7394334	12
331861	7393220	10
331863	7391944	11
331864	7391693	11
331865	7394923	6
331866	7394018	12
331867	7392921	10
331871	7392140	10
331872	7390625	13
331878	7393922	12
331880	7391383	11
331882	7391264	11
331882	7394782	12
331883	7394931	6
331884	7390770	13
331887	7390645	13
331888	7390987	11
331893	7390902	13
331896	7392963	10
331897	7393763	12
331899	7392543	10
331900	7392359	10
331901	7394794	6
331903	7393721	12
331906	7390274	13
331912	7391188	11
331912	7391589	11
331916	7390266	8
331917	7390388	13
331919	7391845	11
331920	7391143	11
331922	7394291	12
331924	7392099	10
331924	7394298	12
331927	7390450	13
331929	7394304	12
331932	7394751	6
331935	7393437	10
331941	7391520	11
331942	7391927	11
331942	7394622	12
331944	7394950	6
331945	7393343	10
331947	7390535	13
331948	7394625	12
331950	7394028	12
331952	7390807	13
331952	7394680	6
331954	7391022	13
331956	7394816	6
331958	7393230	10
331960	7393922	12
331963	7390981	13
331963	7394630	6
331968	7391867	11
331969	7391992	11
331970	7394542	12
331971	7391458	11
331974	7391393	11
331974	7393771	12
331975	7391034	13
331981	7392904	10
331983	7394690	6
331985	7392648	10
331988	7392471	10
331988	7394640	6
331988	7394951	6
331989	7392288	10
331993	7390828	13
331994	7390916	13
331995	7390417	8
331998	7393537	12
331998	7394643	6
331999	7394949	6
332006	7391441	13
332008	7391313	11
332018	7391890	11
332021	7394561	12
332022	7394397	12
332024	7390431	8
332024	7393130	10
332027	7390309	8
332028	7390933	13
332029	7390850	13
332031	7392803	10
332031	7394315	12
332034	7394283	12
332034	7394939	6
332040	7390707	8
332040	7394510	12
332042	7391224	11
332042	7394194	12
332043	7392989	10
332044	7391450	11
332059	7393173	10
332059	7394038	12
332060	7392742	10
332063	7391786	11
332070	7391279	11
332070	7394427	12
332073	7392570	10
332078	7394671	6
332079	7394321	12
332081	7392395	10
332084	7390595	8
332084	7394928	6
332088	7393783	12
332090	7391237	11
332097	7390337	8
332097	7391085	13
332103	7392177	10
332108	7391679	11
332110	7391351	11
332111	7393242	7
332113	7392810	10
332114	7393552	12
332115	7392182	10
332116	7390972	13
332117	7393401	7
332117	7394448	12
332121	7393362	7
332122	7392980	10
332123	7394388	12
332126	7391305	11
332126	7391632	11
332129	7394327	12
332130	7393265	7
332131	7390472	8
332136	7391607	11
332137	7391569	11
332141	7394217	12
332141	7394691	6
332144	7394190	12
332146	7390620	8
332151	7392074	10
332153	7393557	7
332153	7394128	2
332155	7397342	6
332158	7392866	10
332161	7394050	12
332165	7391113	13
332174	7390365	8
332176	7392809	10
332177	7391511	11
332177	7393000	10
332183	7396953	6
332186	7390939	8
332188	7393795	7
332189	7393345	7
332190	7390496	8
332190	7393105	7
332190	7394334	12
332193	7390952	13
332197	7394284	12
332199	7391971	10
332204	7392224	11
332209	7392099	10
332210	7390777	8
332211	7393564	7
332216	7391397	11
332219	7393216	7
332220	7392281	10
332223	7391529	11
332228	7394204	12
332229	7393397	7
332231	7392634	10
332231	7394177	12
332236	7394073	2
332238	7394058	12
332238	7397175	6
332242	7391652	11
332243	7390958	8
332243	7391537	11
332244	7391867	11
332245	7392554	10
332247	7392118	10
332248	7390392	8
332249	7393330	7
332250	7390829	8
332253	7396999	6
332254	7392247	11
332257	7392410	10
332258	7391502	11
332259	7391283	11
332259	7392968	7
332266	7392072	11
332267	7390673	8
332268	7390800	8
332269	7393804	2
332277	7394520	12
332280	7391668	11
332282	7392603	10
332286	7393083	7
332286	7394433	12
332291	7391762	11
332294	7392012	11
332296	7394345	12
332297	7396792	6
332303	7391561	11
332305	7393622	7
332308	7397039	6
332310	7394214	12
332313	7390691	8
332314	7393193	7
332314	7394186	12
332318	7391699	13
332318	7394148	12
332324	7391511	11
332325	7394077	2
332326	7397222	6
332327	7390423	8
332329	7394037	2
332336	7391659	11
332337	7390551	8
332337	7392180	11
332337	7393536	7
332340	7392824	7
332341	7394123	12
332342	7392594	10
332342	7393307	7
332343	7391909	11
332352	7391303	11
332353	7393813	2
332353	7394872	2
332362	7391229	8
332364	7390652	8
332364	7394823	12
332366	7391194	8
332366	7393574	7
332366	7394562	2
332369	7392943	7
332369	7394248	2
332370	7391581	11
332375	7392593	10
332377	7393589	7
332387	7391805	11
332388	7393492	7
332389	7392408	10
332389	7394510	2
332390	7397097	6
332391	7390974	8
332392	7397255	6
332395	7390452	8
332397	7394679	12
332399	7392059	11
332400	7396868	6
332405	7394358	12
332407	7393818	2
332408	7390855	8
332416	7391471	11
332416	7394255	2
332418	7394587	2
332420	7394166	12
332424	7394129	12
332425	7393165	7
332427	7392768	7
332428	7392591	10
332428	7394061	2
332431	7390392	8
332435	7397277	6
332440	7393991	2
332440	7397257	6
332443	7390792	8
332445	7397282	6
332446	7391957	11
332446	7392356	10
332446	7394019	2
332448	7397297	6
332451	7392287	10
332452	7391245	8
332455	7391376	11
332455	7393279	7
332455	7396898	6
332456	7392224	10
332458	7394522	2
332461	7392091	11
332461	7392161	10
332465	7390755	8
332471	7394551	2
332475	7392916	7
332477	7390734	8
332479	7394889	2
332480	7390480	8
332481	7393725	2
332481	7394260	2
332483	7394147	2
332486	7391868	11
332486	7397164	6
332487	7396913	6
332488	7391143	8
332490	7393381	7
332490	7394172	2
332492	7394226	2
332495	7390540	8
332498	7391278	11
332502	7393462	7
332504	7391259	8
332505	7394010	2
332512	7392361	10
332515	7392080	10
332519	7392146	10
332522	7396931	6
332523	7392229	10
332527	7397339	6
332530	7390954	8
332530	7392290	10
332531	7390218	8
332531	7392586	10
332536	7392578	10
332538	7393135	7
332541	7390628	8
332544	7391164	8
332552	7390972	8
332552	7394745	2
332555	7391522	11
332555	7392251	7
332556	7393668	7
332558	7390512	8
332558	7391133	8
332562	7392350	7
332565	7391451	11
332568	7393251	7
332570	7391706	11
332571	7394236	2
332574	7392874	7
332577	7391628	11
332577	7393849	2
332580	7394200	2
332585	7394813	6
332586	7394495	2
332589	7394164	2
332590	7396966	6
332590	7397218	6
332594	7390297	8
332596	7393369	7
332597	7394672	2
332599	7390528	8
332602	7391389	11
332603	7396772	6
332604	7393071	7
332604	7393885	2
332608	7394086	2
332609	7391018	8
332609	7392871	7
332610	7391540	11
332610	7393434	7
332612	7392930	7
332614	7391439	8
332615	7390336	8
332616	7394047	2
332619	7390251	8
332619	7394005	2
332621	7390881	8
332621	7394033	2
332623	7391352	8
332623	7394887	6
332624	7392581	7
332624	7394019	2
332627	7393613	7
332627	7393989	2
332628	7397391	6
332631	7396625	6
332633	7391408	8
332636	7390548	8
332638	7393930	2
332640	7394764	2
332644	7391332	8
332644	7393797	7
332650	7393792	7
332652	7393134	7
332655	7394550	2
332657	7392580	7
332658	7394460	2
332661	7394222	2
332663	7394771	6
332664	7390502	8
332666	7393872	7
332666	7396650	6
332667	7391442	11
332668	7391349	8
332668	7393983	2
332669	7393079	7
332670	7393226	7
332671	7396808	6
332672	7391064	8
332673	7394219	2
332676	7392346	7
332676	7393997	2
332676	7394775	6
332677	7392286	7
332680	7393127	7
332681	7393572	7
332682	7394012	2
332683	7390576	8
332686	7392843	7
332686	7394022	2
332689	7397422	6
332690	7394028	2
332692	7397023	3
332693	7397270	3
332695	7390366	8
332695	7394774	6
332697	7392907	7
332698	7392176	7
332699	7391259	8
332699	7397003	3
332700	7394857	6
332701	7390874	8
332706	7391371	11
332711	7394761	6
332712	7396598	6
332717	7393016	7
332721	7394608	2
332722	7393738	7
332723	7391231	8
332724	7394771	2
332729	7394619	2
332730	7396696	6
332731	7393087	7
332736	7393113	7
332738	7393596	2
332740	7392169	7
332740	7393639	7
332742	7390294	8
332743	7394723	2
332746	7392290	7
332747	7393175	7
332750	7392329	7
332750	7397300	3
332752	7394733	2
332752	7397458	6
332753	7393206	7
332753	7396849	3
332753	7397150	3
332756	7397460	3
332760	7393240	7
332763	7394174	2
332765	7390348	8
332766	7394407	2
332769	7391265	8
332774	7393314	7
332775	7394000	2
332777	7396608	6
332780	7390416	8
332781	7391151	8
332781	7392538	7
332781	7394705	2
332783	7391245	8
332783	7397796	3
332790	7393077	7
332790	7396739	6
332796	7396978	3
332797	7396747	6
332799	7394628	2
332810	7393819	2
332812	7393970	2
332814	7392653	7
332819	7394528	2
332821	7391181	8
332821	7395352	6
332827	7392821	7
332829	7397341	3
332829	7397443	3
332831	7390599	8
332837	7397133	3
332839	7397120	3
332842	7394457	2
332843	7397505	3
332845	7392697	7
332845	7393641	7
332847	7395386	6
332851	7390678	8
332853	7391019	8
332853	7394363	2
332857	7393986	2
332858	7393849	2
332858	7397587	3
332864	7394384	2
332867	7395421	6
332871	7394519	2
332878	7397684	3
332880	7393615	7
332880	7393958	2
332888	7396433	6
332889	7396952	3
332890	7397739	3
332891	7392904	7
332892	7393640	7
332897	7394291	2
332898	7395137	6
332899	7397790	3
332903	7397421	3
332904	7391047	8
332904	7393957	2
332914	7396871	6
332916	7396308	6
332917	7394219	2
332919	7395993	6
332920	7396127	6
332920	7396138	6
332920	7396262	6
332922	7390314	8
332923	7394193	2
332925	7393973	2
332927	7397942	3
332929	7394042	2
332930	7394147	2
332931	7390862	8
332934	7390501	8
332934	7396392	6
332938	7393735	7
332945	7397081	3
332951	7390454	8
332959	7395575	6
332959	7396694	6
332961	7394583	2
332962	7395908	6
332962	7397164	3
332964	7395625	6
332968	7393793	7
332970	7390522	8
332970	7395664	6
332980	7394094	2
332981	7390768	8
332984	7390758	8
332985	7395256	6
332985	7395432	6
332987	7395765	6
332987	7396817	6
332989	7393135	7
332991	7397397	3
332992	7390327	8
332993	7390899	8
332994	7390658	8
332995	7393848	7
332996	7393598	7
332996	7395810	6
332997	7396850	6
332998	7393358	7
333000	7393201	7
333008	7393793	5
333010	7395893	6
333011	7393906	2
333015	7390404	8
333016	7393515	7
333017	7396919	3
333024	7394287	2
333024	7394419	2
333026	7394334	2
333027	7393974	5
333034	7395997	6
333035	7393931	2
333047	7394047	5
333048	7390804	8
333051	7397044	3
333055	7395340	6
333056	7393851	5
333058	7395633	6
333061	7394332	2
333061	7395473	6
333062	7393499	7
333063	7393509	7
333063	7395646	6
333065	7395340	6
333073	7394215	2
333073	7397126	3
333075	7390520	8
333076	7394116	2
333079	7396793	6
333084	7394330	2
333086	7396266	4
333086	7396662	3
333089	7395733	6
333090	7394442	2
333090	7394523	2
333095	7390734	8
333099	7395434	6
333102	7393555	7
333102	7397220	3
333106	7396895	3
333108	7394186	5
333114	7390529	8
333120	7394042	5
333126	7393956	5
333126	7395857	6
333128	7393060	7
333128	7397309	3
333130	7393897	5
333133	7393856	5
333136	7396648	4
333138	7393790	7
333138	7397015	3
333140	7397360	3
333142	7393726	7
333143	7395925	6
333146	7394457	2
333148	7390383	8
333149	7393651	7
333152	7390355	8
333154	7395514	6
333155	7397411	3
333157	7394301	2
333157	7396725	3
333159	7393099	7
333160	7393532	7
333162	7390303	8
333162	7395998	4
333162	7397099	3
333168	7394324	2
333169	7393415	7
333170	7395844	6
333175	7390612	8
333179	7397506	3
333183	7393977	5
333183	7394039	5
333188	7396848	3
333194	7393146	7
333194	7396869	3
333200	7395602	6
333203	7393675	7
333208	7394260	2
333209	7393165	7
333212	7394426	2
333222	7390313	8
333223	7394039	5
333225	7396987	3
333227	7396231	4
333228	7390422	8
333228	7393975	5
333231	7393947	5
333235	7393896	5
333237	7393863	5
333245	7395919	4
333247	7393215	7
333247	7396310	4
333247	7397071	3
333248	7393732	7
333252	7396000	4
333264	7396223	4
333266	7395835	6
333266	7395836	4
333275	7397174	3
333279	7396302	4
333294	7395836	4
333296	7396379	4
333296	7397263	3
333306	7395669	4
333310	7396285	4
333315	7396208	4
333323	7394274	5
333328	7394350	2
333329	7396005	4
333332	7395927	4
333333	7394133	5
333338	7393548	7
333338	7395836	4
333340	7394049	5
333344	7393993	5
333346	7393962	5
333346	7394366	2
333348	7395688	4
333350	7393900	5
333350	7394267	5
333351	7393875	5
333354	7394376	2
333358	7396604	4
333360	7393741	5
333363	7397419	3
333368	7397175	3
333373	7393530	7
333396	7397168	3
333398	7395932	4
333398	7396756	3
333405	7396790	3
333413	7393951	5
333414	7396111	4
333420	7396086	4
333422	7396060	4
333423	7395818	4
333423	7397160	3
333428	7395984	4
333433	7396180	4
333443	7396353	4
333448	7396036	4
333450	7394241	5
333452	7393919	5
333452	7394143	5
333453	7394059	5
333454	7393883	5
333454	7393981	5
333458	7393750	5
333460	7393946	2
333462	7394322	5
333464	7397000	3
333466	7393544	5
333484	7397141	3
333491	7394062	5
333495	7396565	4
333500	7393975	5
333501	7397255	3
333504	7393887	5
333506	7394288	5
333508	7397303	3
333510	7393825	5
333517	7393754	5
333517	7397371	3
333522	7397086	3
333528	7397453	3
333532	7396338	4
333534	7396032	4
333535	7396068	4
333535	7397509	3
333536	7393558	5
333537	7397129	3
333538	7394218	5
333543	7394217	5
333544	7394067	5
333551	7393994	5
333553	7394276	5
333554	7393979	5
333555	7397660	3
333556	7396146	4
333561	7395783	4
333561	7395884	4
333562	7395854	4
333563	7395863	4
333564	7395728	4
333568	7395949	4
333571	7394069	5
333571	7397782	3
333580	7396550	4
333581	7393982	5
333587	7393832	5
333587	7396002	4
333593	7396017	4
333593	7396329	4
333595	7397250	3
333609	7394378	2
333618	7397395	3
333621	7394197	5
333621	7397090	3
333624	7396323	4
333628	7394074	5
333632	7393569	5
333633	7393998	5
333633	7394256	5
333633	7396125	4
333634	7393764	5
333634	7393988	5
333634	7397447	3
333640	7396536	4
333641	7397234	3
333646	7394304	5
333651	7396689	3
333659	7393368	5
333659	7394078	5
333660	7395924	4
333663	7394037	5
333663	7397647	3
333666	7394186	5
333668	7393991	5
333669	7395747	4
333671	7396528	4
333677	7397763	3
333682	7394129	5
333683	7393576	5
333685	7397341	3
333688	7397851	3
333692	7393993	5
333696	7397400	3
333698	7396239	4
333699	7395753	4
333700	7394380	2
333701	7393905	5
333703	7394082	5
333705	7397033	3
333708	7396673	4
333708	7397029	3
333711	7393576	5
333711	7394035	5
333711	7396925	3
333718	7397751	3
333719	7397374	3
333723	7395822	4
333723	7397207	3
333724	7394062	5
333724	7394119	5
333724	7396307	4
333724	7397810	3
333728	7394069	5
333730	7396100	4
333737	7394401	2
333738	7394288	5
333740	7393990	5
333741	7397529	3
333742	7394161	5
333753	7395898	4
333754	7396168	4
333760	7397197	3
333761	7397628	3
333764	7397293	3
333765	7397103	3
333766	7393773	5
333768	7396502	4
333781	7396240	4
333785	7394267	5
333788	7394093	5
333798	7394113	5
333799	7397623	3
333800	7396292	4
333801	7396116	4
333806	7393862	5
333807	7394132	5
333807	7394315	5
333813	7396151	4
333821	7396075	4
333826	7397729	3
333830	7397055	3
333839	7396217	4
333841	7396405	4
333845	7396142	4
333847	7394216	5
333851	7396827	4
333854	7395786	4
333859	7396718	4
333863	7396990	3
333864	7396282	4
333869	7396476	4
333869	7397504	3
333871	7397073	3
333871	7397304	3
333872	7396877	3
333873	7397829	3
333877	7396954	3
333881	7395854	4
333887	7396844	4
333890	7397604	3
333892	7394067	5
333895	7396646	4
333895	7396736	4
333897	7396276	4
333900	7394331	5
333901	7397667	3
333907	7396120	4
333907	7396620	4
333913	7394425	2
333919	7396154	4
333919	7396978	3
333921	7397199	3
333925	7396863	3
333926	7394394	5
333931	7396663	4
333931	7396754	4
333933	7396188	4
333934	7396376	4
333939	7394173	5
333943	7393715	5
333943	7394163	5
333945	7396823	4
333946	7396222	4
333956	7396036	4
333957	7397115	3
333961	7394128	5
333962	7396450	4
333965	7396265	4
333966	7396681	4
333970	7396774	4
333978	7396093	4
333981	7393900	5
333983	7393824	5
333985	7396839	3
333988	7393742	5
333991	7396126	4
334003	7393904	5
334004	7396260	4
334004	7397016	3
334005	7396162	4
334005	7396701	4
334014	7396590	4
334016	7396675	4
334019	7396194	4
334027	7393748	5
334034	7396642	4
334046	7396252	4
334048	7396711	4
334065	7396424	4
334074	7396875	4
334089	7394428	2
334096	7396415	4
334213	7393933	5

76	71	161	17.00
543	547	175	26.00
600	564	130	28.00
826	779	167	28.00
1116	1131	195	13.00
1159	1150	190	22.00
1345	1332	217	26.00
1535	1551	260	27.00
209	231	217	20.00
1295	1332	278	25.00
779	688	150	13.00
1224	1223	158	12.00
897	826	251	18.00
637	563	153	28.00
688	642	196	17.00
1044	1013	254	12.00
1013	964	240	24.00
964	923	218	17.00
923	845	188	12.00
845	823	250	12.00
823	798	165	23.00
798	750	208	17.00
750	721	244	18.00
721	682	127	22.00
682	676	198	12.00
676	650	229	14.00
650	638	260	27.00
638	555	193	19.00
555	493	149	12.00
493	468	279	25.00
468	441	200	21.00
441	414	253	18.00
414	377	247	28.00
998	1007	144	12.00
1007	1015	225	16.00
1015	1019	196	17.00
1019	1021	232	26.00
1021	1022	179	28.00
1022	1026	153	20.00
925	954	202	24.00
734	714	268	21.00
734	714	215	25.00
714	704	200	20.00
779	758	256	27.00
758	736	205	21.00
1109	1066	159	15.00
1383	1382	274	13.00
797	803	183	28.00
1033	989	138	20.00
989	942	187	12.00
942	866	123	17.00
866	772	251	22.00
772	697	123	14.00
1358	1371	251	23.00
1371	1384	237	26.00
1384	1386	150	27.00
1386	1394	157	27.00
1394	1404	272	27.00
1404	1410	171	13.00
1410	1414	226	17.00
1490	1479	278	25.00
1205	1154	265	16.00
1154	1142	257	27.00
1142	1096	269	14.00
1146	1107	126	28.00
1107	1070	261	23.00
491	461	156	27.00
461	409	240	25.00
409	365	154	28.00
301	267	256	27.00
267	237	121	25.00
237	219	181	25.00
219	198	253	13.00
198	139	129	12.00
139	116	191	19.00
116	102	263	19.00
830	861	256	20.00
848	850	272	25.00
366	354	215	14.00
354	338	206	18.00
7	6	142	13.00
662	689	213	13.00
689	699	255	18.00
699	721	184	24.00
764	811	180	18.00
1134	1097	268	27.00
1310	1285	156	16.00
1522	1549	208	12.00
1549	1546	259	23.00
1544	1520	146	16.00
812	839	190	20.00
1550	1557	173	22.00
739	735	134	19.00
735	729	258	26.00
729	727	215	20.00
727	722	145	13.00
722	719	135	21.00
1590	1624	217	19.00
1397	1427	262	16.00
1553	1570	232	23.00
1370	1338	261	12.00
1097	900	218	21.00
854	868	273	25.00
624	605	217	16.00
605	593	217	21.00
593	589	226	21.00
589	576	168	15.00
576	561	136	23.00
1155	1088	256	12.00
1067	1034	154	24.00
934	960	214	18.00
960	943	132	12.00
943	934	162	18.00
755	768	215	17.00
768	782	253	20.00
1348	1360	267	27.00
1360	1376	228	19.00
1080	1058	276	20.00
1058	1073	145	21.00
1635	1621	143	13.00
1621	1608	201	17.00
1608	1593	278	21.00
1303	1325	189	15.00
1325	1357	132	18.00
1357	1400	278	14.00
1400	1432	222	28.00
141	78	242	24.00
78	67	162	14.00
67	50	239	19.00
50	58	158	21.00
58	66	204	26.00
66	61	136	17.00
496	456	266	16.00
456	437	138	14.00
437	422	159	16.00
422	407	135	13.00
407	396	159	23.00
396	381	204	14.00
381	365	144	23.00
365	349	193	21.00
349	327	271	12.00
327	300	158	26.00
300	291	241	13.00
291	262	131	23.00
262	240	152	12.00
240	176	160	22.00
1014	969	240	20.00
969	938	131	21.00
938	906	264	24.00
1484	1485	242	14.00
540	561	132	27.00
457	427	234	25.00
427	392	132	27.00
392	364	173	20.00
364	339	155	21.00
339	306	158	18.00
306	271	264	25.00
1233	1230	159	25.00
514	525	138	15.00
1496	1502	224	12.00
1502	1503	129	24.00
1503	1515	183	24.00
865	853	152	19.00
1237	1225	197	28.00
1225	1214	231	18.00
1196	1194	136	25.00
1194	1190	178	25.00
548	577	202	17.00
338	317	202	28.00
317	280	271	18.00
280	270	247	23.00
726	714	232	22.00
1030	1032	227	25.00
1032	1036	181	13.00
257	237	247	24.00
237	215	266	20.00
215	205	260	12.00
205	128	279	25.00
493	426	132	21.00
904	887	165	14.00
939	880	181	28.00
1005	988	184	23.00
988	972	250	13.00
972	961	169	16.00
961	953	146	27.00
953	911	192	27.00
827	844	196	23.00
844	859	265	12.00
292	315	247	18.00
448	420	195	22.00
1222	1226	231	23.00
1226	1235	207	25.00
1235	1246	179	16.00
1242	1257	193	23.00
1257	1265	257	13.00
1265	1271	152	12.00
1271	1275	181	26.00
1327	1317	200	15.00
1338	1327	201	21.00
1271	1210	232	12.00
841	813	183	16.00
813	746	273	28.00
746	687	246	23.00
687	560	163	26.00
560	464	192	23.00
464	443	253	14.00
443	410	218	19.00
410	389	214	15.00
389	364	195	13.00
364	342	140	15.00
342	296	211	23.00
296	260	237	14.00
260	233	144	21.00
233	195	240	18.00
195	156	276	18.00
156	111	143	24.00
111	84	148	25.00
84	55	154	12.00
55	26	222	27.00
909	921	194	24.00
1415	1412	189	17.00
837	857	179	21.00
857	873	160	16.00
873	896	260	21.00
896	910	239	12.00
552	538	125	12.00
538	539	131	14.00
539	534	238	15.00
1228	1294	264	21.00
870	846	129	12.00
846	825	143	13.00
825	726	172	18.00
726	696	148	27.00
696	704	183	28.00
704	667	268	17.00
214	188	275	26.00
181	168	251	12.00
168	221	197	13.00
221	215	249	24.00
1173	1087	200	21.00
142	115	274	13.00
115	104	222	14.00
921	915	234	19.00
915	852	169	20.00
852	837	275	14.00
837	815	266	23.00
815	783	260	14.00
317	320	243	26.00
320	301	154	13.00
301	284	172	16.00
284	269	257	27.00
269	279	204	19.00
279	255	159	23.00
255	184	151	13.00
184	145	252	25.00
1193	1181	182	27.00
1185	1104	125	27.00
1104	1082	201	15.00
1462	1404	230	21.00
1404	1376	267	20.00
1376	1334	269	28.00
1334	1286	241	12.00
655	622	274	14.00
622	550	166	22.00
550	480	257	25.00
480	451	169	22.00
430	450	157	24.00
470	438	157	20.00
438	394	142	24.00
394	352	279	14.00
73	49	251	17.00
49	27	233	26.00
27	34	205	24.00
838	851	158	20.00
542	444	236	17.00
444	416	235	20.00
416	362	267	13.00
362	334	229	23.00
334	306	136	19.00
306	274	274	24.00
274	238	155	27.00
238	192	161	14.00
192	153	136	12.00
153	118	274	26.00
118	89	279	25.00
89	64	274	15.00
64	40	232	18.00
40	28	199	21.00
28	21	239	19.00
21	15	198	15.00
819	770	259	25.00
1634	1621	162	13.00
1604	1591	173	18.00
1621	1604	164	16.00
1604	1600	273	17.00
1125	1076	151	13.00
1341	1296	226	19.00
1031	1121	205	12.00
1532	1498	126	13.00
949	983	250	20.00
983	1013	207	12.00
1013	1033	160	25.00
517	435	166	21.00
1099	1060	121	15.00
529	511	136	20.00
511	494	191	22.00
1137	1085	142	19.00
139	171	181	18.00
150	122	238	13.00
122	92	147	26.00
92	74	202	16.00
74	59	153	13.00
59	48	159	20.00
1495	1491	223	23.00
1491	1493	204	27.00
1493	1494	172	13.00
1494	1492	221	16.00
1492	1496	200	17.00
1279	1362	258	16.00
1362	1405	262	27.00
1405	1435	241	20.00
1435	1459	178	26.00
1459	1473	190	24.00
1473	1516	219	27.00
1516	1571	171	18.00
1571	1625	218	22.00
1238	1151	248	26.00
1151	1138	196	14.00
1138	1108	147	28.00
492	467	136	17.00
545	492	189	27.00
492	456	153	14.00
456	404	256	28.00
404	366	268	16.00
366	323	133	16.00
323	288	203	18.00
288	247	268	21.00
202	175	126	16.00
175	135	228	16.00
135	105	271	25.00
105	80	120	22.00
80	62	243	19.00
1242	1205	147	24.00
1205	1166	167	23.00
1166	1164	241	14.00
1164	1149	274	20.00
1149	1133	210	25.00
1133	1109	122	17.00
1109	1095	184	20.00
1095	1052	167	12.00
1052	1003	214	22.00
1003	997	133	16.00
997	984	213	13.00
984	933	162	26.00
933	917	128	25.00
917	895	202	22.00
895	882	250	14.00
882	863	191	12.00
863	849	275	15.00
849	787	239	28.00
787	775	209	20.00
775	741	172	15.00
741	724	144	18.00
724	685	221	13.00
643	626	226	23.00
626	614	265	21.00
614	583	262	27.00
583	551	127	22.00
551	537	180	26.00
537	523	193	26.00
522	504	171	20.00
504	494	252	28.00
440	429	278	24.00
429	418	279	25.00
386	374	267	23.00
331	326	234	27.00
326	309	248	22.00
309	292	181	20.00
292	285	263	19.00
285	253	222	13.00
685	643	161	21.00
1284	1242	224	24.00
1295	1326	193	25.00
1326	1331	236	13.00
1331	1341	214	20.00
1341	1353	128	19.00
1353	1363	128	18.00
1363	1375	148	16.00
1375	1395	190	26.00
1395	1403	165	18.00
1503	1478	150	23.00
1478	1446	178	18.00
365	301	259	15.00
98	93	245	27.00
93	90	250	19.00
90	78	128	24.00
265	230	259	22.00
970	932	180	20.00
398	369	137	13.00
369	353	224	15.00
353	330	148	21.00
330	307	123	23.00
307	254	171	12.00
282	294	152	22.00
294	305	235	18.00
241	221	240	22.00
707	730	177	26.00
730	746	234	24.00
746	762	254	13.00
1171	1115	254	25.00
12	14	189	22.00
674	659	129	22.00
659	619	189	24.00
619	582	213	13.00
582	546	145	24.00
518	487	162	13.00
487	476	172	26.00
476	452	260	15.00
452	447	211	12.00
447	419	163	19.00
419	394	138	23.00
394	370	175	15.00
370	340	263	17.00
340	324	205	15.00
324	307	183	22.00
307	278	165	17.00
959	912	228	12.00
1540	1552	155	24.00
1552	1565	205	21.00
1565	1584	157	20.00
1584	1589	255	17.00
1589	1609	235	16.00
1609	1623	168	13.00
1623	1632	147	22.00
1632	1647	226	12.00
1647	1651	123	17.00
1615	1641	121	15.00
631	590	135	26.00
590	552	162	20.00
552	545	180	22.00
1367	1300	268	18.00
1300	1270	201	26.00
1270	1206	181	19.00
1387	1331	179	12.00
1024	985	186	23.00
509	470	181	27.00
470	448	247	27.00
448	434	270	16.00
1295	1247	139	27.00
134	164	210	20.00
164	104	273	21.00
104	91	275	14.00
794	799	204	22.00
799	757	209	16.00
757	725	248	18.00
725	675	134	24.00
675	617	130	21.00
695	706	263	27.00
706	691	169	18.00
506	475	220	28.00
475	454	122	12.00
454	442	217	25.00
442	424	123	17.00
1415	1429	159	13.00
1495	1530	186	24.00
1530	1540	231	28.00
1540	1592	215	28.00
468	500	186	19.00
1336	1333	263	15.00
1333	1327	178	24.00
1292	1322	245	28.00
907	883	264	26.00
883	865	203	24.00
865	832	257	25.00
832	789	225	26.00
703	731	188	28.00
731	750	266	16.00
750	772	132	17.00
772	795	128	26.00
795	807	150	25.00
807	826	203	25.00
1335	1281	164	19.00
1152	1107	170	18.00
1188	1159	269	22.00
1159	1138	130	22.00
1514	1487	151	24.00
1487	1470	181	26.00
2	4	233	23.00
446	411	148	19.00
304	277	265	21.00
277	249	200	27.00
213	204	198	12.00
1282	1287	183	14.00
1287	1290	191	27.00
1290	1296	249	12.00
1296	1305	136	18.00
1305	1310	273	26.00
1310	1319	209	13.00
1319	1339	137	19.00
19	13	254	21.00
1163	1237	222	27.00
90	71	234	22.00
71	54	239	19.00
1250	1238	252	28.00
1238	1182	230	28.00
1182	1137	128	12.00
1137	1136	270	18.00
1136	1095	172	20.00
1389	1419	184	12.00
1149	1182	190	24.00
1182	1127	127	27.00
1418	1431	151	16.00
1431	1461	178	17.00
1431	1453	182	18.00
1453	1483	207	20.00
1483	1484	257	23.00
1484	1508	261	21.00
1508	1528	149	26.00
1528	1564	256	21.00
267	251	165	20.00
251	241	245	12.00
241	228	179	23.00
228	229	174	21.00
229	259	170	26.00
1176	1049	208	27.00
1326	1290	177	22.00
1442	1384	205	22.00
356	332	260	19.00
332	311	137	14.00
311	291	209	17.00
550	558	192	27.00
665	700	273	28.00
700	737	165	17.00
737	776	185	15.00
776	801	230	23.00
801	824	270	26.00
824	845	176	23.00
845	866	203	15.00
866	880	139	27.00
880	893	277	27.00
893	897	141	26.00
912	928	121	15.00
928	952	193	13.00
718	677	271	26.00
567	505	153	20.00
102	95	279	26.00
626	665	156	25.00
1352	1356	260	14.00
950	869	188	25.00
869	832	238	15.00
832	741	143	19.00
1366	1388	188	25.00
1566	1583	210	17.00
1583	1589	222	22.00
966	914	134	20.00
1433	1428	168	21.00
1428	1419	217	12.00
247	246	166	18.00
246	242	187	22.00
242	243	263	27.00
1016	991	257	21.00
991	957	140	13.00
957	916	217	14.00
916	875	225	16.00
875	828	222	13.00
828	788	210	28.00
788	752	279	21.00
788	752	152	19.00
752	739	220	24.00
739	732	196	23.00
1419	1418	274	21.00
1418	1422	272	22.00
1422	1425	128	26.00
1425	1426	134	14.00
1426	1427	183	25.00
1430	1432	215	28.00
1432	1435	264	15.00
1435	1438	277	15.00
888	891	244	24.00
891	894	155	20.00
894	899	257	18.00
899	901	255	20.00
905	908	196	17.00
908	916	126	20.00
916	927	129	14.00
927	933	242	25.00
1213	1153	256	25.00
1153	1111	275	12.00
1111	1081	175	21.00
1081	1073	180	19.00
1073	1017	251	15.00
1017	956	153	12.00
956	926	258	17.00
926	857	129	20.00
857	784	167	18.00
784	777	222	15.00
777	756	236	12.00
756	763	125	20.00
263	225	236	15.00
225	155	269	21.00
255	239	266	18.00
1000	1019	173	14.00
1019	1053	253	15.00
1302	1289	219	28.00
1211	1179	269	16.00
1050	992	145	24.00
992	874	133	13.00
874	856	143	19.00
856	842	279	19.00
842	835	277	22.00
835	810	159	13.00
810	782	189	16.00
782	749	210	13.00
749	707	233	27.00
707	639	169	24.00
639	596	160	25.00
596	568	123	26.00
568	521	126	15.00
521	489	183	23.00
489	401	202	18.00
401	356	186	21.00
356	335	200	25.00
335	303	185	25.00
303	271	222	12.00
271	203	217	24.00
203	189	257	14.00
189	165	126	28.00
165	149	172	20.00
149	113	253	18.00
113	87	269	26.00
87	65	236	12.00
65	43	217	24.00
43	29	172	18.00
29	16	247	12.00
182	199	186	18.00
696	672	210	20.00
684	672	149	25.00
413	390	206	15.00
752	753	124	25.00
981	1091	242	15.00
1221	1253	163	13.00
1253	1280	263	17.00
444	464	129	12.00
444	464	258	21.00
1648	1653	155	18.00
1653	1655	171	15.00
879	903	180	19.00
903	923	276	22.00
923	942	277	26.00
942	963	204	21.00
981	1001	244	22.00
1001	1018	191	12.00
1018	1039	147	23.00
1039	1063	258	15.00
1063	1065	129	23.00
1065	1080	251	24.00
1080	1087	159	24.00
1087	1111	242	22.00
961	919	132	15.00
755	710	264	26.00
168	129	203	21.00
500	563	211	13.00
493	505	215	15.00
505	516	123	17.00
516	532	239	18.00
532	553	162	28.00
553	573	227	13.00
1477	1499	145	17.00
1387	1379	130	17.00
1573	1587	155	16.00
1597	1605	127	12.00
1605	1611	264	28.00
397	385	260	15.00
1231	1236	164	27.00
1236	1245	248	25.00
1245	1249	127	20.00
1249	1254	157	13.00
1254	1259	180	19.00
802	769	136	26.00
1546	1594	249	12.00
924	944	143	14.00
944	954	125	20.00
954	964	245	17.00
964	989	200	22.00
989	1004	230	13.00
72	73	175	23.00
73	77	271	23.00
77	79	200	16.00
79	91	237	12.00
1539	1556	242	21.00
1556	1572	262	26.00
920	922	158	26.00
1094	1083	128	16.00
1083	1089	206	25.00
1089	1106	139	21.00
1106	1123	225	25.00
1123	1135	248	16.00
1135	1173	193	26.00
1173	1183	156	18.00
1183	1213	124	13.00
1213	1241	127	17.00
1241	1276	204	25.00
1276	1292	224	13.00
1292	1293	170	25.00
1293	1350	130	12.00
1350	1365	127	16.00
1365	1367	175	19.00
1367	1374	156	12.00
480	495	164	24.00
1227	1213	179	19.00
1183	1208	239	27.00
586	560	148	13.00
560	542	129	26.00
542	521	144	24.00
521	477	122	17.00
501	527	226	12.00
1365	1396	171	23.00
332	295	218	18.00
1342	1242	190	14.00
395	379	171	18.00
631	623	240	18.00
623	611	214	12.00
611	595	231	25.00
595	588	206	17.00
588	575	197	16.00
722	690	231	19.00
1526	1513	189	25.00
1524	1526	168	28.00
1526	1548	265	15.00
946	929	253	25.00
929	919	128	12.00
919	913	124	12.00
1192	1119	179	24.00
1119	1075	193	26.00
705	725	130	21.00
725	740	261	25.00
740	761	268	15.00
761	783	174	19.00
783	784	252	15.00
44	9	279	27.00
9	1	164	23.00
761	670	196	24.00
670	617	234	20.00
617	585	157	19.00
323	308	195	13.00
720	717	148	16.00
717	716	157	26.00
716	713	141	26.00
713	712	228	16.00
712	710	210	18.00
710	708	151	20.00
708	707	134	16.00
1589	1612	244	25.00
1612	1636	245	21.00
1306	1263	124	23.00
777	564	237	27.00
202	131	131	17.00
131	135	141	14.00
135	201	178	24.00
201	202	276	27.00
1448	1439	221	12.00
1123	1063	200	24.00
1153	1176	253	16.00
1176	1121	161	13.00
1121	1081	278	22.00
883	830	171	17.00
830	787	181	24.00
1051	1027	175	12.00
736	718	166	12.00
718	697	120	26.00
697	676	212	15.00
288	275	222	21.00
1255	1229	181	18.00
1342	1364	151	22.00
1364	1391	154	20.00
1391	1428	174	18.00
1158	1194	264	12.00
244	201	145	18.00
201	126	202	18.00
126	100	187	28.00
1441	1522	136	16.00
1522	1545	171	19.00
1545	1613	141	26.00
1613	1647	259	25.00
971	994	198	27.00
218	198	133	25.00
686	695	216	20.00
686	695	195	18.00
695	732	182	26.00
732	735	152	20.00
732	735	195	12.00
767	774	269	26.00
774	788	268	18.00
778	788	280	25.00
186	174	193	27.00
1628	1649	126	13.00
1401	1363	218	25.00
1426	1458	140	27.00
1458	1467	254	25.00
1467	1488	223	16.00
1488	1500	150	12.00
1500	1517	149	20.00
1517	1529	237	24.00
1529	1537	233	22.00
1537	1562	277	22.00
1315	1257	240	23.00
1564	1581	161	25.00
1575	1555	145	15.00
1092	1061	213	24.00
1504	1519	267	23.00
622	604	224	14.00
604	574	162	22.00
673	530	237	28.00
694	530	178	19.00
949	924	178	16.00
924	879	202	21.00
879	801	255	15.00
801	743	194	17.00
743	703	271	27.00
703	662	232	25.00
962	891	234	20.00
1462	1549	194	20.00
1549	1600	222	23.00
1600	1618	149	18.00
1342	1338	178	23.00
1338	1333	189	28.00
944	925	220	21.00
925	903	128	21.00
903	824	245	18.00
824	771	226	18.00
771	731	194	20.00
731	689	280	17.00
689	649	280	22.00
679	674	153	17.00
674	636	223	18.00
636	630	198	13.00
630	646	243	20.00
1195	1298	130	23.00
1298	1354	126	16.00
1350	1380	206	25.00
1162	1212	201	28.00
1055	1004	125	18.00
1004	963	153	15.00
963	880	221	21.00
880	795	174	15.00
795	736	243	17.00
736	677	248	18.00
677	648	208	25.00
1453	1455	280	16.00
1455	1456	233	24.00
1456	1458	156	25.00
437	391	208	28.00
391	354	131	22.00
354	308	245	16.00
308	275	262	24.00
275	246	279	17.00
246	190	260	19.00
600	666	163	25.00
657	656	243	22.00
656	653	135	15.00
653	652	228	25.00
1451	1466	193	27.00
1113	1083	122	27.00
1083	1018	175	22.00
1018	928	163	15.00
928	881	163	24.00
881	844	272	17.00
844	780	127	22.00
1633	1628	224	24.00
1628	1622	185	16.00
1622	1615	277	18.00
1615	1612	143	16.00
1538	1563	198	15.00
1563	1568	165	28.00
412	432	277	22.00
1485	1486	163	20.00
834	805	135	26.00
963	981	122	18.00
650	678	133	23.00
242	231	180	25.00
231	208	188	23.00
208	172	245	13.00
172	136	202	26.00
136	124	197	21.00
124	116	239	27.00
116	109	160	15.00
852	838	213	14.00
510	495	179	22.00
495	454	212	14.00
1417	1413	230	24.00
563	513	211	14.00
1512	1523	172	21.00
1535	1567	159	12.00
1629	1603	166	18.00
1602	1618	122	18.00
1594	1602	265	20.00
1476	1535	247	16.00
1259	1476	231	16.00
1618	1627	121	24.00
1627	1635	220	16.00
1651	1657	162	26.00
1657	1652	234	23.00
1603	1592	173	28.00
1641	1636	261	22.00
1645	1641	279	23.00
1649	1645	158	16.00
1646	1648	127	21.00
1648	1651	230	18.00
1635	1646	256	25.00
1636	1629	232	20.00
1567	1586	143	26.00
1586	1594	203	16.00
1652	1649	174	20.00
1217	1259	273	21.00
1480	1273	201	12.00
1518	1480	221	25.00
1538	1518	166	17.00
1551	1538	155	22.00
1569	1551	248	28.00
1598	1569	136	14.00
1616	1598	250	18.00
1639	1616	143	27.00
1653	1639	270	12.00
336	328	130	19.00
328	293	163	28.00
293	278	147	18.00
278	235	162	21.00
235	232	132	24.00
232	210	147	16.00
210	185	219	18.00
185	160	271	17.00
160	138	175	22.00
138	96	213	23.00
96	68	236	21.00
68	52	204	27.00
26	17	260	28.00
5	3	245	18.00
3	2	236	26.00
2	0	144	23.00
1094	1001	208	23.00
1001	967	141	16.00
967	941	160	12.00
941	931	217	27.00
931	912	170	19.00
912	862	221	25.00
862	827	235	21.00
827	702	230	28.00
208	226	271	25.00
70	56	203	20.00
137	114	245	17.00
140	148	266	23.00
180	157	230	27.00
1465	1467	164	13.00
1351	1383	168	16.00
1543	1554	130	18.00
1558	1554	270	16.00
1554	1548	155	16.00
1383	1393	271	16.00
1548	1537	164	23.00
1393	1425	220	18.00
1425	1456	152	13.00
1456	1465	265	28.00
1465	1485	135	24.00
1485	1497	191	24.00
1497	1511	232	15.00
1511	1524	186	21.00
1524	1543	250	22.00
817	821	200	24.00
1622	1645	178	22.00
682	660	247	26.00
660	647	266	20.00
1421	1440	180	19.00
1256	1304	262	25.00
1304	1346	173	26.00
1346	1373	175	20.00
104	81	174	12.00
229	214	127	22.00
214	228	173	26.00
705	645	174	14.00
410	395	213	18.00
395	384	269	24.00
384	362	238	21.00
362	335	193	18.00
876	867	264	15.00
614	544	247	24.00
544	487	218	19.00
1424	1421	263	13.00
1421	1420	247	17.00
1420	1417	165	14.00
1175	1258	208	23.00
1258	1294	249	26.00
968	927	280	20.00
927	904	274	24.00
904	884	153	14.00
884	840	215	14.00
590	572	278	23.00
1475	1544	215	25.00
762	698	273	26.00
698	613	132	12.00
613	586	265	21.00
586	574	279	18.00
574	478	239	28.00
478	460	215	24.00
460	430	264	15.00
430	412	225	12.00
430	412	252	28.00
412	392	127	13.00
392	376	270	16.00
376	344	196	12.00
376	344	168	19.00
103	112	270	22.00
447	400	277	13.00
400	368	249	26.00
286	250	235	16.00
250	200	249	28.00
200	156	241	21.00
156	120	129	18.00
120	103	160	16.00
103	89	131	23.00
89	65	162	14.00
65	41	270	25.00
1293	1240	253	19.00
1240	1162	264	27.00
1162	1132	254	15.00
1132	1105	166	21.00
1105	1086	260	14.00
1086	1051	171	24.00
1051	1011	163	20.00
1011	979	179	27.00
979	945	256	24.00
945	910	138	20.00
910	877	200	19.00
877	850	231	27.00
850	796	229	27.00
792	765	241	17.00
765	766	219	27.00
766	760	163	19.00
760	764	183	20.00
764	770	213	19.00
1207	1154	145	27.00
1154	1110	149	14.00
1474	1436	251	28.00
973	935	149	19.00
1068	1069	169	16.00
1069	1071	234	23.00
1071	1074	215	21.00
1074	1067	201	22.00
1067	1077	278	17.00
1588	1623	263	21.00
835	818	146	12.00
369	378	205	14.00
1613	1607	227	19.00
1607	1593	273	21.00
1351	1352	172	25.00
1356	1357	167	28.00
1357	1359	225	16.00
1359	1362	154	13.00
1362	1366	208	14.00
1366	1373	258	15.00
1373	1378	176	26.00
1378	1385	195	17.00
630	615	246	15.00
188	173	175	27.00
181	188	181	28.00
181	173	233	16.00
1536	1601	179	22.00
1285	1266	235	14.00
1264	1278	241	22.00
1266	1267	266	25.00
1267	1268	194	21.00
1268	1269	137	18.00
1269	1264	260	14.00
299	314	207	28.00
571	541	276	19.00
713	656	219	15.00
656	588	193	20.00
588	531	190	27.00
513	564	184	19.00
1139	1141	268	14.00
1141	1142	142	20.00
431	454	193	15.00
458	454	203	28.00
1460	1656	280	20.00
1619	1610	222	17.00
1610	1590	241	12.00
1590	1581	240	20.00
1581	1576	204	16.00
1576	1575	220	20.00
1575	1562	213	14.00
1562	1542	211	12.00
1542	1516	220	15.00
1516	1481	121	23.00
1377	1389	127	23.00
1389	1393	164	23.00
1393	1397	274	14.00
1397	1398	201	13.00
1399	1400	124	21.00
1400	1405	183	20.00
1405	1423	203	20.00
1423	1438	163	25.00
1438	1463	176	21.00
300	279	145	17.00
279	259	201	24.00
259	222	216	24.00
1219	1201	250	13.00
1201	1174	190	12.00
1174	1167	194	19.00
1167	1101	218	14.00
1101	1072	277	18.00
1248	1235	120	13.00
781	730	140	25.00
1489	1527	195	26.00
1527	1568	137	17.00
1568	1577	245	26.00
1577	1605	257	13.00
1394	1360	124	28.00
1360	1323	137	21.00
1323	1280	233	23.00
1280	1234	183	20.00
1234	1202	153	16.00
406	380	272	18.00
380	363	217	16.00
363	340	229	27.00
340	321	244	24.00
321	290	208	14.00
1318	1311	122	22.00
1510	1531	277	24.00
1531	1545	271	19.00
384	361	271	27.00
361	339	128	20.00
339	310	196	25.00
310	261	191	21.00
261	234	236	27.00
234	197	266	26.00
197	159	193	28.00
159	120	153	26.00
120	86	263	21.00
86	63	159	16.00
63	39	152	24.00
39	31	234	23.00
31	25	149	17.00
25	17	276	27.00
324	272	274	19.00
1543	1555	203	19.00
1555	1564	205	19.00
1564	1574	139	13.00
1574	1582	245	22.00
1002	987	192	27.00
604	559	199	22.00
559	543	266	25.00
543	507	185	20.00
507	450	220	28.00
507	450	144	20.00
556	581	201	16.00
581	606	189	19.00
603	616	120	17.00
956	947	133	25.00
947	915	277	26.00
575	520	205	25.00
520	483	140	28.00
483	459	191	21.00
459	407	268	28.00
407	338	219	27.00
338	243	235	25.00
806	760	181	27.00
289	248	179	25.00
248	187	177	23.00
187	147	165	26.00
147	123	279	20.00
1160	1127	139	17.00
1127	1085	216	20.00
1085	1052	270	20.00
1052	1016	210	22.00
1016	1029	233	13.00
1029	1035	123	14.00
184	183	199	22.00
990	993	209	14.00
1009	940	198	24.00
993	996	155	18.00
996	1009	159	19.00
940	921	212	16.00
1009	1017	275	27.00
1017	1031	172	15.00
1031	1046	249	18.00
1046	1049	240	22.00
1049	1079	263	13.00
1079	1105	194	22.00
1105	1169	146	18.00
1169	1192	134	27.00
1616	1644	181	19.00
785	757	221	12.00
1492	1493	227	18.00
788	792	165	19.00
1450	1444	167	25.00
792	806	163	13.00
806	811	254	21.00
811	819	268	23.00
819	849	189	15.00
152	93	170	27.00
66	79	136	26.00
459	445	206	26.00
445	428	219	14.00
428	409	138	27.00
409	393	223	14.00
393	373	183	28.00
373	367	243	12.00
61	47	136	18.00
47	34	193	26.00
169	154	175	24.00
167	136	202	16.00
34	22	256	21.00
91	81	209	28.00
81	75	184	19.00
75	67	213	25.00
50	45	150	13.00
1057	1008	268	20.00
1008	978	129	13.00
575	549	225	13.00
549	524	143	28.00
524	501	135	14.00
501	491	160	20.00
491	477	145	15.00
477	449	280	12.00
216	164	279	12.00
47	37	279	27.00
680	654	241	27.00
680	654	280	26.00
654	627	167	26.00
627	601	149	15.00
601	517	241	26.00
517	506	161	26.00
506	473	168	13.00
506	473	161	18.00
1505	1520	186	28.00
1520	1553	204	19.00
1553	1567	131	20.00
99	109	234	23.00
109	127	275	20.00
127	129	172	16.00
129	132	143	19.00
132	134	160	27.00
134	222	237	17.00
222	227	136	18.00
227	239	235	26.00
239	142	224	21.00
142	141	254	16.00
141	162	240	23.00
162	121	198	19.00
121	98	145	26.00
227	216	264	27.00
216	115	222	24.00
115	75	257	18.00
559	499	275	27.00
499	455	136	15.00
205	109	206	20.00
58	69	234	14.00
45	35	247	19.00
35	22	140	24.00
1103	1059	128	28.00
476	421	254	24.00
421	390	165	25.00
360	316	158	15.00
316	276	251	27.00
276	236	146	25.00
236	195	129	19.00
195	159	129	16.00
159	130	167	16.00
130	118	138	12.00
118	87	255	20.00
1047	1098	193	18.00
1020	1047	120	23.00
1043	1007	137	20.00
1243	1272	190	12.00
1262	1251	161	16.00
1262	1311	226	22.00
1164	1118	174	13.00
1118	1026	169	15.00
1026	986	277	12.00
986	975	204	17.00
720	663	227	17.00
663	623	178	26.00
623	572	279	24.00
572	538	244	21.00
538	490	154	13.00
490	467	180	22.00
467	437	133	24.00
173	132	123	21.00
1265	1166	151	12.00
1047	1043	153	15.00
1043	1053	185	13.00
1053	1061	130	18.00
1061	1060	265	22.00
1060	1054	213	17.00
322	318	129	19.00
1021	1000	182	17.00
1022	986	164	25.00
359	348	228	16.00
33	38	167	16.00
643	566	151	16.00
566	518	187	14.00
518	498	243	17.00
498	482	128	17.00
482	453	163	17.00
453	413	214	15.00
413	402	160	24.00
402	387	123	16.00
347	313	267	12.00
313	266	166	28.00
266	233	136	15.00
233	197	130	17.00
197	186	171	12.00
186	177	192	18.00
177	153	156	14.00
153	113	133	25.00
113	97	142	23.00
523	508	156	18.00
1124	1097	186	19.00
1097	1082	265	27.00
1508	1514	176	17.00
1514	1521	222	28.00
809	781	196	16.00
781	749	195	12.00
1140	1125	244	17.00
1076	1025	158	23.00
1025	1002	143	22.00
1002	987	215	23.00
987	960	227	13.00
1414	1355	276	15.00
854	855	120	16.00
855	860	218	18.00
860	864	145	14.00
1434	1466	194	18.00
1466	1499	252	17.00
1499	1519	171	26.00
1519	1531	180	12.00
1531	1572	133	23.00
1572	1596	258	26.00
1596	1632	162	25.00
1632	1654	215	24.00
1654	1657	149	19.00
589	620	124	23.00
770	723	177	19.00
723	681	224	16.00
681	635	196	19.00
635	602	216	19.00
566	544	207	19.00
544	515	143	15.00
515	484	152	16.00
484	472	156	19.00
472	438	198	18.00
438	420	168	20.00
420	408	185	17.00
408	380	222	26.00
380	353	180	25.00
353	328	160	16.00
1280	1286	176	24.00
1286	1299	174	20.00
1301	1276	124	13.00
1276	1079	278	18.00
1079	982	253	25.00
982	918	168	23.00
918	896	239	17.00
896	848	198	26.00
848	839	262	22.00
839	797	125	17.00
797	763	224	12.00
555	567	277	19.00
567	580	180	23.00
580	607	142	13.00
607	625	258	27.00
625	642	132	23.00
645	666	177	16.00
666	675	165	28.00
675	701	182	20.00
281	294	162	28.00
1169	1117	238	18.00
1468	1437	123	27.00
654	634	280	14.00
1086	1062	266	17.00
1089	1039	228	28.00
1039	990	163	26.00
990	952	129	18.00
952	876	245	14.00
876	859	139	24.00
859	794	268	21.00
794	705	261	18.00
336	312	169	12.00
312	289	276	28.00
289	263	166	17.00
263	244	159	15.00
1346	1330	202	14.00
1330	1313	150	16.00
1313	1329	272	27.00
1329	1330	235	14.00
537	514	224	12.00
514	509	214	18.00
509	472	230	13.00
472	419	133	26.00
419	397	182	28.00
397	375	121	17.00
375	341	153	25.00
341	322	126	12.00
304	281	136	18.00
281	256	187	19.00
256	224	260	23.00
224	178	270	19.00
1278	1252	230	21.00
1252	1211	192	22.00
1211	1186	252	17.00
1186	1152	251	17.00
1152	1100	162	24.00
1100	1056	269	26.00
1056	1030	145	15.00
1030	1028	215	14.00
733	742	200	28.00
1260	1230	152	24.00
1230	1197	257	12.00
1197	1168	136	13.00
1168	1101	123	12.00
1101	1056	132	15.00
1056	1008	167	20.00
1008	969	182	15.00
969	948	147	22.00
822	1126	137	19.00
1120	825	228	14.00
423	386	161	20.00
1640	1625	262	13.00
1625	1547	163	27.00
1481	1512	166	28.00
1512	1534	123	12.00
1534	1547	229	24.00
651	633	149	17.00
633	605	194	21.00
1187	1218	240	18.00
836	776	129	15.00
1580	1637	158	16.00
1637	1642	276	22.00
1642	1658	206	16.00
1136	1145	235	22.00
1377	1370	123	26.00
1321	1351	218	24.00
1370	1349	134	21.00
1349	1336	180	22.00
1351	1349	202	14.00
1336	1321	252	16.00
1321	1318	169	23.00
1311	1303	272	21.00
1303	1288	161	18.00
1288	1279	151	25.00
1279	1256	249	20.00
1256	1250	141	20.00
1250	1209	186	23.00
1472	1501	121	24.00
1392	1374	184	14.00
629	594	131	23.00
594	580	183	19.00
580	556	266	25.00
556	536	260	17.00
536	516	225	15.00
1511	1513	176	28.00
465	434	230	23.00
434	408	124	28.00
408	370	232	15.00
370	351	192	24.00
351	325	198	16.00
325	287	143	24.00
249	206	219	25.00
206	163	265	25.00
163	108	216	28.00
108	84	201	28.00
84	63	260	19.00
63	51	153	14.00
51	40	222	12.00
40	29	237	14.00
29	18	207	22.00
1201	1220	159	17.00
1220	1234	271	22.00
1482	1509	150	27.00
376	342	170	23.00
376	342	150	13.00
342	310	270	23.00
310	274	136	17.00
1569	1599	162	20.00
536	554	186	23.00
554	579	239	13.00
579	592	186	16.00
854	804	141	22.00
107	82	229	12.00
1277	1281	181	23.00
1281	1270	175	26.00
1416	1411	162	25.00
1411	1403	198	15.00
1403	1278	260	12.00
303	262	266	25.00
1241	1261	126	19.00
958	962	214	17.00
962	965	239	22.00
965	970	225	26.00
970	973	240	21.00
973	975	172	24.00
975	977	279	27.00
977	980	247	23.00
980	991	265	22.00
991	1003	185	22.00
1240	1232	279	22.00
1232	1212	260	25.00
1212	1206	272	27.00
1206	1192	141	13.00
67	54	266	21.00
54	44	183	17.00
958	995	134	25.00
712	653	142	21.00
653	575	253	13.00
131	85	164	13.00
85	57	228	22.00
125	146	177	18.00
133	125	217	23.00
125	121	172	21.00
471	414	202	27.00
468	426	160	19.00
426	399	280	13.00
399	374	139	13.00
1361	1299	148	13.00
1299	1260	133	17.00
1260	1231	147	16.00
1231	1203	252	21.00
1199	1165	122	18.00
1165	1129	133	14.00
1129	1072	166	27.00
1072	1036	201	14.00
167	209	131	20.00
315	283	208	21.00
346	315	212	24.00
709	665	241	22.00
665	628	172	28.00
628	610	179	18.00
610	565	202	20.00
565	548	179	15.00
548	540	185	14.00
540	529	120	25.00
529	485	185	21.00
485	462	274	15.00
462	423	270	23.00
423	399	280	16.00
399	383	184	25.00
383	355	183	21.00
355	337	268	20.00
337	302	155	23.00
937	908	276	12.00
908	864	171	15.00
864	814	135	14.00
814	774	231	19.00
774	748	274	25.00
748	692	193	15.00
1038	1058	136	20.00
549	502	259	21.00
502	445	210	16.00
445	396	213	18.00
396	317	157	23.00
317	226	236	21.00
121	94	128	25.00
707	652	135	14.00
652	575	210	13.00
745	708	197	22.00
744	700	137	23.00
700	668	261	12.00
668	641	273	14.00
641	612	200	22.00
936	937	165	22.00
937	957	254	20.00
957	968	211	22.00
968	997	268	16.00
1242	1207	251	19.00
1207	1141	212	22.00
1141	1098	173	19.00
628	668	266	25.00
668	711	262	17.00
711	743	239	26.00
743	771	173	25.00
771	798	237	15.00
545	481	190	17.00
490	488	242	17.00
488	486	200	18.00
486	483	174	15.00
868	846	232	15.00
846	841	265	14.00
841	831	212	14.00
831	856	233	28.00
1085	1064	266	24.00
1064	1040	164	14.00
1040	1023	204	15.00
1023	999	120	21.00
999	985	143	14.00
985	960	218	18.00
611	539	263	27.00
539	488	154	17.00
488	422	133	18.00
992	900	272	24.00
900	870	243	18.00
870	841	208	15.00
412	389	135	27.00
389	361	225	12.00
361	334	246	18.00
334	303	140	19.00
1620	1608	170	25.00
1608	1591	146	18.00
439	388	120	16.00
388	367	245	21.00
367	311	247	28.00
1264	1339	190	22.00
1339	1395	270	13.00
1395	1407	184	26.00
1407	1417	252	22.00
1417	1450	178	12.00
1450	1490	150	16.00
1490	1515	243	20.00
1515	1559	271	21.00
1559	1584	142	23.00
1584	1629	167	12.00
357	312	170	19.00
312	268	150	19.00
268	212	159	22.00
41	30	190	13.00
30	18	156	27.00
18	12	192	14.00
12	10	126	27.00
10	8	200	24.00
8	7	132	20.00
7	5	229	23.00
1157	1175	123	26.00
799	829	213	25.00
1398	1399	269	20.00
1494	1552	199	17.00
1574	1561	275	18.00
425	371	148	22.00
371	345	153	18.00
345	313	172	17.00
313	276	206	22.00
276	250	266	23.00
250	224	152	16.00
224	194	187	13.00
194	182	157	20.00
182	163	129	20.00
163	137	266	24.00
137	117	162	21.00
117	92	276	27.00
92	82	238	25.00
217	191	247	20.00
191	146	139	24.00
146	133	235	16.00
133	106	171	16.00
1454	1457	129	21.00
1457	1459	152	15.00
1459	1463	138	23.00
1114	1064	259	15.00
1064	1005	253	14.00
177	130	139	22.00
42	49	200	23.00
49	53	121	17.00
1046	971	156	15.00
971	955	266	14.00
955	902	252	16.00
902	873	179	15.00
873	812	257	27.00
812	756	258	23.00
162	88	219	28.00
716	657	136	12.00
657	595	270	15.00
595	534	199	21.00
534	486	133	21.00
639	664	158	19.00
664	687	134	16.00
687	698	233	22.00
406	415	160	24.00
759	786	237	21.00
786	886	242	24.00
886	921	214	22.00
1191	1160	242	23.00
1160	1114	215	22.00
1114	1103	280	12.00
1103	1090	267	19.00
1090	1078	256	21.00
1078	1048	168	25.00
1048	1024	147	22.00
1024	1025	202	18.00
1025	1034	147	20.00
1034	1037	253	25.00
1037	1042	225	23.00
1042	1045	203	23.00
235	212	194	25.00
212	187	268	27.00
187	155	278	13.00
155	126	196	22.00
126	105	273	22.00
105	85	273	16.00
210	147	246	15.00
147	100	155	13.00
100	80	156	16.00
80	57	228	26.00
355	343	180	20.00
343	314	161	25.00
1203	1245	208	17.00
902	918	272	22.00
436	469	212	26.00
469	474	277	20.00
874	831	160	25.00
51	60	163	28.00
1202	1168	155	12.00
1168	1129	182	12.00
1640	1650	222	26.00
1181	1226	183	25.00
1014	966	235	24.00
992	1020	250	22.00
1178	1170	208	13.00
1170	1157	168	25.00
1157	1143	121	14.00
1143	1134	184	14.00
1134	1082	125	21.00
1082	1012	156	13.00
1012	858	149	27.00
858	769	241	16.00
769	734	220	16.00
734	728	257	23.00
728	694	200	24.00
661	558	259	15.00
558	530	224	16.00
530	512	170	15.00
512	510	188	18.00
510	466	185	17.00
405	390	233	23.00
390	368	244	22.00
368	341	252	24.00
341	287	244	21.00
287	265	268	13.00
265	245	165	28.00
245	220	133	17.00
220	185	150	18.00
185	123	167	12.00
123	62	235	16.00
240	217	154	27.00
217	183	124	16.00
183	191	246	22.00
947	940	122	19.00
1646	1634	120	18.00
1634	1620	272	20.00
1620	1607	133	20.00
1106	1131	208	14.00
1131	1148	251	12.00
1487	1483	263	25.00
941	951	211	12.00
1528	1561	140	27.00
1561	1582	229	23.00
1582	1610	240	18.00
213	180	268	14.00
180	158	244	20.00
158	140	212	26.00
140	117	247	17.00
117	101	194	25.00
101	83	161	23.00
83	55	156	21.00
55	39	278	12.00
39	28	225	25.00
28	16	204	23.00
16	10	250	23.00
485	440	189	24.00
511	535	261	13.00
610	641	229	28.00
641	683	233	28.00
683	703	219	27.00
210	252	235	27.00
805	856	182	24.00
110	95	205	23.00
728	667	222	13.00
667	613	210	20.00
1228	1239	142	12.00
1239	1247	236	14.00
601	599	166	27.00
599	597	273	26.00
597	591	203	14.00
591	557	272	17.00
557	528	163	14.00
528	497	175	17.00
453	436	170	13.00
436	421	231	13.00
421	400	220	21.00
400	375	120	26.00
375	359	178	19.00
359	352	178	20.00
352	325	162	28.00
325	290	222	14.00
290	272	245	19.00
272	254	262	17.00
254	232	162	28.00
388	373	195	27.00
373	327	163	21.00
327	269	222	15.00
269	228	268	24.00
196	160	271	20.00
1420	1449	257	18.00
1449	1496	182	12.00
1496	1525	247	16.00
1525	1565	214	25.00
1565	1603	255	16.00
355	329	219	12.00
1563	1597	202	27.00
930	872	146	25.00
872	833	222	17.00
833	789	270	18.00
789	724	126	24.00
724	635	176	25.00
635	582	191	13.00
582	528	137	18.00
528	503	136	20.00
503	473	233	22.00
473	446	192	15.00
446	417	185	17.00
417	403	160	17.00
403	371	258	22.00
371	344	204	18.00
344	333	235	18.00
333	296	193	12.00
296	261	159	18.00
261	238	144	23.00
238	203	173	19.00
203	176	257	23.00
176	144	157	14.00
815	786	142	12.00
1297	1337	179	20.00
333	298	145	26.00
298	266	163	27.00
266	236	242	17.00
236	200	154	26.00
200	178	184	19.00
178	151	150	21.00
151	108	260	22.00
108	83	240	15.00
83	70	169	21.00
70	59	197	19.00
433	541	228	14.00
377	433	191	23.00
273	299	221	24.00
541	608	255	25.00
299	350	173	15.00
350	377	235	23.00
264	283	139	22.00
1643	1654	238	26.00
283	314	169	15.00
314	319	190	20.00
319	358	163	14.00
358	382	219	23.00
382	471	272	27.00
471	513	152	13.00
564	571	182	13.00
1037	1074	128	18.00
1295	1328	187	13.00
401	416	171	16.00
401	416	123	21.00
1151	1090	179	17.00
1200	1151	197	14.00
1090	1040	244	21.00
1040	988	243	24.00
988	946	178	15.00
946	917	215	28.00
917	889	133	24.00
443	460	125	24.00
443	460	138	22.00
460	455	127	16.00
455	450	178	13.00
455	450	173	17.00
450	451	223	23.00
451	457	137	26.00
457	435	177	26.00
457	435	246	15.00
435	424	220	12.00
435	424	270	28.00
424	403	189	22.00
403	372	189	16.00
372	347	171	16.00
347	316	200	24.00
316	286	192	18.00
286	256	209	12.00
256	223	162	17.00
223	206	206	19.00
206	158	237	26.00
158	122	243	21.00
122	107	209	24.00
996	909	258	18.00
909	878	161	13.00
878	829	178	12.00
829	817	192	12.00
817	785	272	16.00
785	740	181	12.00
740	701	151	21.00
701	670	268	26.00
77	53	255	26.00
280	207	227	26.00
207	172	182	14.00
568	524	223	19.00
524	479	143	21.00
479	428	151	17.00
428	381	148	21.00
381	320	217	12.00
320	297	223	26.00
297	270	198	21.00
270	218	186	28.00
218	211	237	13.00
1048	999	154	27.00
999	953	225	25.00
953	913	168	15.00
913	890	121	24.00
1204	1308	259	23.00
669	625	127	21.00
625	603	241	19.00
603	579	191	18.00
579	553	125	20.00
417	431	184	22.00
431	442	216	28.00
1525	1559	138	26.00
1309	1325	195	18.00
594	621	178	27.00
1577	1585	153	21.00
1532	1550	265	14.00
1550	1585	177	27.00
1585	1611	208	19.00
1595	1587	217	18.00
1587	1583	268	23.00
1583	1579	155	24.00
1252	1283	249	15.00
1283	1297	202	26.00
1297	1306	179	17.00
1306	1314	239	26.00
1314	1323	243	25.00
1323	1334	237	15.00
1334	1347	199	24.00
1347	1355	142	25.00
1355	1361	272	14.00
1361	1369	235	17.00
1369	1381	186	21.00
1638	1640	191	22.00
1637	1631	137	20.00
1637	1638	234	17.00
1619	1624	144	19.00
1624	1626	195	15.00
1626	1631	188	16.00
1642	1650	238	28.00
1273	1217	145	22.00
755	773	250	21.00
813	825	206	16.00
220	193	208	14.00
193	179	228	18.00
1324	1345	202	12.00
1345	1368	135	27.00
1368	1387	137	15.00
1387	1401	167	24.00
1401	1406	262	17.00
1406	1407	166	27.00
1407	1411	266	28.00
699	660	137	15.00
1180	1255	145	23.00
150	107	230	27.00
967	976	223	19.00
1130	1041	213	25.00
609	569	221	19.00
1128	1066	163	21.00
1066	1035	214	20.00
1035	980	152	25.00
980	936	243	15.00
936	905	198	24.00
905	860	225	16.00
878	886	222	19.00
1380	1396	212	15.00
1396	1392	153	16.00
446	458	204	17.00
458	475	254	25.00
512	454	230	13.00
984	1005	227	28.00
1350	1335	218	13.00
1335	1289	203	17.00
1289	1277	209	15.00
1277	1232	166	23.00
34	24	143	25.00
24	20	132	14.00
20	11	127	17.00
692	694	221	14.00
694	655	179	14.00
655	661	127	13.00
661	673	253	13.00
673	686	178	19.00
686	692	238	26.00
975	901	186	26.00
901	871	180	19.00
363	330	230	26.00
1343	1342	243	14.00
1175	1124	174	14.00
1124	1050	177	17.00
749	791	155	13.00
1244	1320	213	27.00
816	805	182	27.00
805	755	266	24.00
822	816	163	22.00
1161	1210	188	25.00
1210	1243	229	19.00
1126	1161	180	12.00
1562	1443	130	19.00
1272	1460	244	20.00
1460	1320	271	21.00
1262	1320	205	15.00
1251	1156	275	23.00
1156	1120	171	24.00
813	791	279	14.00
791	755	157	24.00
1119	1102	202	15.00
1042	1071	212	22.00
165	119	249	16.00
119	97	252	24.00
41	36	272	15.00
36	32	218	21.00
32	23	161	27.00
1065	1038	178	21.00
1038	993	263	24.00
1343	1284	205	27.00
1284	1215	211	21.00
775	754	254	20.00
754	723	272	15.00
723	719	147	27.00
719	679	277	17.00
679	659	161	23.00
659	591	176	20.00
1434	1358	255	22.00
1358	1340	197	22.00
1340	1283	154	18.00
1283	1221	128	19.00
1221	1219	270	20.00
1219	1186	208	13.00
1186	1146	255	18.00
1146	1130	146	14.00
1300	1312	152	14.00
599	533	199	22.00
533	503	188	24.00
243	226	259	24.00
226	207	189	19.00
207	211	164	12.00
926	955	195	17.00
955	982	245	18.00
982	1011	255	17.00
1011	1027	145	23.00
1027	1075	260	23.00
101	74	239	15.00
1368	1326	134	24.00
644	671	253	19.00
673	680	171	24.00
680	693	215	23.00
693	691	278	13.00
691	636	202	23.00
1497	1500	245	15.00
864	875	253	28.00
875	884	256	21.00
884	887	202	23.00
887	889	177	12.00
889	895	137	15.00
1413	1451	227	14.00
1451	1477	141	15.00
1477	1504	132	25.00
1504	1510	196	21.00
1510	1556	267	12.00
1556	1578	194	12.00
1578	1595	154	13.00
1595	1609	144	23.00
1609	1633	256	21.00
1633	1643	187	22.00
1643	1652	259	26.00
741	715	144	21.00
715	681	178	26.00
681	619	171	13.00
619	557	155	25.00
557	533	194	26.00
533	517	142	24.00
533	517	229	26.00
435	425	274	22.00
425	427	196	27.00
1015	965	271	24.00
965	920	256	25.00
920	894	174	27.00
894	871	212	12.00
871	854	273	24.00
1209	1307	203	26.00
1307	1378	137	19.00
1378	1423	121	23.00
1566	1573	210	14.00
1573	1578	251	24.00
1578	1588	192	14.00
1588	1596	243	24.00
478	499	234	14.00
499	507	234	13.00
1432	1457	139	12.00
1457	1469	251	22.00
1469	1542	172	26.00
1542	1580	190	24.00
1580	1638	273	26.00
820	778	191	21.00
778	751	127	20.00
751	733	158	21.00
733	695	162	13.00
404	391	171	22.00
534	531	240	24.00
531	520	241	16.00
520	502	148	16.00
502	479	152	15.00
479	461	280	18.00
461	439	144	17.00
897	807	139	20.00
807	758	170	22.00
551	525	189	17.00
525	484	232	25.00
418	463	244	14.00
1464	1448	134	23.00
1448	1439	139	16.00
1439	1437	124	24.00
1437	1410	131	13.00
1410	1347	258	27.00
1340	1371	253	16.00
728	747	185	24.00
728	747	136	20.00
1163	1112	242	13.00
885	836	250	15.00
836	790	269	12.00
790	744	250	15.00
744	709	225	17.00
685	602	169	21.00
602	546	153	20.00
546	526	254	23.00
526	519	232	15.00
519	497	167	24.00
497	411	174	21.00
411	372	148	19.00
372	345	219	15.00
345	298	271	16.00
298	260	129	24.00
260	234	159	14.00
234	192	169	15.00
192	149	216	24.00
1474	1480	213	23.00
1462	1464	213	26.00
1464	1468	160	23.00
1468	1471	221	23.00
1471	1474	203	13.00
1480	1489	155	16.00
1489	1498	236	27.00
559	570	186	13.00
31	21	239	28.00
583	515	221	14.00
515	452	201	23.00
1295	1282	261	12.00
124	166	138	15.00
1310	1353	221	16.00
1353	1379	264	17.00
1379	1408	123	19.00
1409	1412	144	12.00
1412	1424	159	25.00
1424	1447	173	28.00
1447	1491	252	24.00
1491	1530	248	22.00
1471	1369	257	21.00
1369	1236	181	13.00
489	449	185	13.00
449	439	167	22.00
439	393	267	26.00
393	349	215	18.00
349	284	136	26.00
284	251	270	25.00
1391	1377	222	20.00
402	390	185	17.00
1427	1430	188	16.00
1014	1041	239	23.00
1041	1057	191	20.00
1057	1070	192	21.00
1070	1100	183	21.00
1100	1167	230	18.00
1167	1202	132	25.00
627	644	160	21.00
644	646	276	14.00
646	597	222	18.00
24	27	276	18.00
1469	1472	258	19.00
1472	1473	157	23.00
1473	1481	278	19.00
441	343	215	20.00
343	337	134	18.00
754	715	244	18.00
1502	1452	127	26.00
950	1006	252	21.00
1033	1091	274	25.00
1422	1455	132	19.00
1078	1023	187	19.00
1023	972	236	22.00
972	929	219	13.00
929	882	187	26.00
1478	1445	274	26.00
1222	1181	131	20.00
1181	1139	201	28.00
1139	1098	137	21.00
1098	1092	245	23.00
1092	1096	237	15.00
1096	1099	263	17.00
1099	1110	236	26.00
1110	1118	233	21.00
1118	1122	269	13.00
1122	1126	188	28.00
1126	1128	164	20.00
1128	1133	166	19.00
1104	1020	272	12.00
1020	998	151	27.00
998	958	237	25.00
958	888	193	19.00
888	868	128	16.00
868	847	128	19.00
847	804	149	23.00
804	802	257	20.00
802	800	161	28.00
800	767	218	27.00
767	747	217	23.00
747	748	200	20.00
748	751	233	26.00
751	742	166	28.00
751	742	124	24.00
742	739	219	18.00
1555	1533	189	28.00
1433	1506	261	16.00
1506	1541	215	16.00
1541	1560	182	16.00
1560	1614	123	16.00
1304	1307	254	28.00
1307	1308	131	25.00
1308	1298	245	17.00
25	15	160	17.00
1234	1233	171	25.00
1233	1197	190	22.00
1197	1165	236	22.00
1402	1390	208	26.00
1390	1385	167	19.00
1385	1372	213	18.00
1372	1354	243	12.00
1135	1148	233	20.00
1148	1177	259	19.00
763	793	254	21.00
1598	1630	140	13.00
351	321	139	22.00
277	223	278	12.00
869	833	225	26.00
790	737	157	21.00
737	711	234	12.00
711	683	189	24.00
1606	1562	183	27.00
1624	1606	233	23.00
1606	1580	243	28.00
1580	1571	273	24.00
1571	1534	175	23.00
1132	1144	140	24.00
1032	1028	241	19.00
1028	1010	242	12.00
1010	978	277	14.00
978	938	199	19.00
1639	1655	169	24.00
151	111	265	23.00
111	86	183	24.00
86	64	183	25.00
64	43	132	17.00
43	33	133	27.00
33	30	250	19.00
30	23	173	12.00
258	219	138	19.00
1507	1518	135	22.00
1411	1413	260	15.00
1413	1434	228	23.00
1434	1441	196	21.00
1441	1442	256	15.00
1442	1462	154	22.00
1462	1475	184	25.00
1475	1482	133	19.00
1482	1505	248	19.00
1505	1535	196	14.00
1518	1527	121	24.00
1527	1532	156	21.00
1532	1536	166	20.00
1288	1359	155	23.00
1190	1172	207	18.00
1386	1348	231	18.00
1348	1314	243	17.00
1314	1253	194	17.00
1253	1220	268	25.00
1220	1174	145	17.00
840	890	239	16.00
800	814	264	24.00
814	820	248	19.00
820	828	167	17.00
828	840	228	15.00
890	907	236	23.00
907	911	172	20.00
911	934	192	24.00
934	943	162	23.00
943	950	171	18.00
950	930	169	14.00
640	621	219	22.00
621	607	195	12.00
607	581	203	17.00
581	554	267	25.00
554	532	132	24.00
190	169	182	17.00
688	705	206	14.00
683	658	236	26.00
565	609	234	12.00
609	612	258	19.00
612	624	222	25.00
624	658	148	26.00
658	662	186	28.00
662	651	145	22.00
651	649	275	21.00
649	647	230	27.00
647	638	176	15.00
638	629	170	20.00
629	640	138	16.00
640	648	245	19.00
648	669	185	28.00
669	688	280	19.00
72	46	173	27.00
46	42	153	18.00
42	13	206	15.00
766	738	191	23.00
823	808	184	25.00
727	706	194	23.00
706	693	158	19.00
1576	1606	161	28.00
1315	1317	230	16.00
1272	1315	151	12.00
1317	1316	173	13.00
1274	1291	260	28.00
765	729	207	16.00
293	268	137	19.00
268	248	230	25.00
248	225	131	26.00
225	201	229	19.00
201	175	170	17.00
175	131	265	17.00
593	632	169	26.00
1209	1204	177	17.00
1204	1200	133	16.00
1200	1195	121	20.00
1195	1188	245	16.00
1188	1187	232	16.00
1187	1180	199	24.00
1180	1171	265	19.00
1171	1163	184	20.00
1163	1140	237	12.00
1140	1155	229	21.00
1155	1158	192	13.00
1091	1094	187	13.00
1094	1113	219	18.00
1113	1147	160	14.00
1147	1177	182	25.00
1177	1208	150	17.00
1208	1216	130	19.00
1216	1227	123	13.00
1227	1261	147	21.00
1261	1301	144	23.00
1301	1322	181	24.00
1322	1344	242	14.00
1344	1380	168	21.00
194	170	205	16.00
1095	1029	163	26.00
881	892	146	19.00
270	257	140	17.00
257	297	226	17.00
189	161	257	18.00
161	143	230	13.00
1416	1539	190	23.00
1447	1449	211	12.00
1248	1275	232	21.00
1222	1248	246	18.00
1275	1223	137	14.00
1193	1222	141	24.00
1193	1184	246	23.00
939	898	229	21.00
618	598	241	25.00
642	618	141	28.00
1223	1189	277	25.00
898	642	262	27.00
598	562	212	22.00
562	578	148	13.00
1198	1274	161	27.00
1274	1244	170	20.00
1244	1108	270	23.00
1108	1093	154	25.00
1093	1088	139	25.00
1088	1084	273	12.00
974	843	221	27.00
843	645	165	13.00
645	600	224	21.00
600	584	124	22.00
584	587	249	14.00
1045	1069	181	16.00
664	596	168	24.00
1644	1630	221	28.00
1630	1617	203	22.00
1617	1599	234	19.00
1420	1406	190	18.00
1406	1375	195	13.00
1375	1319	155	21.00
1319	1266	161	22.00
