1024	1984	20	0.30

8	 -37	 0
102	 45	 0
164	 -2	 0
301	 -35	 0
412	 -7	 0
516	 -25	 0
580	 23	 0
711	 -8	 7
800	 5	 7
854	 -17	 7
1002	 3	 7
1114	 -15	 7
1206	 -9	 7
1314	 2	 7
1422	 -28	 7
1496	 5	 7
1615	 5	 6
1690	 1	 6
1782	 -26	 6
1899	 -21	 6
2031	 10	 6
2109	 -10	 6
2180	 7	 6
2298	 27	 3
2403	 16	 3
2529	 -11	 3
2591	 -31	 3
2726	 27	 3
2816	 0	 3
2914	 -6	 3
3024	 -27	 3
3090	 26	 3
33	 110	 0
115	 64	 0
202	 135	 0
293	 81	 0
414	 68	 0
489	 95	 0
633	 66	 0
685	 125	 0
782	 110	 0
913	 87	 7
963	 91	 7
1073	 99	 7
1178	 118	 7
1272	 65	 7
1437	 119	 6
1488	 75	 6
1592	 103	 6
1729	 87	 6
1779	 121	 6
1889	 105	 6
2033	 94	 6
2108	 105	 6
2214	 102	 6
2275	 58	 6
2400	 83	 3
2475	 91	 3
2604	 89	 3
2717	 108	 3
2820	 99	 3
2883	 92	 3
3025	 82	 3
3135	 119	 3
-18	 209	 0
74	 236	 0
203	 220	 0
300	 234	 0
418	 216	 0
467	 198	 0
567	 185	 0
730	 199	 0
795	 205	 7
886	 175	 7
1011	 242	 7
1093	 201	 7
1203	 228	 7
1294	 239	 7
1407	 164	 6
1493	 201	 6
1569	 185	 6
1695	 218	 6
1802	 242	 6
1903	 227	 6
2017	 207	 6
2090	 193	 6
2179	 191	 6
2254	 170	 6
2374	 195	 3
2513	 239	 3
2607	 159	 3
2731	 205	 3
2767	 226	 3
2935	 201	 3
2957	 213	 3
3074	 190	 3
-26	 294	 0
85	 318	 0
208	 297	 0
312	 280	 0
392	 292	 0
504	 324	 0
620	 288	 0
698	 263	 0
817	 279	 0
919	 296	 7
957	 312	 7
1115	 268	 7
1212	 264	 7
1268	 281	 7
1422	 288	 6
1513	 334	 6
1632	 279	 6
1703	 341	 6
1828	 270	 6
1892	 305	 6
1972	 344	 6
2074	 309	 6
2193	 272	 6
2288	 279	 3
2428	 258	 3
2518	 323	 3
2611	 258	 3
2723	 316	 3
2803	 323	 3
2920	 271	 3
3025	 289	 3
3108	 285	 3
-2	 447	 0
96	 377	 0
197	 402	 0
310	 371	 0
428	 400	 0
530	 383	 0
610	 377	 0
721	 389	 0
787	 401	 0
909	 356	 7
978	 405	 7
1073	 383	 7
1188	 427	 7
1334	 403	 7
1379	 403	 7
1493	 414	 6
1582	 416	 6
1670	 405	 6
1788	 404	 6
1900	 352	 6
1988	 405	 6
2074	 415	 6
2211	 411	 3
2294	 380	 3
2418	 434	 3
2507	 388	 3
2595	 395	 3
2719	 395	 3
2783	 426	 3
2899	 386	 3
3037	 430	 3
3111	 383	 3
11	 505	 0
117	 499	 0
188	 478	 0
322	 509	 0
387	 480	 0
483	 505	 0
590	 516	 0
694	 458	 0
789	 495	 0
899	 479	 7
994	 503	 7
1107	 506	 7
1196	 508	 7
1291	 458	 7
1359	 492	 7
1497	 498	 7
1582	 499	 6
1686	 484	 6
1812	 499	 6
1889	 501	 6
1975	 503	 6
2075	 480	 6
2193	 499	 6
2312	 537	 18
2388	 482	 3
2515	 497	 3
2621	 536	 3
2725	 480	 3
2824	 476	 3
2905	 499	 3
2981	 511	 3
3114	 487	 3
22	 597	 0
113	 608	 0
181	 607	 0
258	 605	 0
410	 622	 0
519	 624	 0
589	 579	 11
742	 627	 7
805	 596	 7
861	 581	 7
1007	 594	 7
1087	 642	 7
1191	 596	 7
1283	 620	 7
1429	 590	 7
1497	 598	 7
1592	 581	 6
1677	 599	 6
1777	 555	 6
1886	 562	 6
2006	 633	 6
2095	 574	 6
2225	 570	 6
2270	 591	 18
2442	 566	 18
2493	 615	 3
2575	 637	 3
2702	 589	 3
2785	 645	 3
2918	 591	 3
2998	 608	 3
3115	 629	 3
10	 697	 0
61	 745	 0
192	 684	 0
301	 695	 0
432	 722	 0
499	 697	 0
605	 747	 11
701	 709	 7
808	 684	 7
903	 725	 7
1015	 708	 7
1122	 660	 7
1200	 721	 7
1325	 694	 7
1371	 692	 7
1473	 726	 7
1603	 715	 13
1695	 706	 13
1843	 679	 6
1902	 741	 6
2003	 680	 6
2053	 674	 6
2174	 721	 18
2309	 694	 18
2389	 695	 5
2483	 732	 3
2610	 686	 3
2680	 667	 3
2779	 732	 3
2905	 733	 3
3043	 693	 3
3115	 674	 3
-24	 806	 0
106	 790	 0
232	 785	 0
282	 761	 0
387	 806	 0
489	 804	 0
596	 809	 11
724	 801	 11
785	 813	 11
918	 828	 7
1021	 788	 7
1095	 802	 7
1209	 792	 7
1293	 800	 7
1389	 807	 7
1502	 765	 7
1583	 830	 13
1696	 807	 13
1810	 806	 6
1904	 799	 6
2043	 843	 6
2135	 811	 6
2195	 831	 5
2312	 798	 18
2442	 800	 5
2510	 848	 5
2593	 840	 5
2699	 820	 5
2801	 826	 3
2916	 803	 3
2994	 794	 3
3140	 755	 5
19	 943	 11
129	 877	 11
198	 885	 11
320	 936	 11
409	 940	 11
507	 889	 11
610	 924	 11
703	 911	 15
806	 887	 15
879	 898	 15
966	 882	 7
1125	 887	 7
1209	 898	 7
1322	 865	 7
1417	 933	 13
1516	 898	 13
1605	 887	 13
1710	 908	 13
1820	 873	 6
1898	 914	 6
2037	 902	 17
2076	 878	 17
2217	 913	 5
2298	 911	 5
2397	 915	 5
2547	 903	 5
2630	 932	 5
2734	 882	 5
2799	 908	 3
2880	 939	 5
2982	 860	 5
3140	 862	 5
3	 982	 11
84	 1016	 11
181	 1034	 11
260	 1036	 11
382	 974	 11
483	 977	 11
564	 980	 11
712	 991	 11
816	 1024	 15
934	 1038	 13
971	 1022	 13
1097	 990	 13
1237	 1001	 7
1302	 962	 13
1409	 984	 13
1506	 986	 13
1620	 1000	 13
1680	 1011	 13
1784	 995	 13
1923	 995	 13
2029	 985	 13
2100	 979	 17
2155	 1006	 17
2295	 987	 5
2421	 986	 5
2480	 1008	 5
2598	 986	 5
2672	 1037	 5
2782	 1012	 5
2885	 1032	 5
3018	 983	 5
3082	 1013	 5
-6	 1097	 11
115	 1098	 11
194	 1077	 11
307	 1104	 11
387	 1085	 11
508	 1110	 11
593	 1135	 11
691	 1127	 11
811	 1108	 11
932	 1077	 11
1007	 1099	 13
1116	 1116	 13
1199	 1109	 13
1309	 1095	 13
1375	 1105	 13
1518	 1092	 13
1606	 1086	 13
1731	 1095	 13
1809	 1106	 13
1861	 1097	 13
1988	 1106	 13
2097	 1076	 13
2195	 1072	 5
2301	 1134	 5
2370	 1101	 5
2538	 1116	 5
2616	 1095	 5
2714	 1095	 5
2787	 1082	 5
2906	 1066	 5
3003	 1098	 5
3110	 1070	 5
-37	 1197	 11
114	 1164	 11
196	 1224	 11
329	 1188	 11
394	 1177	 11
503	 1214	 11
614	 1221	 11
712	 1174	 11
768	 1248	 11
913	 1219	 11
983	 1166	 13
1071	 1224	 13
1224	 1174	 13
1300	 1170	 13
1395	 1194	 13
1526	 1237	 13
1593	 1193	 13
1702	 1208	 13
1805	 1234	 13
1932	 1194	 13
1989	 1232	 13
2101	 1195	 16
2214	 1223	 16
2296	 1180	 5
2430	 1205	 5
2519	 1232	 5
2567	 1174	 5
2670	 1193	 5
2786	 1207	 5
2871	 1196	 5
3035	 1196	 5
3110	 1207	 5
7	 1326	 11
99	 1317	 11
194	 1295	 11
276	 1297	 11
396	 1334	 11
487	 1298	 11
616	 1304	 11
665	 1279	 11
804	 1300	 11
864	 1300	 11
967	 1297	 12
1073	 1342	 12
1194	 1334	 12
1292	 1288	 12
1416	 1272	 13
1482	 1291	 13
1627	 1268	 13
1697	 1323	 13
1814	 1319	 13
1896	 1270	 13
2003	 1275	 13
2119	 1325	 14
2188	 1314	 14
2300	 1300	 5
2408	 1310	 5
2522	 1292	 5
2598	 1284	 5
2703	 1272	 5
2823	 1279	 5
2941	 1298	 5
3003	 1296	 5
3079	 1302	 5
0	 1415	 11
67	 1443	 11
193	 1408	 11
310	 1401	 11
414	 1380	 11
512	 1389	 11
603	 1389	 11
719	 1359	 11
795	 1395	 11
926	 1391	 11
1015	 1391	 12
1130	 1400	 12
1199	 1380	 12
1326	 1427	 12
1380	 1400	 12
1525	 1361	 13
1600	 1392	 13
1668	 1391	 13
1815	 1399	 13
1890	 1386	 13
1979	 1427	 13
2111	 1397	 14
2206	 1398	 14
2334	 1383	 5
2362	 1405	 5
2488	 1412	 5
2590	 1362	 5
2724	 1382	 5
2795	 1423	 5
2907	 1432	 5
3044	 1367	 5
3093	 1399	 5
46	 1488	 11
99	 1517	 11
189	 1493	 10
308	 1470	 11
426	 1544	 10
499	 1464	 11
603	 1499	 11
712	 1487	 11
829	 1512	 12
862	 1492	 11
992	 1480	 12
1053	 1503	 12
1205	 1498	 12
1311	 1525	 12
1368	 1476	 12
1501	 1494	 13
1607	 1497	 13
1705	 1499	 13
1776	 1520	 13
1897	 1506	 14
2047	 1491	 14
2125	 1516	 14
2207	 1473	 14
2273	 1524	 14
2388	 1470	 5
2486	 1467	 5
2580	 1512	 5
2711	 1507	 4
2833	 1528	 4
2872	 1500	 4
3009	 1518	 5
3120	 1503	 5
37	 1635	 10
110	 1578	 10
250	 1595	 10
304	 1580	 10
396	 1588	 10
547	 1593	 10
635	 1639	 10
726	 1589	 12
754	 1605	 12
926	 1593	 12
1004	 1615	 12
1066	 1574	 12
1181	 1608	 12
1295	 1572	 12
1442	 1615	 12
1502	 1613	 12
1590	 1593	 13
1684	 1579	 13
1761	 1594	 13
1881	 1570	 14
1981	 1608	 14
2088	 1558	 14
2203	 1588	 14
2292	 1599	 14
2422	 1605	 14
2506	 1586	 5
2628	 1625	 4
2717	 1599	 4
2801	 1606	 4
2890	 1621	 4
3016	 1602	 4
3129	 1617	 4
-30	 1737	 10
93	 1702	 10
213	 1715	 10
340	 1693	 10
398	 1730	 10
517	 1691	 10
597	 1729	 10
702	 1687	 10
787	 1701	 12
881	 1671	 12
952	 1674	 12
1067	 1719	 12
1220	 1664	 12
1329	 1702	 12
1381	 1730	 12
1474	 1692	 12
1595	 1689	 13
1715	 1715	 13
1814	 1730	 14
1909	 1677	 14
2017	 1664	 14
2115	 1726	 14
2199	 1695	 14
2283	 1741	 14
2427	 1695	 4
2477	 1685	 4
2608	 1699	 4
2701	 1723	 4
2765	 1730	 4
2923	 1697	 4
2991	 1687	 4
3090	 1738	 4
19	 1809	 10
90	 1775	 10
197	 1790	 10
310	 1795	 10
419	 1846	 10
499	 1832	 10
614	 1780	 10
677	 1837	 10
787	 1816	 12
924	 1796	 12
971	 1787	 12
1121	 1760	 12
1206	 1752	 12
1262	 1768	 12
1394	 1838	 12
1530	 1808	 12
1561	 1784	 12
1685	 1819	 14
1819	 1823	 14
1911	 1774	 14
1995	 1801	 14
2085	 1806	 14
2163	 1806	 14
2277	 1831	 14
2418	 1830	 14
2508	 1814	 4
2582	 1807	 4
2711	 1802	 4
2795	 1828	 4
2924	 1787	 4
3035	 1814	 4
3094	 1839	 4
4	 1905	 10
84	 1870	 10
202	 1903	 10
289	 1866	 10
375	 1914	 10
529	 1922	 10
641	 1866	 10
690	 1918	 10
769	 1921	 10
939	 1915	 12
963	 1889	 12
1086	 1916	 12
1209	 1924	 12
1304	 1905	 12
1377	 1892	 12
1496	 1912	 12
1623	 1899	 14
1746	 1876	 14
1775	 1856	 14
1904	 1870	 14
1983	 1894	 14
2084	 1888	 14
2207	 1915	 14
2315	 1887	 14
2392	 1923	 4
2532	 1912	 4
2640	 1894	 4
2672	 1906	 4
2786	 1935	 4
2900	 1887	 4
3028	 1925	 4
3075	 1929	 4
-18	 1998	 10
95	 2014	 10
229	 2014	 10
348	 2008	 10
425	 2000	 10
492	 2006	 10
637	 2028	 10
723	 2013	 10
794	 2002	 12
907	 2014	 12
1007	 1998	 12
1098	 1994	 12
1211	 1969	 12
1292	 2014	 12
1402	 2040	 12
1506	 2006	 12
1591	 2016	 14
1731	 2031	 14
1821	 2006	 14
1921	 1997	 14
1987	 1995	 14
2082	 1994	 14
2182	 2006	 14
2319	 1988	 4
2372	 1987	 4
2524	 2005	 4
2621	 1993	 4
2706	 2029	 4
2809	 1957	 4
2863	 1976	 4
2993	 1992	 4
3144	 1997	 4
12	 2103	 10
112	 2143	 10
181	 2105	 10
343	 2096	 10
434	 2104	 10
538	 2079	 10
614	 2110	 10
710	 2081	 10
803	 2112	 12
925	 2098	 12
998	 2096	 9
1076	 2074	 9
1196	 2083	 12
1278	 2095	 12
1372	 2069	 12
1462	 2109	 12
1619	 2103	 14
1725	 2092	 14
1821	 2097	 14
1892	 2117	 14
2028	 2108	 14
2096	 2103	 14
2198	 2100	 4
2312	 2123	 4
2372	 2074	 4
2511	 2087	 4
2612	 2089	 4
2677	 2110	 4
2793	 2113	 4
2903	 2133	 4
2989	 2134	 4
3088	 2088	 4
-11	 2201	 10
117	 2212	 10
166	 2176	 10
284	 2226	 10
426	 2228	 10
479	 2190	 10
556	 2217	 10
681	 2168	 10
785	 2207	 10
884	 2200	 9
995	 2202	 9
1134	 2210	 9
1194	 2208	 12
1285	 2173	 9
1359	 2211	 12
1534	 2168	 14
1580	 2195	 14
1668	 2221	 14
1800	 2200	 14
1936	 2225	 8
1997	 2158	 8
2104	 2169	 14
2198	 2181	 14
2309	 2214	 4
2404	 2222	 4
2494	 2196	 4
2588	 2198	 4
2715	 2172	 4
2793	 2217	 4
2911	 2198	 4
3003	 2209	 4
3064	 2201	 4
-10	 2259	 10
139	 2328	 10
214	 2298	 10
309	 2295	 10
390	 2350	 1
502	 2333	 10
608	 2271	 10
695	 2307	 9
817	 2283	 9
907	 2306	 9
965	 2281	 9
1107	 2284	 9
1210	 2292	 9
1301	 2312	 9
1408	 2274	 9
1515	 2263	 14
1636	 2275	 14
1721	 2285	 14
1752	 2282	 14
1900	 2305	 14
2006	 2276	 8
2069	 2289	 8
2231	 2309	 14
2288	 2297	 14
2410	 2297	 4
2503	 2265	 4
2596	 2286	 4
2704	 2269	 4
2773	 2291	 2
2911	 2256	 2
2970	 2322	 2
3119	 2316	 4
-34	 2416	 1
119	 2425	 1
221	 2375	 10
303	 2412	 1
402	 2362	 1
497	 2421	 1
582	 2368	 1
698	 2391	 9
785	 2405	 9
866	 2422	 9
983	 2402	 9
1083	 2411	 9
1197	 2403	 9
1291	 2385	 9
1402	 2375	 9
1480	 2387	 9
1599	 2388	 9
1704	 2399	 14
1819	 2375	 8
1923	 2429	 8
1973	 2359	 8
2090	 2385	 8
2172	 2445	 8
2291	 2366	 14
2398	 2384	 14
2471	 2402	 2
2615	 2397	 4
2673	 2388	 2
2782	 2402	 2
2916	 2411	 2
2989	 2401	 2
3113	 2374	 4
4	 2503	 1
94	 2479	 1
199	 2502	 1
292	 2479	 1
380	 2494	 1
506	 2495	 1
632	 2518	 1
730	 2494	 1
808	 2479	 9
929	 2495	 9
983	 2523	 9
1101	 2517	 9
1218	 2482	 9
1291	 2500	 9
1387	 2493	 9
1519	 2509	 8
1645	 2492	 8
1729	 2494	 8
1810	 2537	 8
1946	 2488	 8
2004	 2515	 8
2087	 2453	 8
2187	 2479	 8
2301	 2521	 8
2435	 2476	 2
2494	 2527	 2
2620	 2488	 2
2687	 2504	 2
2795	 2504	 2
2890	 2520	 2
2988	 2491	 2
3124	 2531	 2
-26	 2640	 1
73	 2617	 1
212	 2622	 1
287	 2582	 1
407	 2601	 1
481	 2594	 1
593	 2590	 1
705	 2623	 19
821	 2581	 1
869	 2625	 9
1005	 2557	 9
1125	 2600	 9
1200	 2612	 9
1276	 2610	 9
1434	 2578	 9
1545	 2626	 9
1604	 2600	 8
1711	 2602	 8
1768	 2585	 8
1889	 2583	 8
2013	 2602	 8
2112	 2581	 8
2208	 2593	 8
2336	 2560	 8
2380	 2636	 2
2525	 2592	 2
2611	 2621	 2
2695	 2608	 2
2781	 2634	 2
2909	 2593	 2
2970	 2636	 2
3134	 2621	 2
3	 2708	 1
102	 2719	 1
230	 2733	 1
310	 2697	 1
419	 2708	 1
491	 2695	 1
617	 2667	 1
719	 2674	 1
818	 2659	 1
909	 2695	 9
970	 2703	 9
1104	 2692	 9
1209	 2723	 9
1292	 2706	 9
1410	 2695	 9
1460	 2656	 8
1559	 2698	 8
1698	 2714	 8
1814	 2706	 8
1897	 2675	 8
2014	 2667	 8
2107	 2672	 8
2206	 2667	 8
2273	 2699	 2
2430	 2714	 2
2501	 2697	 2
2556	 2716	 2
2684	 2701	 2
2817	 2682	 2
2904	 2699	 2
3007	 2745	 2
3080	 2692	 2
-14	 2769	 1
93	 2774	 1
210	 2807	 1
271	 2761	 1
412	 2798	 1
479	 2811	 1
560	 2802	 1
691	 2842	 1
766	 2776	 1
866	 2777	 1
969	 2826	 9
1076	 2849	 9
1192	 2810	 9
1266	 2800	 9
1410	 2808	 9
1521	 2805	 8
1619	 2836	 8
1712	 2762	 8
1785	 2803	 8
1880	 2805	 8
2007	 2782	 8
2075	 2788	 8
2217	 2809	 2
2294	 2798	 2
2403	 2836	 2
2530	 2836	 2
2607	 2798	 2
2692	 2799	 2
2798	 2805	 2
2921	 2758	 2
3011	 2837	 2
3089	 2806	 2
20	 2886	 1
107	 2887	 1
218	 2878	 1
298	 2914	 1
414	 2890	 1
526	 2916	 1
615	 2916	 1
669	 2866	 1
809	 2895	 9
922	 2901	 9
997	 2906	 9
1106	 2876	 9
1201	 2930	 9
1278	 2870	 9
1424	 2868	 8
1495	 2884	 8
1603	 2921	 8
1697	 2875	 8
1789	 2902	 8
1886	 2879	 8
1983	 2889	 8
2109	 2933	 8
2168	 2905	 8
2290	 2874	 2
2392	 2921	 2
2508	 2890	 2
2619	 2896	 2
2689	 2893	 2
2796	 2882	 2
2883	 2930	 2
2984	 2899	 2
3123	 2884	 2
7	 3018	 1
100	 3028	 1
174	 3019	 1
350	 2972	 1
375	 3028	 1
459	 2972	 1
558	 2998	 1
692	 3003	 1
787	 2969	 1
859	 2987	 9
1000	 2987	 9
1140	 2979	 9
1207	 3029	 9
1298	 3024	 9
1371	 2968	 8
1483	 3019	 8
1600	 3037	 8
1724	 2992	 8
1780	 3036	 8
1912	 2987	 8
2000	 2991	 8
2147	 3003	 8
2212	 2971	 8
2323	 2985	 2
2432	 2991	 2
2496	 3040	 2
2574	 2999	 2
2713	 2998	 2
2759	 3004	 2
2855	 2988	 2
2982	 2981	 2
3071	 3032	 2
5	 3114	 1
88	 3072	 1
187	 3116	 1
298	 3133	 1
399	 3113	 1
500	 3095	 1
605	 3092	 1
693	 3105	 1
792	 3094	 9
877	 3093	 9
988	 3083	 9
1108	 3117	 9
1183	 3053	 9
1268	 3118	 9
1378	 3091	 9
1464	 3074	 9
1630	 3105	 8
1703	 3112	 8
1795	 3050	 8
1889	 3071	 8
1978	 3120	 8
2105	 3115	 8
2218	 3144	 8
2282	 3051	 8
2362	 3113	 8
2503	 3092	 2
2590	 3109	 2
2740	 3118	 2
2803	 3061	 2
2902	 3107	 2
2972	 3090	 2
3122	 3125	 2

0	 1	 225	 27.00
0	 32	 203	 27.00
1	 2	 165	 26.00
1	 33	 201	 16.00
2	 3	 196	 24.00
2	 34	 183	 23.00
3	 4	 212	 12.00
3	 35	 218	 15.00
4	 5	 176	 15.00
4	 36	 235	 14.00
5	 6	 192	 15.00
5	 37	 232	 16.00
6	 7	 238	 15.00
6	 38	 208	 19.00
7	 8	 180	 25.00
7	 39	 234	 13.00
8	 9	 238	 24.00
8	 40	 231	 12.00
9	 10	 170	 25.00
9	 41	 209	 13.00
10	 11	 213	 18.00
10	 42	 168	 26.00
11	 12	 177	 23.00
11	 43	 195	 28.00
12	 13	 206	 17.00
12	 44	 193	 22.00
13	 14	 193	 21.00
13	 45	 194	 15.00
14	 15	 202	 14.00
14	 46	 189	 12.00
15	 16	 174	 20.00
15	 47	 199	 26.00
16	 17	 190	 19.00
16	 48	 181	 26.00
17	 18	 203	 17.00
17	 49	 231	 26.00
18	 19	 219	 15.00
18	 50	 163	 20.00
19	 20	 169	 22.00
19	 51	 167	 20.00
20	 21	 195	 17.00
20	 52	 199	 14.00
21	 22	 232	 22.00
21	 53	 221	 23.00
22	 23	 176	 26.00
22	 54	 210	 26.00
23	 24	 214	 14.00
23	 55	 222	 15.00
24	 25	 186	 24.00
24	 56	 212	 18.00
25	 26	 207	 17.00
25	 57	 167	 21.00
26	 27	 208	 12.00
26	 58	 225	 20.00
27	 28	 168	 14.00
27	 59	 193	 14.00
28	 29	 232	 23.00
28	 60	 204	 16.00
29	 30	 207	 13.00
29	 61	 197	 21.00
30	 31	 192	 15.00
30	 62	 210	 15.00
31	 63	 219	 27.00
32	 33	 206	 20.00
32	 64	 213	 17.00
33	 34	 175	 25.00
33	 65	 203	 20.00
34	 35	 185	 28.00
34	 66	 165	 17.00
35	 36	 205	 17.00
35	 67	 177	 27.00
36	 37	 229	 25.00
36	 68	 205	 16.00
37	 38	 239	 22.00
37	 69	 204	 22.00
38	 39	 174	 28.00
38	 70	 239	 14.00
39	 40	 209	 13.00
39	 71	 235	 24.00
40	 41	 167	 17.00
40	 72	 178	 19.00
41	 42	 174	 21.00
41	 73	 217	 24.00
42	 43	 208	 19.00
42	 74	 168	 28.00
43	 44	 221	 23.00
43	 75	 218	 15.00
44	 45	 230	 14.00
44	 76	 198	 22.00
45	 46	 160	 21.00
45	 77	 166	 21.00
46	 47	 228	 22.00
46	 78	 232	 22.00
47	 48	 169	 28.00
47	 79	 180	 28.00
48	 49	 200	 19.00
48	 80	 231	 26.00
49	 50	 168	 21.00
49	 81	 227	 20.00
50	 51	 187	 22.00
50	 82	 208	 19.00
51	 52	 232	 25.00
51	 83	 217	 24.00
52	 53	 220	 20.00
52	 84	 182	 17.00
53	 54	 228	 12.00
53	 85	 180	 14.00
54	 55	 230	 27.00
54	 86	 205	 14.00
55	 56	 217	 27.00
55	 87	 190	 21.00
56	 57	 226	 15.00
56	 88	 199	 20.00
57	 58	 160	 24.00
57	 89	 186	 15.00
58	 59	 191	 16.00
58	 90	 202	 25.00
59	 60	 176	 26.00
59	 91	 204	 19.00
60	 61	 221	 26.00
60	 92	 210	 21.00
61	 62	 188	 26.00
61	 93	 190	 26.00
62	 63	 191	 20.00
62	 94	 193	 17.00
63	 95	 210	 22.00
64	 65	 221	 12.00
64	 96	 232	 24.00
65	 66	 234	 23.00
65	 97	 170	 16.00
66	 67	 236	 26.00
66	 98	 186	 16.00
67	 68	 181	 23.00
67	 99	 197	 18.00
68	 69	 222	 14.00
68	 100	 199	 18.00
69	 70	 166	 19.00
69	 101	 170	 14.00
70	 71	 167	 18.00
70	 102	 172	 22.00
71	 72	 235	 24.00
71	 103	 181	 19.00
72	 73	 211	 27.00
72	 104	 204	 23.00
73	 74	 206	 17.00
73	 105	 184	 26.00
74	 75	 174	 20.00
74	 106	 227	 16.00
75	 76	 188	 23.00
75	 107	 210	 17.00
76	 77	 222	 27.00
76	 108	 229	 17.00
77	 78	 232	 14.00
77	 109	 185	 24.00
78	 79	 216	 19.00
78	 110	 208	 15.00
79	 80	 164	 12.00
79	 111	 173	 21.00
80	 81	 161	 16.00
80	 112	 160	 21.00
81	 82	 232	 27.00
81	 113	 204	 14.00
82	 83	 217	 17.00
82	 114	 224	 20.00
83	 84	 179	 28.00
83	 115	 220	 22.00
84	 85	 211	 13.00
84	 116	 226	 24.00
85	 86	 216	 20.00
85	 117	 217	 12.00
86	 87	 191	 17.00
86	 118	 214	 25.00
87	 88	 182	 28.00
87	 119	 239	 12.00
88	 89	 209	 25.00
88	 120	 220	 18.00
89	 90	 227	 13.00
89	 121	 239	 22.00
90	 91	 166	 26.00
90	 122	 174	 26.00
91	 92	 235	 26.00
91	 123	 212	 13.00
92	 93	 185	 25.00
92	 124	 171	 17.00
93	 94	 213	 16.00
93	 125	 226	 13.00
94	 95	 164	 24.00
94	 126	 218	 24.00
95	 127	 172	 15.00
96	 97	 205	 28.00
96	 128	 239	 22.00
97	 98	 189	 28.00
97	 129	 221	 17.00
98	 99	 194	 25.00
98	 130	 169	 18.00
99	 100	 170	 12.00
99	 131	 235	 21.00
100	 101	 174	 20.00
100	 132	 234	 12.00
101	 102	 236	 27.00
101	 133	 160	 25.00
102	 103	 182	 17.00
102	 134	 223	 12.00
103	 104	 188	 20.00
103	 135	 213	 15.00
104	 105	 221	 16.00
104	 136	 191	 28.00
105	 106	 166	 14.00
105	 137	 174	 17.00
106	 107	 220	 19.00
106	 138	 184	 20.00
107	 108	 226	 25.00
107	 139	 222	 26.00
108	 109	 189	 20.00
108	 140	 191	 20.00
109	 110	 182	 20.00
109	 141	 239	 12.00
110	 111	 180	 12.00
110	 142	 206	 22.00
111	 112	 219	 23.00
111	 143	 226	 14.00
112	 113	 222	 26.00
112	 144	 194	 13.00
113	 114	 222	 23.00
113	 145	 168	 23.00
114	 115	 164	 19.00
114	 146	 198	 14.00
115	 116	 229	 22.00
115	 147	 162	 24.00
116	 117	 225	 22.00
116	 148	 235	 17.00
117	 118	 169	 24.00
117	 149	 224	 26.00
118	 119	 211	 12.00
118	 150	 209	 12.00
119	 120	 185	 21.00
119	 151	 181	 12.00
120	 121	 219	 20.00
120	 152	 231	 28.00
121	 122	 199	 15.00
121	 153	 238	 14.00
122	 123	 200	 12.00
122	 154	 214	 13.00
123	 124	 165	 21.00
123	 155	 220	 20.00
124	 125	 193	 20.00
124	 156	 196	 16.00
125	 126	 224	 21.00
125	 157	 176	 25.00
126	 127	 238	 28.00
126	 158	 226	 12.00
127	 159	 239	 13.00
128	 129	 197	 24.00
128	 160	 210	 19.00
129	 130	 189	 15.00
129	 161	 221	 24.00
130	 131	 224	 19.00
130	 162	 198	 16.00
131	 132	 184	 17.00
131	 163	 224	 28.00
132	 133	 238	 23.00
132	 164	 161	 19.00
133	 134	 214	 12.00
133	 165	 204	 28.00
134	 135	 238	 18.00
134	 166	 233	 27.00
135	 136	 237	 26.00
135	 167	 235	 27.00
136	 137	 208	 16.00
136	 168	 227	 25.00
137	 138	 180	 28.00
137	 169	 168	 26.00
138	 139	 214	 28.00
138	 170	 237	 24.00
139	 140	 234	 12.00
139	 171	 223	 18.00
140	 141	 188	 25.00
140	 172	 181	 26.00
141	 142	 172	 12.00
141	 173	 197	 23.00
142	 143	 234	 15.00
142	 174	 182	 28.00
143	 144	 198	 19.00
143	 175	 231	 18.00
144	 145	 175	 15.00
144	 176	 208	 22.00
145	 146	 207	 13.00
145	 177	 215	 27.00
146	 147	 165	 12.00
146	 178	 204	 19.00
147	 148	 232	 19.00
147	 179	 207	 26.00
148	 149	 193	 25.00
148	 180	 187	 12.00
149	 150	 204	 12.00
149	 181	 165	 13.00
150	 151	 184	 18.00
150	 182	 204	 12.00
151	 152	 215	 21.00
151	 183	 229	 28.00
152	 153	 192	 21.00
152	 184	 174	 19.00
153	 154	 185	 22.00
153	 185	 185	 17.00
154	 155	 166	 20.00
154	 186	 162	 26.00
155	 156	 231	 18.00
155	 187	 213	 15.00
156	 157	 228	 28.00
156	 188	 211	 22.00
157	 158	 238	 20.00
157	 189	 217	 14.00
158	 159	 193	 13.00
158	 190	 174	 27.00
159	 191	 203	 15.00
160	 161	 185	 17.00
160	 192	 185	 20.00
161	 162	 203	 14.00
161	 193	 163	 12.00
162	 163	 165	 23.00
162	 194	 222	 19.00
163	 164	 183	 23.00
163	 195	 186	 22.00
164	 165	 198	 20.00
164	 196	 225	 25.00
165	 166	 210	 17.00
165	 197	 167	 26.00
166	 167	 176	 15.00
166	 198	 171	 13.00
167	 168	 163	 20.00
167	 199	 232	 24.00
168	 169	 198	 16.00
168	 200	 212	 24.00
169	 170	 178	 13.00
169	 201	 217	 21.00
170	 171	 230	 26.00
170	 202	 178	 16.00
171	 172	 194	 23.00
171	 203	 182	 21.00
172	 173	 218	 25.00
172	 204	 233	 13.00
173	 174	 239	 13.00
173	 205	 204	 23.00
174	 175	 220	 21.00
174	 206	 187	 22.00
175	 176	 238	 19.00
175	 207	 179	 16.00
176	 177	 174	 24.00
176	 208	 200	 19.00
177	 178	 235	 12.00
177	 209	 198	 25.00
178	 179	 210	 25.00
178	 210	 163	 20.00
179	 180	 206	 22.00
179	 211	 182	 20.00
180	 181	 206	 21.00
180	 212	 184	 12.00
181	 182	 160	 19.00
181	 213	 172	 26.00
182	 183	 195	 25.00
182	 214	 182	 21.00
183	 184	 233	 18.00
183	 215	 234	 25.00
184	 185	 196	 19.00
184	 216	 208	 26.00
185	 186	 162	 12.00
185	 217	 185	 19.00
186	 187	 210	 23.00
186	 218	 188	 17.00
187	 188	 207	 28.00
187	 219	 161	 12.00
188	 189	 168	 14.00
188	 220	 216	 27.00
189	 190	 206	 16.00
189	 221	 234	 22.00
190	 191	 212	 23.00
190	 222	 196	 14.00
191	 223	 205	 27.00
192	 193	 239	 12.00
192	 224	 223	 16.00
193	 194	 208	 18.00
193	 225	 165	 17.00
194	 195	 236	 23.00
194	 226	 202	 17.00
195	 196	 184	 17.00
195	 227	 232	 26.00
196	 197	 195	 13.00
196	 228	 179	 26.00
197	 198	 227	 14.00
197	 229	 182	 25.00
198	 199	 219	 21.00
198	 230	 222	 21.00
199	 200	 215	 19.00
199	 231	 214	 27.00
200	 201	 228	 20.00
200	 232	 209	 15.00
201	 202	 180	 17.00
201	 233	 207	 18.00
202	 203	 186	 19.00
202	 234	 224	 14.00
203	 204	 160	 14.00
203	 235	 171	 14.00
204	 205	 177	 25.00
204	 236	 221	 27.00
205	 206	 231	 21.00
205	 237	 187	 18.00
206	 207	 174	 27.00
206	 238	 205	 13.00
207	 208	 230	 26.00
207	 239	 216	 18.00
208	 209	 206	 28.00
208	 240	 214	 26.00
209	 210	 220	 13.00
209	 241	 238	 14.00
210	 211	 176	 17.00
210	 242	 234	 19.00
211	 212	 213	 13.00
211	 243	 166	 16.00
212	 213	 235	 15.00
212	 244	 196	 28.00
213	 214	 169	 14.00
213	 245	 205	 21.00
214	 215	 172	 18.00
214	 246	 170	 28.00
215	 216	 240	 18.00
215	 247	 176	 13.00
216	 217	 167	 14.00
216	 248	 172	 24.00
217	 218	 185	 22.00
217	 249	 164	 28.00
218	 219	 204	 21.00
218	 250	 222	 19.00
219	 220	 198	 19.00
219	 251	 167	 19.00
220	 221	 185	 27.00
220	 252	 234	 22.00
221	 222	 218	 24.00
221	 253	 240	 20.00
222	 223	 188	 25.00
222	 254	 238	 22.00
223	 255	 238	 21.00
224	 225	 235	 16.00
224	 256	 195	 19.00
225	 226	 167	 15.00
225	 257	 223	 20.00
226	 227	 192	 22.00
226	 258	 177	 24.00
227	 228	 240	 23.00
227	 259	 204	 20.00
228	 229	 175	 17.00
228	 260	 234	 14.00
229	 230	 214	 25.00
229	 261	 161	 20.00
230	 231	 218	 22.00
230	 262	 206	 17.00
231	 232	 163	 14.00
231	 263	 180	 20.00
232	 233	 176	 22.00
232	 264	 212	 20.00
233	 234	 234	 13.00
233	 265	 185	 15.00
234	 235	 221	 18.00
234	 266	 173	 21.00
235	 236	 177	 17.00
235	 267	 176	 23.00
236	 237	 164	 15.00
236	 268	 200	 25.00
237	 238	 165	 20.00
237	 269	 181	 12.00
238	 239	 240	 27.00
238	 270	 202	 12.00
239	 240	 214	 25.00
239	 271	 222	 17.00
240	 241	 160	 24.00
240	 272	 229	 27.00
241	 242	 240	 15.00
241	 273	 183	 27.00
242	 243	 197	 25.00
242	 274	 181	 27.00
243	 244	 197	 25.00
243	 275	 168	 26.00
244	 245	 202	 19.00
244	 276	 210	 26.00
245	 246	 188	 19.00
245	 277	 178	 25.00
246	 247	 181	 13.00
246	 278	 177	 24.00
247	 248	 196	 13.00
247	 279	 167	 25.00
248	 249	 195	 12.00
248	 280	 199	 20.00
249	 250	 206	 21.00
249	 281	 238	 23.00
250	 251	 194	 19.00
250	 282	 202	 20.00
251	 252	 165	 12.00
251	 283	 161	 28.00
252	 253	 205	 22.00
252	 284	 171	 27.00
253	 254	 224	 28.00
253	 285	 221	 13.00
254	 255	 165	 13.00
254	 286	 182	 20.00
255	 287	 166	 21.00
256	 257	 213	 23.00
256	 288	 229	 20.00
257	 258	 178	 16.00
257	 289	 219	 28.00
258	 259	 213	 24.00
258	 290	 226	 24.00
259	 260	 186	 17.00
259	 291	 190	 25.00
260	 261	 217	 13.00
260	 292	 213	 12.00
261	 262	 167	 23.00
261	 293	 191	 24.00
262	 263	 218	 13.00
262	 294	 209	 19.00
263	 264	 173	 15.00
263	 295	 195	 28.00
264	 265	 160	 22.00
264	 296	 210	 20.00
265	 266	 208	 15.00
265	 297	 199	 24.00
266	 267	 219	 16.00
266	 298	 191	 15.00
267	 268	 180	 14.00
267	 299	 160	 27.00
268	 269	 195	 25.00
268	 300	 216	 13.00
269	 270	 231	 24.00
269	 301	 171	 26.00
270	 271	 230	 13.00
270	 302	 215	 17.00
271	 272	 173	 13.00
271	 303	 194	 26.00
272	 273	 214	 13.00
272	 304	 228	 17.00
273	 274	 185	 28.00
273	 305	 182	 28.00
274	 275	 162	 14.00
274	 306	 207	 21.00
275	 276	 172	 12.00
275	 307	 161	 28.00
276	 277	 202	 14.00
276	 308	 234	 28.00
277	 278	 169	 27.00
277	 309	 187	 16.00
278	 279	 166	 17.00
278	 310	 223	 16.00
279	 280	 183	 21.00
279	 311	 227	 24.00
280	 281	 174	 27.00
280	 312	 210	 14.00
281	 282	 231	 22.00
281	 313	 185	 26.00
282	 283	 236	 14.00
282	 314	 233	 22.00
283	 284	 180	 28.00
283	 315	 193	 14.00
284	 285	 221	 25.00
284	 316	 234	 26.00
285	 286	 175	 26.00
285	 317	 180	 12.00
286	 287	 185	 15.00
286	 318	 205	 14.00
287	 319	 220	 28.00
288	 289	 221	 12.00
288	 320	 211	 21.00
289	 290	 188	 21.00
289	 321	 207	 27.00
290	 291	 230	 26.00
290	 322	 223	 14.00
291	 292	 201	 27.00
291	 323	 186	 21.00
292	 293	 240	 25.00
292	 324	 236	 12.00
293	 294	 230	 17.00
293	 325	 219	 12.00
294	 295	 204	 26.00
294	 326	 227	 22.00
295	 296	 177	 19.00
295	 327	 169	 18.00
296	 297	 220	 22.00
296	 328	 169	 19.00
297	 298	 237	 13.00
297	 329	 236	 27.00
298	 299	 195	 28.00
298	 330	 237	 14.00
299	 300	 221	 13.00
299	 331	 209	 16.00
300	 301	 237	 20.00
300	 332	 194	 20.00
301	 302	 198	 26.00
301	 333	 216	 13.00
302	 303	 172	 16.00
302	 334	 215	 12.00
303	 304	 172	 26.00
303	 335	 171	 14.00
304	 305	 179	 23.00
304	 336	 213	 22.00
305	 306	 213	 24.00
305	 337	 180	 21.00
306	 307	 163	 12.00
306	 338	 237	 12.00
307	 308	 167	 15.00
307	 339	 203	 18.00
308	 309	 161	 12.00
308	 340	 205	 12.00
309	 310	 219	 26.00
309	 341	 181	 24.00
310	 311	 161	 24.00
310	 342	 170	 27.00
311	 312	 193	 14.00
311	 343	 193	 28.00
312	 313	 203	 12.00
312	 344	 239	 22.00
313	 314	 171	 26.00
313	 345	 207	 19.00
314	 315	 239	 18.00
314	 346	 169	 26.00
315	 316	 214	 13.00
315	 347	 179	 12.00
316	 317	 169	 24.00
316	 348	 181	 12.00
317	 318	 218	 24.00
317	 349	 185	 14.00
318	 319	 239	 12.00
318	 350	 178	 18.00
319	 351	 213	 19.00
320	 321	 224	 16.00
320	 352	 233	 14.00
321	 322	 170	 23.00
321	 353	 224	 25.00
322	 323	 224	 14.00
322	 354	 205	 23.00
323	 324	 237	 23.00
323	 355	 216	 15.00
324	 325	 181	 21.00
324	 356	 174	 15.00
325	 326	 230	 17.00
325	 357	 174	 23.00
326	 327	 214	 12.00
326	 358	 212	 22.00
327	 328	 189	 27.00
327	 359	 221	 24.00
328	 329	 188	 18.00
328	 360	 228	 15.00
329	 330	 221	 17.00
329	 361	 215	 15.00
330	 331	 238	 28.00
330	 362	 228	 21.00
331	 332	 231	 21.00
331	 363	 202	 15.00
332	 333	 184	 21.00
332	 364	 162	 14.00
333	 334	 180	 17.00
333	 365	 234	 27.00
334	 335	 179	 25.00
334	 366	 215	 13.00
335	 336	 165	 15.00
335	 367	 208	 14.00
336	 337	 235	 26.00
336	 368	 233	 28.00
337	 338	 203	 17.00
337	 369	 199	 17.00
338	 339	 239	 19.00
338	 370	 194	 14.00
339	 340	 231	 17.00
339	 371	 181	 26.00
340	 341	 226	 13.00
340	 372	 180	 21.00
341	 342	 235	 12.00
341	 373	 194	 12.00
342	 343	 183	 22.00
342	 374	 240	 14.00
343	 344	 180	 18.00
343	 375	 186	 19.00
344	 345	 218	 21.00
344	 376	 200	 28.00
345	 346	 171	 28.00
345	 377	 160	 22.00
346	 347	 233	 18.00
346	 378	 174	 18.00
347	 348	 199	 28.00
347	 379	 162	 23.00
348	 349	 209	 26.00
348	 380	 166	 19.00
349	 350	 178	 21.00
349	 381	 195	 22.00
350	 351	 226	 22.00
350	 382	 200	 25.00
351	 383	 234	 25.00
352	 353	 211	 12.00
352	 384	 161	 13.00
353	 354	 228	 19.00
353	 385	 180	 12.00
354	 355	 176	 23.00
354	 386	 218	 20.00
355	 356	 193	 15.00
355	 387	 172	 27.00
356	 357	 168	 26.00
356	 388	 216	 27.00
357	 358	 187	 13.00
357	 389	 215	 18.00
358	 359	 209	 20.00
358	 390	 209	 21.00
359	 360	 191	 23.00
359	 391	 213	 22.00
360	 361	 238	 22.00
360	 392	 161	 19.00
361	 362	 209	 14.00
361	 393	 205	 17.00
362	 363	 217	 26.00
362	 394	 160	 17.00
363	 364	 230	 27.00
363	 395	 192	 26.00
364	 365	 238	 23.00
364	 396	 188	 14.00
365	 366	 235	 18.00
365	 397	 174	 15.00
366	 367	 239	 14.00
366	 398	 218	 12.00
367	 368	 226	 12.00
367	 399	 197	 23.00
368	 369	 184	 27.00
368	 400	 215	 26.00
369	 370	 228	 23.00
369	 401	 228	 26.00
370	 371	 223	 12.00
370	 402	 180	 12.00
371	 372	 164	 22.00
371	 403	 225	 24.00
372	 373	 221	 14.00
372	 404	 170	 15.00
373	 374	 172	 12.00
373	 405	 181	 14.00
374	 375	 199	 18.00
374	 406	 200	 12.00
375	 376	 229	 17.00
375	 407	 226	 18.00
376	 377	 182	 18.00
376	 408	 171	 19.00
377	 378	 239	 14.00
377	 409	 225	 19.00
378	 379	 178	 26.00
378	 410	 209	 15.00
379	 380	 200	 16.00
379	 411	 194	 17.00
380	 381	 209	 20.00
380	 412	 229	 21.00
381	 382	 165	 15.00
381	 413	 191	 19.00
382	 383	 196	 26.00
382	 414	 236	 23.00
383	 415	 193	 15.00
384	 385	 229	 14.00
384	 416	 217	 24.00
385	 386	 231	 19.00
385	 417	 195	 19.00
386	 387	 173	 22.00
386	 418	 207	 22.00
387	 388	 208	 24.00
387	 419	 207	 16.00
388	 389	 221	 15.00
388	 420	 197	 20.00
389	 390	 171	 17.00
389	 421	 183	 27.00
390	 391	 204	 17.00
390	 422	 174	 24.00
391	 392	 234	 20.00
391	 423	 184	 19.00
392	 393	 173	 20.00
392	 424	 207	 15.00
393	 394	 207	 21.00
393	 425	 226	 22.00
394	 395	 178	 20.00
394	 426	 209	 19.00
395	 396	 188	 15.00
395	 427	 204	 23.00
396	 397	 195	 24.00
396	 428	 227	 24.00
397	 398	 223	 23.00
397	 429	 210	 16.00
398	 399	 183	 23.00
398	 430	 168	 21.00
399	 400	 205	 26.00
399	 431	 179	 20.00
400	 401	 222	 25.00
400	 432	 235	 16.00
401	 402	 224	 16.00
401	 433	 228	 26.00
402	 403	 184	 13.00
402	 434	 160	 15.00
403	 404	 192	 15.00
403	 435	 202	 26.00
404	 405	 209	 12.00
404	 436	 186	 26.00
405	 406	 237	 19.00
405	 437	 199	 12.00
406	 407	 176	 25.00
406	 438	 234	 18.00
407	 408	 176	 25.00
407	 439	 179	 13.00
408	 409	 227	 24.00
408	 440	 198	 22.00
409	 410	 181	 24.00
409	 441	 237	 21.00
410	 411	 210	 20.00
410	 442	 219	 20.00
411	 412	 160	 25.00
411	 443	 206	 25.00
412	 413	 225	 14.00
412	 444	 218	 16.00
413	 414	 161	 14.00
413	 445	 202	 15.00
414	 415	 181	 13.00
414	 446	 229	 20.00
415	 447	 201	 23.00
416	 417	 193	 28.00
416	 448	 234	 26.00
417	 418	 208	 13.00
417	 449	 195	 20.00
418	 419	 163	 15.00
418	 450	 206	 19.00
419	 420	 194	 22.00
419	 451	 217	 23.00
420	 421	 169	 23.00
420	 452	 176	 23.00
421	 422	 203	 18.00
421	 453	 209	 26.00
422	 423	 188	 26.00
422	 454	 211	 13.00
423	 424	 226	 17.00
423	 455	 228	 24.00
424	 425	 164	 23.00
424	 456	 179	 17.00
425	 426	 225	 14.00
425	 457	 213	 28.00
426	 427	 234	 14.00
426	 458	 237	 15.00
427	 428	 220	 26.00
427	 459	 177	 22.00
428	 429	 201	 15.00
428	 460	 238	 27.00
429	 430	 222	 13.00
429	 461	 213	 15.00
430	 431	 195	 26.00
430	 462	 184	 15.00
431	 432	 186	 13.00
431	 463	 194	 20.00
432	 433	 233	 25.00
432	 464	 195	 26.00
433	 434	 176	 28.00
433	 465	 235	 22.00
434	 435	 179	 14.00
434	 466	 166	 28.00
435	 436	 212	 27.00
435	 467	 174	 17.00
436	 437	 194	 20.00
436	 468	 176	 19.00
437	 438	 171	 21.00
437	 469	 187	 25.00
438	 439	 171	 14.00
438	 470	 195	 20.00
439	 440	 212	 18.00
439	 471	 173	 15.00
440	 441	 219	 15.00
440	 472	 210	 14.00
441	 442	 211	 18.00
441	 473	 170	 13.00
442	 443	 212	 25.00
442	 474	 228	 23.00
443	 444	 203	 19.00
443	 475	 229	 22.00
444	 445	 196	 16.00
444	 476	 168	 13.00
445	 446	 166	 13.00
445	 477	 171	 18.00
446	 447	 221	 18.00
446	 478	 214	 14.00
447	 479	 163	 28.00
448	 449	 221	 28.00
448	 480	 198	 27.00
449	 450	 162	 20.00
449	 481	 239	 18.00
450	 451	 182	 18.00
450	 482	 201	 18.00
451	 452	 170	 21.00
451	 483	 210	 12.00
452	 453	 228	 17.00
452	 484	 173	 14.00
453	 454	 234	 14.00
453	 485	 238	 14.00
454	 455	 217	 22.00
454	 486	 236	 19.00
455	 456	 205	 23.00
455	 487	 239	 23.00
456	 457	 214	 13.00
456	 488	 211	 22.00
457	 458	 229	 17.00
457	 489	 190	 23.00
458	 459	 218	 14.00
458	 490	 215	 24.00
459	 460	 226	 21.00
459	 491	 215	 13.00
460	 461	 198	 18.00
460	 492	 187	 26.00
461	 462	 225	 21.00
461	 493	 165	 26.00
462	 463	 204	 26.00
462	 494	 217	 15.00
463	 464	 228	 25.00
463	 495	 167	 21.00
464	 465	 173	 27.00
464	 496	 166	 23.00
465	 466	 226	 28.00
465	 497	 193	 14.00
466	 467	 207	 23.00
466	 498	 197	 12.00
467	 468	 225	 14.00
467	 499	 173	 20.00
468	 469	 232	 24.00
468	 500	 228	 20.00
469	 470	 199	 24.00
469	 501	 163	 21.00
470	 471	 229	 19.00
470	 502	 240	 19.00
471	 472	 172	 17.00
471	 503	 214	 19.00
472	 473	 216	 24.00
472	 504	 192	 20.00
473	 474	 212	 25.00
473	 505	 201	 16.00
474	 475	 222	 13.00
474	 506	 236	 27.00
475	 476	 206	 27.00
475	 507	 168	 14.00
476	 477	 235	 19.00
476	 508	 182	 27.00
477	 478	 219	 28.00
477	 509	 189	 15.00
478	 479	 179	 16.00
478	 510	 170	 27.00
479	 511	 173	 27.00
480	 481	 161	 21.00
480	 512	 203	 19.00
481	 482	 183	 19.00
481	 513	 166	 27.00
482	 483	 214	 15.00
482	 514	 230	 15.00
483	 484	 213	 18.00
483	 515	 239	 25.00
484	 485	 176	 16.00
484	 516	 183	 18.00
485	 486	 180	 14.00
485	 517	 183	 19.00
486	 487	 207	 20.00
486	 518	 233	 24.00
487	 488	 228	 23.00
487	 519	 165	 21.00
488	 489	 215	 24.00
488	 520	 219	 12.00
489	 490	 183	 24.00
489	 521	 192	 16.00
490	 491	 198	 28.00
490	 522	 224	 18.00
491	 492	 203	 12.00
491	 523	 203	 19.00
492	 493	 189	 20.00
492	 524	 230	 18.00
493	 494	 176	 18.00
493	 525	 192	 13.00
494	 495	 234	 15.00
494	 526	 191	 26.00
495	 496	 222	 26.00
495	 527	 211	 19.00
496	 497	 232	 28.00
496	 528	 166	 18.00
497	 498	 217	 19.00
497	 529	 233	 27.00
498	 499	 221	 28.00
498	 530	 223	 28.00
499	 500	 226	 12.00
499	 531	 176	 21.00
500	 501	 205	 19.00
500	 532	 185	 26.00
501	 502	 234	 21.00
501	 533	 233	 21.00
502	 503	 171	 28.00
502	 534	 204	 21.00
503	 504	 228	 27.00
503	 535	 239	 14.00
504	 505	 236	 26.00
504	 536	 168	 24.00
505	 506	 191	 16.00
505	 537	 225	 21.00
506	 507	 229	 28.00
506	 538	 215	 26.00
507	 508	 182	 28.00
507	 539	 237	 24.00
508	 509	 232	 21.00
508	 540	 167	 14.00
509	 510	 213	 14.00
509	 541	 165	 20.00
510	 511	 227	 24.00
510	 542	 233	 12.00
511	 543	 199	 24.00
512	 513	 239	 21.00
512	 544	 180	 18.00
513	 514	 210	 19.00
513	 545	 197	 15.00
514	 515	 200	 25.00
514	 546	 229	 17.00
515	 516	 181	 22.00
515	 547	 195	 17.00
516	 517	 223	 16.00
516	 548	 174	 18.00
517	 518	 233	 18.00
517	 549	 165	 18.00
518	 519	 220	 22.00
518	 550	 162	 13.00
519	 520	 224	 17.00
519	 551	 200	 22.00
520	 521	 185	 23.00
520	 552	 236	 27.00
521	 522	 222	 25.00
521	 553	 201	 14.00
522	 523	 184	 26.00
522	 554	 193	 15.00
523	 524	 199	 22.00
523	 555	 181	 28.00
524	 525	 182	 27.00
524	 556	 222	 22.00
525	 526	 175	 19.00
525	 557	 208	 15.00
526	 527	 175	 14.00
526	 558	 165	 27.00
527	 528	 186	 23.00
527	 559	 200	 18.00
528	 529	 221	 14.00
528	 560	 218	 24.00
529	 530	 193	 26.00
529	 561	 201	 18.00
530	 531	 164	 12.00
530	 562	 195	 23.00
531	 532	 163	 22.00
531	 563	 213	 17.00
532	 533	 189	 21.00
532	 564	 223	 14.00
533	 534	 220	 20.00
533	 565	 216	 21.00
534	 535	 189	 16.00
534	 566	 182	 27.00
535	 536	 232	 14.00
535	 567	 167	 22.00
536	 537	 167	 20.00
536	 568	 160	 22.00
537	 538	 209	 28.00
537	 569	 220	 26.00
538	 539	 205	 12.00
538	 570	 228	 15.00
539	 540	 240	 12.00
539	 571	 230	 19.00
540	 541	 174	 21.00
540	 572	 192	 13.00
541	 542	 166	 13.00
541	 573	 213	 16.00
542	 543	 205	 28.00
542	 574	 216	 19.00
543	 575	 211	 24.00
544	 545	 175	 20.00
544	 576	 178	 27.00
545	 546	 221	 15.00
545	 577	 184	 25.00
546	 547	 164	 21.00
546	 578	 177	 27.00
547	 548	 177	 27.00
547	 579	 163	 14.00
548	 549	 166	 16.00
548	 580	 178	 27.00
549	 550	 235	 14.00
549	 581	 191	 21.00
550	 551	 170	 23.00
550	 582	 174	 21.00
551	 552	 209	 22.00
551	 583	 231	 20.00
552	 553	 215	 18.00
552	 584	 190	 14.00
553	 554	 172	 13.00
553	 585	 169	 25.00
554	 555	 197	 25.00
554	 586	 197	 26.00
555	 556	 190	 20.00
555	 587	 181	 22.00
556	 557	 220	 23.00
556	 588	 213	 20.00
557	 558	 192	 16.00
557	 589	 182	 18.00
558	 559	 215	 19.00
558	 590	 166	 27.00
559	 560	 217	 12.00
559	 591	 191	 28.00
560	 561	 222	 26.00
560	 592	 191	 26.00
561	 562	 202	 25.00
561	 593	 197	 23.00
562	 563	 202	 18.00
562	 594	 173	 19.00
563	 564	 175	 18.00
563	 595	 198	 23.00
564	 565	 229	 25.00
564	 596	 202	 26.00
565	 566	 190	 28.00
565	 597	 200	 13.00
566	 567	 188	 15.00
566	 598	 221	 13.00
567	 568	 166	 15.00
567	 599	 200	 27.00
568	 569	 166	 14.00
568	 600	 177	 18.00
569	 570	 179	 15.00
569	 601	 165	 28.00
570	 571	 212	 20.00
570	 602	 179	 13.00
571	 572	 215	 15.00
571	 603	 175	 15.00
572	 573	 217	 20.00
572	 604	 194	 12.00
573	 574	 210	 14.00
573	 605	 214	 16.00
574	 575	 231	 28.00
574	 606	 167	 22.00
575	 607	 180	 28.00
576	 577	 197	 27.00
576	 608	 167	 14.00
577	 578	 208	 22.00
577	 609	 197	 13.00
578	 579	 188	 28.00
578	 610	 215	 27.00
579	 580	 212	 27.00
579	 611	 204	 21.00
580	 581	 180	 28.00
580	 612	 199	 16.00
581	 582	 238	 24.00
581	 613	 205	 21.00
582	 583	 205	 18.00
582	 614	 208	 17.00
583	 584	 201	 19.00
583	 615	 238	 16.00
584	 585	 218	 26.00
584	 616	 182	 28.00
585	 586	 240	 18.00
585	 617	 228	 17.00
586	 587	 201	 27.00
586	 618	 176	 18.00
587	 588	 185	 28.00
587	 619	 168	 22.00
588	 589	 219	 18.00
588	 620	 229	 24.00
589	 590	 231	 13.00
589	 621	 216	 28.00
590	 591	 187	 24.00
590	 622	 210	 20.00
591	 592	 201	 16.00
591	 623	 170	 17.00
592	 593	 201	 18.00
592	 624	 190	 16.00
593	 594	 223	 22.00
593	 625	 220	 21.00
594	 595	 166	 23.00
594	 626	 190	 15.00
595	 596	 178	 27.00
595	 627	 221	 17.00
596	 597	 206	 27.00
596	 628	 176	 23.00
597	 598	 223	 25.00
597	 629	 217	 28.00
598	 599	 186	 19.00
598	 630	 235	 19.00
599	 600	 203	 24.00
599	 631	 184	 26.00
600	 601	 228	 28.00
600	 632	 208	 13.00
601	 602	 230	 26.00
601	 633	 176	 27.00
602	 603	 179	 20.00
602	 634	 215	 13.00
603	 604	 228	 19.00
603	 635	 214	 20.00
604	 605	 185	 20.00
604	 636	 161	 23.00
605	 606	 184	 21.00
605	 637	 199	 23.00
606	 607	 211	 26.00
606	 638	 198	 15.00
607	 639	 206	 22.00
608	 609	 170	 20.00
608	 640	 238	 26.00
609	 610	 204	 18.00
609	 641	 220	 12.00
610	 611	 227	 19.00
610	 642	 203	 25.00
611	 612	 235	 27.00
611	 643	 174	 23.00
612	 613	 203	 21.00
612	 644	 189	 15.00
613	 614	 201	 18.00
613	 645	 217	 16.00
614	 615	 234	 21.00
614	 646	 176	 22.00
615	 616	 164	 14.00
615	 647	 173	 21.00
616	 617	 190	 23.00
616	 648	 190	 21.00
617	 618	 208	 28.00
617	 649	 223	 27.00
618	 619	 237	 28.00
618	 650	 220	 12.00
619	 620	 188	 26.00
619	 651	 179	 20.00
620	 621	 224	 15.00
620	 652	 233	 22.00
621	 622	 191	 22.00
621	 653	 168	 16.00
622	 623	 171	 13.00
622	 654	 217	 24.00
623	 624	 189	 23.00
623	 655	 227	 18.00
624	 625	 202	 20.00
624	 656	 191	 12.00
625	 626	 219	 24.00
625	 657	 199	 18.00
626	 627	 194	 21.00
626	 658	 235	 25.00
627	 628	 212	 23.00
627	 659	 164	 16.00
628	 629	 231	 14.00
628	 660	 190	 26.00
629	 630	 169	 19.00
629	 661	 185	 18.00
630	 631	 189	 12.00
630	 662	 161	 19.00
631	 632	 162	 19.00
631	 663	 165	 28.00
632	 633	 215	 15.00
632	 664	 201	 18.00
633	 634	 166	 27.00
633	 665	 230	 25.00
634	 635	 188	 26.00
634	 666	 232	 18.00
635	 636	 190	 26.00
635	 667	 175	 15.00
636	 637	 239	 18.00
636	 668	 192	 12.00
637	 638	 178	 28.00
637	 669	 203	 22.00
638	 639	 160	 22.00
638	 670	 189	 17.00
639	 671	 200	 15.00
640	 641	 197	 24.00
640	 672	 167	 23.00
641	 642	 213	 20.00
641	 673	 230	 22.00
642	 643	 226	 25.00
642	 674	 194	 21.00
643	 644	 218	 22.00
643	 675	 193	 19.00
644	 645	 178	 18.00
644	 676	 196	 28.00
645	 646	 238	 20.00
645	 677	 201	 14.00
646	 647	 202	 19.00
646	 678	 166	 14.00
647	 648	 174	 24.00
647	 679	 169	 19.00
648	 649	 165	 21.00
648	 680	 164	 22.00
649	 650	 185	 24.00
649	 681	 204	 26.00
650	 651	 196	 22.00
650	 682	 201	 28.00
651	 652	 175	 28.00
651	 683	 162	 18.00
652	 653	 214	 23.00
652	 684	 175	 28.00
653	 654	 184	 26.00
653	 685	 176	 19.00
654	 655	 200	 28.00
654	 686	 177	 13.00
655	 656	 214	 25.00
655	 687	 173	 16.00
656	 657	 238	 12.00
656	 688	 211	 22.00
657	 658	 193	 12.00
657	 689	 211	 25.00
658	 659	 221	 23.00
658	 690	 161	 21.00
659	 660	 195	 25.00
659	 691	 201	 12.00
660	 661	 174	 14.00
660	 692	 221	 28.00
661	 662	 233	 22.00
661	 693	 235	 13.00
662	 663	 227	 23.00
662	 694	 180	 21.00
663	 664	 230	 28.00
663	 695	 182	 12.00
664	 665	 185	 20.00
664	 696	 238	 18.00
665	 666	 203	 16.00
665	 697	 227	 23.00
666	 667	 221	 24.00
666	 698	 211	 16.00
667	 668	 231	 22.00
667	 699	 193	 13.00
668	 669	 226	 17.00
668	 700	 189	 28.00
669	 670	 199	 19.00
669	 701	 215	 20.00
670	 671	 222	 24.00
670	 702	 212	 18.00
671	 703	 203	 21.00
672	 673	 205	 24.00
672	 704	 211	 24.00
673	 674	 229	 24.00
673	 705	 167	 22.00
674	 675	 193	 20.00
674	 706	 205	 25.00
675	 676	 173	 21.00
675	 707	 168	 17.00
676	 677	 219	 25.00
676	 708	 218	 16.00
677	 678	 198	 22.00
677	 709	 169	 18.00
678	 679	 188	 23.00
678	 710	 209	 26.00
679	 680	 195	 22.00
679	 711	 171	 20.00
680	 681	 228	 20.00
680	 712	 168	 17.00
681	 682	 219	 23.00
681	 713	 214	 19.00
682	 683	 196	 17.00
682	 714	 212	 14.00
683	 684	 193	 24.00
683	 715	 160	 15.00
684	 685	 185	 25.00
684	 716	 201	 15.00
685	 686	 198	 28.00
685	 717	 198	 16.00
686	 687	 220	 25.00
686	 718	 179	 23.00
687	 688	 233	 26.00
687	 719	 161	 25.00
688	 689	 202	 14.00
688	 720	 232	 17.00
689	 690	 213	 19.00
689	 721	 179	 20.00
690	 691	 237	 20.00
690	 722	 215	 28.00
691	 692	 239	 13.00
691	 723	 225	 13.00
692	 693	 198	 13.00
692	 724	 193	 17.00
693	 694	 207	 22.00
693	 725	 178	 16.00
694	 695	 239	 25.00
694	 726	 238	 13.00
695	 696	 190	 20.00
695	 727	 175	 18.00
696	 697	 225	 14.00
696	 728	 212	 22.00
697	 698	 189	 28.00
697	 729	 237	 26.00
698	 699	 176	 20.00
698	 730	 224	 23.00
699	 700	 208	 23.00
699	 731	 194	 28.00
700	 701	 228	 14.00
700	 732	 202	 26.00
701	 702	 206	 20.00
701	 733	 172	 17.00
702	 703	 216	 16.00
702	 734	 172	 18.00
703	 735	 231	 19.00
704	 705	 160	 18.00
704	 736	 181	 23.00
705	 706	 161	 26.00
705	 737	 175	 17.00
706	 707	 222	 16.00
706	 738	 206	 12.00
707	 708	 162	 20.00
707	 739	 239	 16.00
708	 709	 160	 16.00
708	 740	 237	 26.00
709	 710	 203	 22.00
709	 741	 227	 21.00
710	 711	 182	 12.00
710	 742	 188	 27.00
711	 712	 213	 18.00
711	 743	 204	 19.00
712	 713	 200	 18.00
712	 744	 191	 14.00
713	 714	 217	 19.00
713	 745	 172	 12.00
714	 715	 193	 26.00
714	 746	 174	 17.00
715	 716	 203	 19.00
715	 747	 178	 24.00
716	 717	 168	 19.00
716	 748	 226	 28.00
717	 718	 175	 26.00
717	 749	 237	 21.00
718	 719	 199	 20.00
718	 750	 180	 22.00
719	 720	 237	 20.00
719	 751	 173	 27.00
720	 721	 163	 20.00
720	 752	 209	 20.00
721	 722	 238	 23.00
721	 753	 187	 15.00
722	 723	 184	 12.00
722	 754	 162	 18.00
723	 724	 202	 16.00
723	 755	 188	 12.00
724	 725	 231	 14.00
724	 756	 214	 24.00
725	 726	 176	 22.00
725	 757	 212	 23.00
726	 727	 233	 21.00
726	 758	 171	 21.00
727	 728	 188	 23.00
727	 759	 215	 15.00
728	 729	 220	 21.00
728	 760	 170	 27.00
729	 730	 201	 20.00
729	 761	 207	 25.00
730	 731	 181	 13.00
730	 762	 209	 28.00
731	 732	 166	 23.00
731	 763	 210	 13.00
732	 733	 227	 17.00
732	 764	 184	 17.00
733	 734	 221	 23.00
733	 765	 223	 23.00
734	 735	 188	 25.00
734	 766	 172	 26.00
735	 767	 230	 12.00
736	 737	 174	 24.00
736	 768	 203	 14.00
737	 738	 177	 17.00
737	 769	 162	 18.00
738	 739	 181	 21.00
738	 770	 182	 28.00
739	 740	 217	 17.00
739	 771	 193	 20.00
740	 741	 194	 13.00
740	 772	 182	 17.00
741	 742	 222	 25.00
741	 773	 215	 22.00
742	 743	 223	 21.00
742	 774	 163	 12.00
743	 744	 230	 20.00
743	 775	 230	 12.00
744	 745	 187	 14.00
744	 776	 199	 15.00
745	 746	 226	 14.00
745	 777	 225	 25.00
746	 747	 237	 27.00
746	 778	 167	 12.00
747	 748	 164	 28.00
747	 779	 183	 28.00
748	 749	 187	 17.00
748	 780	 175	 14.00
749	 750	 170	 13.00
749	 781	 211	 27.00
750	 751	 226	 17.00
750	 782	 188	 22.00
751	 752	 208	 13.00
751	 783	 225	 16.00
752	 753	 202	 21.00
752	 784	 163	 27.00
753	 754	 197	 23.00
753	 785	 211	 25.00
754	 755	 193	 28.00
754	 786	 180	 16.00
755	 756	 182	 12.00
755	 787	 226	 12.00
756	 757	 162	 18.00
756	 788	 233	 14.00
757	 758	 219	 15.00
757	 789	 240	 22.00
758	 759	 171	 26.00
758	 790	 195	 20.00
759	 760	 221	 26.00
759	 791	 179	 19.00
760	 761	 174	 24.00
760	 792	 228	 17.00
761	 762	 237	 16.00
761	 793	 225	 19.00
762	 763	 228	 18.00
762	 794	 207	 16.00
763	 764	 185	 12.00
763	 795	 184	 22.00
764	 765	 217	 16.00
764	 796	 237	 13.00
765	 766	 190	 27.00
765	 797	 238	 27.00
766	 767	 176	 13.00
766	 798	 176	 28.00
767	 799	 236	 25.00
768	 769	 205	 15.00
768	 800	 204	 13.00
769	 770	 232	 25.00
769	 801	 161	 18.00
770	 771	 207	 28.00
770	 802	 228	 24.00
771	 772	 168	 20.00
771	 803	 170	 17.00
772	 773	 239	 23.00
772	 804	 238	 12.00
773	 774	 171	 17.00
773	 805	 216	 28.00
774	 775	 237	 28.00
774	 806	 204	 23.00
775	 776	 196	 13.00
775	 807	 222	 19.00
776	 777	 184	 17.00
776	 808	 182	 20.00
777	 778	 191	 25.00
777	 809	 181	 18.00
778	 779	 183	 20.00
778	 810	 240	 28.00
779	 780	 178	 14.00
779	 811	 195	 15.00
780	 781	 202	 23.00
780	 812	 185	 12.00
781	 782	 167	 14.00
781	 813	 229	 13.00
782	 783	 219	 20.00
782	 814	 225	 18.00
783	 784	 207	 25.00
783	 815	 176	 14.00
784	 785	 240	 13.00
784	 816	 190	 18.00
785	 786	 181	 26.00
785	 817	 179	 20.00
786	 787	 224	 25.00
786	 818	 203	 20.00
787	 788	 162	 18.00
787	 819	 236	 20.00
788	 789	 227	 25.00
788	 820	 201	 20.00
789	 790	 174	 14.00
789	 821	 216	 26.00
790	 791	 171	 23.00
790	 822	 189	 25.00
791	 792	 229	 16.00
791	 823	 171	 26.00
792	 793	 174	 16.00
792	 824	 229	 28.00
793	 794	 224	 13.00
793	 825	 224	 27.00
794	 795	 195	 14.00
794	 826	 194	 13.00
795	 796	 230	 17.00
795	 827	 217	 16.00
796	 797	 212	 12.00
796	 828	 232	 17.00
797	 798	 198	 22.00
797	 829	 170	 24.00
798	 799	 165	 19.00
798	 830	 170	 19.00
799	 831	 220	 28.00
800	 801	 227	 23.00
800	 832	 234	 27.00
801	 802	 234	 20.00
801	 833	 235	 13.00
802	 803	 182	 25.00
802	 834	 208	 18.00
803	 804	 212	 20.00
803	 835	 190	 27.00
804	 805	 175	 24.00
804	 836	 180	 22.00
805	 806	 203	 20.00
805	 837	 234	 15.00
806	 807	 231	 16.00
806	 838	 189	 12.00
807	 808	 184	 16.00
807	 839	 204	 15.00
808	 809	 190	 26.00
808	 840	 216	 24.00
809	 810	 190	 12.00
809	 841	 202	 13.00
810	 811	 224	 13.00
810	 842	 207	 18.00
811	 812	 233	 27.00
811	 843	 234	 15.00
812	 813	 175	 15.00
812	 844	 239	 23.00
813	 814	 208	 15.00
813	 845	 208	 26.00
814	 815	 166	 14.00
814	 846	 235	 19.00
815	 816	 169	 21.00
815	 847	 221	 12.00
816	 817	 229	 27.00
816	 848	 214	 18.00
817	 818	 220	 14.00
817	 849	 203	 23.00
818	 819	 198	 16.00
818	 850	 232	 21.00
819	 820	 203	 27.00
819	 851	 179	 18.00
820	 821	 240	 17.00
820	 852	 174	 20.00
821	 822	 223	 26.00
821	 853	 160	 26.00
822	 823	 219	 19.00
822	 854	 211	 13.00
823	 824	 192	 15.00
823	 855	 219	 18.00
824	 825	 174	 20.00
824	 856	 194	 25.00
825	 826	 170	 17.00
825	 857	 225	 15.00
826	 827	 223	 16.00
826	 858	 228	 27.00
827	 828	 202	 19.00
827	 859	 216	 20.00
828	 829	 171	 16.00
828	 860	 220	 27.00
829	 830	 211	 20.00
829	 861	 179	 15.00
830	 831	 180	 21.00
830	 862	 235	 27.00
831	 863	 182	 27.00
832	 833	 198	 19.00
832	 864	 218	 19.00
833	 834	 207	 13.00
833	 865	 183	 27.00
834	 835	 231	 28.00
834	 866	 163	 25.00
835	 836	 236	 27.00
835	 867	 232	 20.00
836	 837	 164	 16.00
836	 868	 220	 28.00
837	 838	 238	 24.00
837	 869	 215	 26.00
838	 839	 188	 16.00
838	 870	 235	 26.00
839	 840	 223	 20.00
839	 871	 188	 17.00
840	 841	 188	 21.00
840	 872	 207	 24.00
841	 842	 177	 25.00
841	 873	 169	 14.00
842	 843	 170	 18.00
842	 874	 161	 13.00
843	 844	 166	 15.00
843	 875	 238	 18.00
844	 845	 215	 20.00
844	 876	 212	 20.00
845	 846	 182	 18.00
845	 877	 170	 25.00
846	 847	 240	 14.00
846	 878	 197	 15.00
847	 848	 206	 28.00
847	 879	 199	 28.00
848	 849	 195	 13.00
848	 880	 195	 28.00
849	 850	 161	 23.00
849	 881	 210	 27.00
850	 851	 212	 24.00
850	 882	 190	 26.00
851	 852	 220	 17.00
851	 883	 209	 27.00
852	 853	 189	 27.00
852	 884	 214	 12.00
853	 854	 164	 15.00
853	 885	 187	 27.00
854	 855	 171	 16.00
854	 886	 194	 16.00
855	 856	 227	 19.00
855	 887	 167	 25.00
856	 857	 207	 13.00
856	 888	 220	 20.00
857	 858	 209	 19.00
857	 889	 203	 15.00
858	 859	 177	 21.00
858	 890	 204	 20.00
859	 860	 236	 19.00
859	 891	 188	 15.00
860	 861	 168	 27.00
860	 892	 199	 22.00
861	 862	 222	 25.00
861	 893	 229	 17.00
862	 863	 205	 17.00
862	 894	 180	 24.00
863	 895	 161	 21.00
864	 865	 185	 25.00
864	 896	 194	 19.00
865	 866	 234	 17.00
865	 897	 220	 24.00
866	 867	 172	 15.00
866	 898	 206	 25.00
867	 868	 162	 14.00
867	 899	 167	 16.00
868	 869	 184	 28.00
868	 900	 172	 16.00
869	 870	 172	 15.00
869	 901	 182	 14.00
870	 871	 224	 22.00
870	 902	 221	 19.00
871	 872	 233	 13.00
871	 903	 208	 22.00
872	 873	 231	 23.00
872	 904	 233	 24.00
873	 874	 217	 14.00
873	 905	 198	 28.00
874	 875	 236	 26.00
874	 906	 206	 22.00
875	 876	 166	 15.00
875	 907	 220	 13.00
876	 877	 229	 22.00
876	 908	 203	 12.00
877	 878	 214	 22.00
877	 909	 206	 25.00
878	 879	 235	 16.00
878	 910	 202	 17.00
879	 880	 203	 19.00
879	 911	 170	 26.00
880	 881	 168	 16.00
880	 912	 208	 28.00
881	 882	 181	 25.00
881	 913	 213	 20.00
882	 883	 200	 21.00
882	 914	 188	 18.00
883	 884	 236	 19.00
883	 915	 231	 15.00
884	 885	 237	 24.00
884	 916	 201	 22.00
885	 886	 192	 24.00
885	 917	 210	 26.00
886	 887	 173	 12.00
886	 918	 234	 22.00
887	 888	 229	 22.00
887	 919	 211	 21.00
888	 889	 211	 23.00
888	 920	 239	 19.00
889	 890	 174	 25.00
889	 921	 233	 14.00
890	 891	 203	 13.00
890	 922	 229	 28.00
891	 892	 171	 12.00
891	 923	 209	 28.00
892	 893	 210	 21.00
892	 924	 214	 13.00
893	 894	 204	 25.00
893	 925	 189	 22.00
894	 895	 206	 16.00
894	 926	 176	 17.00
895	 927	 184	 12.00
896	 897	 215	 15.00
896	 928	 240	 13.00
897	 898	 174	 14.00
897	 929	 185	 25.00
898	 899	 160	 27.00
898	 930	 238	 18.00
899	 900	 223	 28.00
899	 931	 176	 16.00
900	 901	 234	 24.00
900	 932	 211	 12.00
901	 902	 225	 19.00
901	 933	 225	 18.00
902	 903	 227	 23.00
902	 934	 231	 15.00
903	 904	 196	 12.00
903	 935	 193	 26.00
904	 905	 222	 22.00
904	 936	 166	 27.00
905	 906	 218	 27.00
905	 937	 168	 23.00
906	 907	 177	 17.00
906	 938	 187	 19.00
907	 908	 204	 21.00
907	 939	 200	 15.00
908	 909	 191	 19.00
908	 940	 228	 15.00
909	 910	 202	 19.00
909	 941	 210	 13.00
910	 911	 165	 18.00
910	 942	 196	 19.00
911	 912	 205	 16.00
911	 943	 197	 25.00
912	 913	 162	 16.00
912	 944	 182	 22.00
913	 914	 224	 18.00
913	 945	 179	 28.00
914	 915	 222	 16.00
914	 946	 182	 19.00
915	 916	 236	 21.00
915	 947	 184	 26.00
916	 917	 212	 13.00
916	 948	 185	 19.00
917	 918	 213	 13.00
917	 949	 201	 28.00
918	 919	 201	 28.00
918	 950	 214	 14.00
919	 920	 167	 26.00
919	 951	 210	 18.00
920	 921	 162	 23.00
920	 952	 178	 13.00
921	 922	 193	 13.00
921	 953	 181	 19.00
922	 923	 236	 20.00
922	 954	 166	 27.00
923	 924	 237	 26.00
923	 955	 216	 13.00
924	 925	 221	 24.00
924	 956	 211	 22.00
925	 926	 187	 15.00
925	 957	 218	 26.00
926	 927	 221	 26.00
926	 958	 223	 23.00
927	 959	 235	 19.00
928	 929	 240	 25.00
928	 960	 191	 28.00
929	 930	 206	 21.00
929	 961	 222	 14.00
930	 931	 224	 18.00
930	 962	 167	 21.00
931	 932	 220	 25.00
931	 963	 182	 24.00
932	 933	 224	 27.00
932	 964	 187	 19.00
933	 934	 209	 17.00
933	 965	 238	 12.00
934	 935	 239	 23.00
934	 966	 186	 28.00
935	 936	 237	 28.00
935	 967	 176	 19.00
936	 937	 208	 17.00
936	 968	 215	 24.00
937	 938	 180	 16.00
937	 969	 232	 22.00
938	 939	 174	 27.00
938	 970	 200	 23.00
939	 940	 222	 27.00
939	 971	 197	 15.00
940	 941	 239	 19.00
940	 972	 205	 26.00
941	 942	 214	 27.00
941	 973	 216	 26.00
942	 943	 189	 12.00
942	 974	 190	 14.00
943	 944	 173	 27.00
943	 975	 188	 18.00
944	 945	 182	 19.00
944	 976	 211	 20.00
945	 946	 175	 16.00
945	 977	 211	 26.00
946	 947	 171	 14.00
946	 978	 201	 21.00
947	 948	 239	 14.00
947	 979	 221	 22.00
948	 949	 166	 19.00
948	 980	 201	 14.00
949	 950	 194	 25.00
949	 981	 190	 28.00
950	 951	 231	 25.00
950	 982	 232	 20.00
951	 952	 191	 15.00
951	 983	 238	 27.00
952	 953	 229	 17.00
952	 984	 190	 22.00
953	 954	 209	 23.00
953	 985	 196	 12.00
954	 955	 238	 21.00
954	 986	 195	 19.00
955	 956	 172	 13.00
955	 987	 182	 22.00
956	 957	 228	 20.00
956	 988	 190	 12.00
957	 958	 163	 14.00
957	 989	 180	 19.00
958	 959	 188	 27.00
958	 990	 164	 13.00
959	 991	 232	 21.00
960	 961	 164	 24.00
960	 992	 191	 16.00
961	 962	 160	 24.00
961	 993	 181	 27.00
962	 963	 216	 20.00
962	 994	 170	 23.00
963	 964	 175	 23.00
963	 995	 230	 19.00
964	 965	 226	 21.00
964	 996	 186	 26.00
965	 966	 188	 24.00
965	 997	 232	 22.00
966	 967	 221	 21.00
966	 998	 165	 12.00
967	 968	 193	 18.00
967	 999	 236	 28.00
968	 969	 184	 28.00
968	 1000	 202	 26.00
969	 970	 184	 14.00
969	 1001	 206	 18.00
970	 971	 235	 12.00
970	 1002	 173	 25.00
971	 972	 209	 23.00
971	 1003	 180	 24.00
972	 973	 238	 25.00
972	 1004	 161	 22.00
973	 974	 164	 23.00
973	 1005	 239	 19.00
974	 975	 165	 18.00
974	 1006	 178	 20.00
975	 976	 213	 14.00
975	 1007	 204	 20.00
976	 977	 211	 20.00
976	 1008	 171	 15.00
977	 978	 190	 25.00
977	 1009	 207	 18.00
978	 979	 163	 22.00
978	 1010	 191	 15.00
979	 980	 166	 16.00
979	 1011	 167	 19.00
980	 981	 166	 26.00
980	 1012	 229	 20.00
981	 982	 226	 14.00
981	 1013	 199	 20.00
982	 983	 178	 18.00
982	 1014	 184	 24.00
983	 984	 236	 20.00
983	 1015	 225	 14.00
984	 985	 228	 20.00
984	 1016	 168	 15.00
985	 986	 206	 28.00
985	 1017	 165	 22.00
986	 987	 209	 12.00
986	 1018	 203	 14.00
987	 988	 162	 19.00
987	 1019	 224	 12.00
988	 989	 177	 20.00
988	 1020	 167	 14.00
989	 990	 182	 12.00
989	 1021	 207	 24.00
990	 991	 232	 25.00
990	 1022	 178	 12.00
991	 1023	 194	 15.00
992	 993	 196	 24.00
993	 994	 231	 28.00
994	 995	 211	 17.00
995	 996	 240	 14.00
996	 997	 182	 16.00
997	 998	 203	 19.00
998	 999	 220	 24.00
999	 1000	 233	 16.00
1000	 1001	 195	 15.00
1001	 1002	 225	 26.00
1002	 1003	 192	 26.00
1003	 1004	 220	 17.00
1004	 1005	 223	 13.00
1005	 1006	 170	 22.00
1006	 1007	 194	 13.00
1007	 1008	 179	 21.00
1008	 1009	 229	 12.00
1009	 1010	 202	 13.00
1010	 1011	 224	 17.00
1011	 1012	 197	 16.00
1012	 1013	 225	 28.00
1013	 1014	 194	 24.00
1014	 1015	 164	 19.00
1015	 1016	 209	 24.00
1016	 1017	 180	 16.00
1017	 1018	 199	 17.00
1018	 1019	 185	 23.00
1019	 1020	 231	 21.00
1020	 1021	 166	 26.00
1021	 1022	 179	 14.00
1022	 1023	 203	 20.00
