1024	1984	20	0.30

-20	 -1	 0
120	 24	 0
206	 32	 0
261	 -27	 0
411	 -11	 0
487	 -29	 0
623	 1	 0
714	 -8	 0
810	 -33	 7
876	 24	 7
981	 5	 7
1124	 -18	 7
1175	 -16	 7
1290	 1	 7
1425	 5	 7
1475	 -5	 7
1631	 15	 5
1696	 -5	 5
1791	 -26	 5
1876	 -21	 5
2032	 27	 5
2083	 -7	 5
2185	 -26	 5
2272	 -10	 5
2384	 -14	 3
2506	 -44	 3
2632	 -24	 3
2731	 2	 3
2822	 30	 3
2931	 -18	 3
2995	 -14	 3
3065	 31	 3
43	 108	 0
120	 73	 0
183	 98	 0
306	 82	 0
428	 67	 0
457	 72	 0
632	 95	 0
682	 115	 0
765	 100	 0
884	 98	 7
1002	 93	 7
1106	 67	 7
1189	 131	 7
1259	 91	 7
1438	 100	 7
1500	 71	 7
1558	 112	 5
1713	 62	 5
1788	 106	 5
1904	 119	 5
2003	 110	 5
2095	 126	 5
2222	 94	 5
2258	 70	 5
2430	 68	 3
2484	 115	 3
2597	 58	 3
2707	 126	 3
2815	 118	 3
2888	 113	 3
3031	 96	 3
3123	 113	 3
-32	 216	 0
100	 207	 0
215	 185	 0
282	 222	 0
407	 231	 0
469	 168	 0
588	 190	 0
717	 194	 0
804	 215	 0
874	 174	 0
1018	 222	 7
1126	 162	 7
1179	 213	 7
1269	 196	 7
1387	 172	 7
1491	 211	 5
1598	 198	 5
1722	 175	 5
1778	 227	 5
1880	 210	 5
2012	 220	 5
2074	 203	 5
2182	 180	 5
2261	 194	 3
2398	 240	 3
2503	 216	 3
2602	 201	 3
2728	 172	 3
2769	 187	 3
2926	 231	 3
2995	 235	 3
3098	 221	 3
-8	 279	 0
58	 272	 0
208	 296	 0
284	 298	 0
373	 331	 0
497	 329	 0
606	 282	 0
686	 300	 0
796	 279	 0
947	 318	 7
970	 323	 7
1117	 278	 7
1188	 274	 7
1280	 300	 7
1413	 316	 5
1513	 299	 5
1612	 286	 5
1706	 299	 5
1793	 258	 5
1879	 346	 5
1962	 338	 5
2066	 281	 5
2225	 292	 3
2288	 296	 3
2382	 275	 3
2496	 294	 3
2582	 305	 3
2684	 309	 3
2811	 329	 3
2906	 294	 3
3029	 268	 3
3104	 288	 3
42	 410	 0
71	 364	 0
175	 409	 0
322	 373	 0
408	 437	 0
500	 402	 0
592	 407	 0
735	 385	 0
803	 408	 7
889	 391	 7
995	 411	 7
1099	 359	 7
1188	 425	 7
1301	 416	 7
1402	 384	 7
1515	 399	 5
1574	 404	 5
1673	 411	 5
1761	 359	 5
1901	 389	 5
2016	 386	 5
2121	 393	 5
2225	 390	 5
2301	 398	 3
2380	 427	 3
2502	 410	 3
2595	 415	 3
2695	 407	 3
2813	 411	 3
2886	 378	 3
3031	 389	 3
3073	 408	 3
0	 479	 0
118	 485	 0
183	 468	 0
325	 534	 0
378	 469	 0
468	 500	 0
591	 486	 0
667	 492	 0
826	 518	 7
907	 506	 7
1022	 504	 7
1111	 489	 7
1192	 480	 7
1339	 457	 7
1362	 475	 7
1526	 525	 7
1571	 454	 5
1686	 500	 5
1792	 516	 5
1892	 490	 5
1964	 535	 5
2089	 485	 5
2206	 514	 5
2293	 517	 3
2417	 499	 3
2475	 492	 3
2624	 505	 3
2732	 493	 3
2792	 518	 3
2944	 482	 3
2982	 484	 3
3121	 487	 3
7	 558	 0
89	 600	 0
208	 607	 0
273	 612	 0
405	 577	 0
527	 605	 0
584	 605	 0
715	 595	 0
814	 584	 7
856	 569	 7
978	 600	 7
1100	 618	 7
1206	 578	 7
1287	 613	 7
1423	 610	 7
1491	 581	 7
1580	 597	 7
1687	 591	 5
1753	 552	 5
1897	 569	 5
1987	 617	 5
2079	 601	 5
2218	 575	 5
2276	 623	 5
2399	 566	 3
2485	 647	 3
2558	 630	 3
2686	 585	 3
2781	 595	 3
2892	 590	 3
3020	 603	 3
3124	 626	 8
8	 694	 0
102	 741	 0
228	 698	 0
329	 690	 0
437	 715	 0
533	 680	 0
570	 703	 11
733	 698	 7
836	 679	 7
906	 697	 7
1014	 706	 7
1104	 697	 7
1174	 706	 7
1286	 732	 7
1373	 682	 7
1494	 722	 7
1594	 718	 7
1698	 661	 5
1841	 711	 5
1916	 724	 5
2021	 692	 5
2096	 669	 5
2187	 720	 5
2290	 671	 5
2410	 710	 3
2474	 701	 3
2631	 673	 3
2715	 708	 3
2809	 720	 3
2874	 720	 3
3024	 732	 8
3102	 689	 8
-21	 807	 11
114	 783	 11
229	 772	 0
291	 791	 0
388	 811	 11
497	 832	 11
583	 787	 11
711	 804	 11
778	 790	 11
907	 832	 13
989	 763	 7
1100	 795	 7
1222	 796	 7
1306	 794	 7
1384	 783	 7
1492	 791	 7
1596	 800	 13
1677	 815	 13
1806	 820	 5
1889	 811	 5
2014	 798	 5
2102	 807	 5
2208	 802	 8
2339	 827	 8
2420	 837	 8
2496	 808	 3
2580	 838	 3
2672	 827	 3
2806	 810	 3
2904	 817	 8
2988	 823	 8
3095	 774	 8
-8	 920	 11
91	 878	 11
200	 905	 11
291	 940	 11
419	 923	 11
524	 914	 11
580	 903	 11
674	 900	 11
821	 911	 11
901	 905	 13
984	 863	 13
1124	 890	 7
1177	 893	 13
1318	 880	 7
1429	 912	 13
1512	 865	 13
1582	 858	 13
1712	 928	 13
1823	 916	 13
1883	 871	 5
2009	 895	 5
2114	 879	 15
2238	 924	 8
2330	 930	 8
2400	 899	 8
2514	 888	 8
2627	 904	 8
2700	 897	 8
2813	 923	 8
2900	 935	 8
3003	 878	 8
3123	 878	 8
28	 1005	 11
91	 1000	 11
174	 1032	 11
280	 992	 11
380	 1004	 11
487	 985	 11
569	 1026	 11
690	 1000	 11
823	 1030	 11
919	 1010	 11
1002	 988	 13
1089	 983	 13
1232	 1002	 13
1281	 979	 13
1376	 1003	 13
1525	 959	 13
1628	 1002	 13
1681	 1032	 13
1791	 997	 13
1903	 979	 15
2025	 967	 15
2112	 1011	 15
2164	 1001	 15
2277	 979	 8
2413	 991	 8
2488	 997	 8
2608	 974	 8
2697	 1022	 8
2770	 1008	 8
2895	 998	 8
2986	 990	 8
3062	 1009	 8
1	 1115	 11
83	 1108	 11
184	 1070	 11
257	 1087	 11
369	 1087	 11
469	 1104	 11
640	 1130	 11
661	 1104	 11
835	 1084	 11
904	 1088	 11
991	 1119	 11
1113	 1135	 13
1198	 1086	 13
1274	 1100	 13
1369	 1107	 13
1529	 1111	 13
1607	 1073	 13
1695	 1122	 13
1784	 1139	 13
1862	 1094	 13
2005	 1077	 15
2124	 1078	 15
2225	 1080	 8
2307	 1132	 8
2370	 1124	 8
2497	 1083	 8
2585	 1116	 8
2724	 1076	 8
2789	 1073	 8
2916	 1070	 8
2985	 1095	 8
3071	 1073	 8
5	 1238	 11
105	 1190	 11
195	 1228	 11
331	 1198	 11
386	 1191	 11
477	 1196	 11
577	 1231	 11
728	 1197	 11
812	 1247	 11
901	 1226	 11
1005	 1175	 13
1066	 1227	 13
1217	 1212	 13
1295	 1193	 13
1419	 1211	 13
1521	 1234	 13
1594	 1225	 13
1700	 1208	 13
1784	 1220	 13
1918	 1174	 13
1982	 1199	 15
2080	 1202	 15
2231	 1221	 15
2280	 1200	 15
2437	 1191	 8
2497	 1205	 8
2570	 1201	 8
2695	 1161	 8
2766	 1243	 8
2863	 1216	 8
3031	 1177	 8
3130	 1199	 8
21	 1330	 11
102	 1330	 11
165	 1301	 11
301	 1272	 11
432	 1333	 11
491	 1303	 11
640	 1275	 11
683	 1266	 11
818	 1308	 11
864	 1303	 11
988	 1288	 13
1063	 1320	 13
1186	 1317	 13
1297	 1269	 13
1404	 1262	 13
1484	 1302	 13
1622	 1293	 13
1716	 1289	 13
1787	 1308	 13
1915	 1258	 13
2004	 1299	 14
2105	 1310	 14
2206	 1320	 14
2344	 1330	 15
2407	 1297	 8
2525	 1340	 8
2605	 1280	 8
2749	 1311	 8
2798	 1285	 8
2928	 1263	 8
2991	 1325	 8
3084	 1323	 8
12	 1401	 11
98	 1429	 11
180	 1437	 10
318	 1354	 11
393	 1394	 11
526	 1380	 11
606	 1366	 11
695	 1397	 11
845	 1440	 13
914	 1406	 13
992	 1370	 13
1103	 1413	 12
1155	 1400	 12
1320	 1428	 13
1382	 1418	 12
1478	 1410	 13
1616	 1386	 13
1672	 1410	 13
1779	 1413	 13
1894	 1376	 14
1972	 1424	 14
2087	 1391	 14
2243	 1394	 14
2316	 1385	 14
2391	 1400	 8
2482	 1410	 8
2606	 1395	 8
2726	 1368	 8
2792	 1392	 8
2949	 1431	 8
3037	 1387	 8
3065	 1402	 8
30	 1498	 11
124	 1536	 10
191	 1519	 10
274	 1498	 10
433	 1530	 10
475	 1508	 10
642	 1547	 11
678	 1501	 11
828	 1477	 13
896	 1507	 12
1003	 1481	 12
1069	 1511	 12
1171	 1504	 12
1298	 1501	 12
1397	 1479	 12
1505	 1496	 13
1623	 1507	 13
1700	 1509	 13
1808	 1480	 13
1901	 1499	 14
2000	 1497	 14
2084	 1525	 14
2212	 1487	 14
2292	 1499	 14
2396	 1477	 14
2480	 1491	 9
2596	 1518	 9
2688	 1492	 8
2806	 1497	 8
2877	 1538	 8
2973	 1540	 9
3142	 1498	 9
-3	 1632	 10
96	 1581	 10
222	 1634	 10
290	 1567	 10
399	 1566	 10
544	 1615	 10
614	 1641	 10
714	 1605	 16
795	 1610	 16
903	 1590	 12
1000	 1614	 12
1092	 1569	 12
1181	 1599	 12
1258	 1613	 12
1425	 1640	 12
1486	 1603	 13
1607	 1590	 13
1668	 1574	 14
1790	 1582	 13
1890	 1608	 14
1999	 1583	 14
2086	 1557	 14
2208	 1572	 14
2313	 1612	 9
2401	 1642	 9
2486	 1596	 9
2611	 1612	 9
2708	 1614	 9
2807	 1591	 9
2876	 1592	 8
3034	 1568	 8
3125	 1603	 9
-32	 1706	 10
71	 1722	 10
191	 1699	 10
311	 1691	 10
415	 1722	 10
529	 1731	 10
598	 1737	 10
693	 1689	 10
754	 1707	 12
893	 1711	 12
991	 1682	 12
1088	 1699	 12
1217	 1701	 12
1291	 1722	 12
1413	 1717	 12
1503	 1688	 12
1631	 1697	 12
1720	 1708	 14
1845	 1716	 14
1886	 1694	 14
2012	 1663	 14
2085	 1728	 14
2172	 1709	 9
2301	 1718	 9
2388	 1689	 9
2504	 1700	 9
2578	 1668	 9
2700	 1709	 9
2773	 1714	 9
2902	 1694	 9
2988	 1661	 9
3097	 1695	 9
13	 1761	 10
82	 1777	 10
197	 1798	 10
325	 1790	 10
401	 1845	 10
514	 1809	 10
594	 1809	 10
668	 1850	 10
783	 1822	 10
923	 1809	 12
988	 1817	 12
1110	 1785	 12
1172	 1763	 12
1287	 1753	 12
1409	 1822	 12
1536	 1796	 12
1571	 1794	 12
1666	 1809	 12
1836	 1788	 14
1902	 1798	 14
2013	 1808	 14
2059	 1806	 14
2193	 1815	 9
2299	 1799	 9
2403	 1829	 9
2478	 1803	 9
2613	 1800	 9
2718	 1759	 9
2806	 1832	 9
2913	 1809	 9
3042	 1817	 9
3116	 1829	 9
33	 1890	 10
80	 1881	 10
197	 1916	 10
297	 1894	 10
419	 1914	 10
543	 1918	 10
633	 1876	 10
686	 1879	 10
817	 1922	 10
939	 1902	 12
966	 1896	 12
1085	 1880	 12
1217	 1895	 12
1291	 1906	 12
1411	 1922	 12
1502	 1900	 12
1631	 1945	 12
1741	 1860	 14
1787	 1897	 14
1892	 1871	 14
1993	 1918	 14
2111	 1921	 14
2169	 1882	 14
2290	 1922	 9
2408	 1939	 9
2526	 1902	 9
2633	 1914	 9
2703	 1910	 9
2823	 1942	 9
2907	 1891	 9
3001	 1930	 9
3085	 1897	 9
19	 2009	 10
96	 2038	 10
195	 2039	 10
328	 2036	 10
405	 2010	 10
516	 2007	 10
608	 2016	 10
733	 2002	 10
803	 1989	 10
870	 1983	 12
1012	 2012	 12
1099	 1991	 12
1221	 2010	 12
1264	 2002	 12
1394	 2035	 12
1511	 2038	 12
1569	 2019	 12
1729	 2014	 14
1809	 1963	 14
1906	 1991	 14
2026	 1982	 14
2082	 2007	 14
2201	 1975	 14
2299	 1968	 9
2353	 1962	 9
2502	 2024	 9
2624	 1999	 9
2712	 2036	 9
2814	 1977	 9
2875	 2023	 9
2968	 1986	 9
3137	 1983	 9
-32	 2111	 10
123	 2143	 10
155	 2090	 10
347	 2106	 10
430	 2099	 10
517	 2092	 10
625	 2098	 10
694	 2072	 10
801	 2113	 12
926	 2095	 12
983	 2092	 12
1069	 2105	 12
1155	 2099	 12
1315	 2097	 12
1367	 2102	 12
1497	 2086	 12
1589	 2068	 12
1682	 2057	 14
1817	 2095	 14
1893	 2109	 14
2000	 2103	 14
2107	 2097	 14
2194	 2084	 14
2311	 2110	 9
2408	 2091	 9
2523	 2117	 9
2621	 2109	 9
2668	 2107	 9
2793	 2131	 9
2860	 2147	 9
2988	 2104	 9
3094	 2084	 9
-13	 2205	 10
95	 2231	 10
191	 2183	 10
278	 2232	 1
397	 2190	 1
475	 2237	 10
600	 2233	 10
689	 2208	 10
814	 2199	 12
864	 2224	 6
977	 2194	 12
1118	 2200	 6
1191	 2199	 6
1302	 2170	 12
1376	 2190	 12
1515	 2201	 12
1600	 2210	 12
1684	 2205	 14
1789	 2207	 14
1931	 2216	 14
2019	 2175	 14
2101	 2171	 14
2229	 2194	 14
2294	 2180	 14
2427	 2208	 14
2506	 2240	 9
2569	 2212	 9
2689	 2182	 9
2805	 2208	 2
2908	 2205	 9
2998	 2206	 9
3080	 2204	 9
1	 2283	 10
120	 2347	 10
206	 2310	 1
281	 2321	 1
368	 2317	 1
511	 2302	 1
602	 2268	 10
717	 2339	 17
843	 2280	 6
902	 2278	 6
966	 2253	 6
1084	 2303	 6
1193	 2333	 6
1327	 2323	 6
1418	 2254	 12
1525	 2299	 14
1597	 2295	 14
1711	 2286	 14
1758	 2268	 14
1881	 2288	 4
2000	 2256	 4
2096	 2328	 4
2211	 2269	 14
2294	 2305	 14
2396	 2273	 14
2499	 2277	 14
2621	 2308	 9
2706	 2301	 2
2761	 2289	 2
2918	 2284	 2
3008	 2300	 9
3126	 2290	 9
-23	 2416	 1
78	 2411	 1
193	 2367	 1
289	 2412	 1
424	 2359	 19
498	 2404	 19
576	 2382	 1
724	 2374	 17
767	 2406	 6
883	 2387	 6
979	 2412	 6
1082	 2399	 6
1184	 2392	 6
1296	 2358	 6
1373	 2402	 6
1496	 2384	 6
1593	 2385	 14
1686	 2406	 4
1808	 2379	 4
1930	 2408	 4
1974	 2377	 4
2111	 2402	 4
2191	 2440	 4
2330	 2387	 14
2443	 2401	 14
2482	 2394	 2
2587	 2410	 2
2704	 2399	 2
2802	 2407	 2
2914	 2390	 2
2989	 2389	 2
3090	 2396	 2
25	 2500	 1
126	 2490	 1
199	 2498	 1
296	 2479	 1
386	 2505	 1
483	 2507	 1
604	 2503	 1
744	 2486	 6
827	 2463	 6
899	 2524	 6
960	 2532	 6
1093	 2510	 6
1220	 2498	 6
1274	 2463	 6
1398	 2479	 6
1486	 2511	 6
1642	 2477	 14
1716	 2502	 4
1798	 2531	 4
1904	 2478	 4
1999	 2518	 4
2090	 2456	 4
2178	 2467	 4
2304	 2545	 4
2403	 2490	 2
2498	 2507	 18
2609	 2490	 2
2691	 2465	 2
2752	 2517	 2
2886	 2521	 2
2984	 2526	 2
3113	 2519	 2
-1	 2607	 1
89	 2646	 1
176	 2630	 1
280	 2571	 1
428	 2596	 1
504	 2605	 1
567	 2573	 1
681	 2634	 1
787	 2593	 1
880	 2618	 6
990	 2602	 6
1114	 2588	 6
1162	 2588	 6
1289	 2576	 6
1436	 2615	 6
1520	 2626	 4
1585	 2607	 4
1685	 2637	 4
1787	 2599	 4
1928	 2621	 4
2022	 2636	 4
2115	 2589	 4
2176	 2635	 4
2313	 2568	 4
2369	 2620	 2
2505	 2567	 2
2570	 2612	 2
2669	 2575	 2
2798	 2622	 2
2939	 2603	 2
2979	 2612	 2
3129	 2599	 2
-28	 2694	 1
100	 2729	 1
213	 2726	 1
332	 2714	 1
402	 2718	 1
510	 2689	 1
633	 2684	 1
695	 2667	 6
830	 2654	 6
926	 2673	 6
1014	 2690	 6
1063	 2690	 6
1176	 2704	 6
1305	 2706	 6
1395	 2735	 6
1466	 2692	 4
1600	 2699	 4
1674	 2688	 4
1781	 2702	 4
1916	 2680	 4
2006	 2682	 4
2074	 2696	 4
2190	 2699	 4
2282	 2706	 4
2442	 2708	 2
2522	 2668	 2
2558	 2701	 2
2691	 2683	 2
2782	 2671	 2
2915	 2683	 2
3033	 2710	 2
3072	 2681	 2
-42	 2766	 1
95	 2768	 1
174	 2805	 1
254	 2758	 1
424	 2790	 1
490	 2836	 1
601	 2781	 1
694	 2828	 1
798	 2800	 1
878	 2802	 6
989	 2785	 6
1102	 2829	 6
1217	 2787	 6
1290	 2789	 6
1391	 2796	 6
1473	 2777	 6
1608	 2813	 4
1744	 2771	 4
1789	 2772	 4
1883	 2803	 4
1979	 2794	 4
2057	 2781	 4
2199	 2787	 4
2293	 2820	 2
2433	 2816	 2
2545	 2842	 2
2621	 2789	 2
2685	 2771	 2
2789	 2798	 2
2896	 2774	 2
3036	 2843	 2
3110	 2800	 2
-10	 2892	 1
108	 2907	 1
190	 2897	 1
290	 2914	 1
402	 2891	 1
498	 2886	 1
633	 2895	 1
690	 2898	 1
776	 2899	 1
933	 2929	 6
1011	 2898	 6
1109	 2867	 6
1204	 2933	 6
1271	 2903	 6
1401	 2872	 6
1480	 2897	 4
1594	 2878	 4
1738	 2896	 4
1813	 2913	 4
1909	 2881	 4
2007	 2894	 4
2101	 2928	 4
2205	 2932	 4
2320	 2883	 2
2412	 2913	 2
2510	 2870	 2
2579	 2927	 2
2712	 2917	 2
2765	 2883	 2
2907	 2901	 2
2988	 2885	 2
3132	 2894	 2
15	 3001	 1
103	 3026	 1
170	 3027	 1
327	 2963	 1
417	 3010	 1
461	 2992	 1
565	 2965	 1
668	 3041	 1
770	 2976	 1
864	 2976	 6
1047	 2986	 6
1117	 2985	 6
1181	 3037	 6
1298	 3037	 6
1380	 2992	 6
1468	 3021	 4
1556	 3042	 4
1724	 2991	 4
1810	 3045	 4
1930	 2992	 4
1977	 2996	 4
2136	 3011	 4
2187	 2960	 4
2332	 2978	 2
2392	 2981	 2
2504	 3000	 2
2584	 3000	 2
2679	 3006	 2
2763	 2971	 2
2879	 3034	 2
2971	 2978	 2
3056	 3025	 2
-6	 3082	 1
79	 3063	 1
198	 3119	 1
326	 3132	 1
396	 3119	 1
519	 3105	 1
588	 3056	 1
679	 3085	 1
799	 3083	 6
924	 3128	 6
975	 3101	 6
1138	 3117	 6
1155	 3094	 6
1299	 3118	 6
1384	 3071	 6
1499	 3087	 4
1624	 3091	 4
1698	 3100	 4
1791	 3053	 4
1895	 3073	 4
2003	 3124	 4
2095	 3108	 4
2221	 3126	 4
2302	 3080	 4
2351	 3127	 4
2497	 3088	 2
2575	 3080	 2
2713	 3114	 2
2806	 3094	 2
2888	 3089	 2
2980	 3127	 2
3112	 3130	 2

0	 1	 239	 24.00
0	 32	 205	 15.00
1	 2	 229	 14.00
1	 33	 225	 15.00
2	 3	 189	 12.00
2	 34	 239	 21.00
3	 4	 215	 19.00
3	 35	 203	 12.00
4	 5	 212	 18.00
4	 36	 200	 28.00
5	 6	 175	 26.00
5	 37	 232	 20.00
6	 7	 222	 16.00
6	 38	 194	 23.00
7	 8	 231	 25.00
7	 39	 179	 28.00
8	 9	 184	 21.00
8	 40	 187	 27.00
9	 10	 238	 27.00
9	 41	 176	 17.00
10	 11	 204	 25.00
10	 42	 189	 23.00
11	 12	 228	 26.00
11	 43	 230	 16.00
12	 13	 202	 12.00
12	 44	 197	 21.00
13	 14	 193	 26.00
13	 45	 233	 13.00
14	 15	 170	 24.00
14	 46	 221	 20.00
15	 16	 200	 22.00
15	 47	 239	 20.00
16	 17	 227	 12.00
16	 48	 188	 22.00
17	 18	 181	 18.00
17	 49	 200	 22.00
18	 19	 162	 18.00
18	 50	 163	 14.00
19	 20	 164	 15.00
19	 51	 209	 20.00
20	 21	 188	 25.00
20	 52	 163	 23.00
21	 22	 164	 19.00
21	 53	 173	 15.00
22	 23	 200	 24.00
22	 54	 237	 15.00
23	 24	 192	 12.00
23	 55	 237	 28.00
24	 25	 183	 16.00
24	 56	 212	 17.00
25	 26	 178	 28.00
25	 57	 194	 22.00
26	 27	 166	 14.00
26	 58	 161	 18.00
27	 28	 199	 15.00
27	 59	 216	 25.00
28	 29	 165	 18.00
28	 60	 201	 26.00
29	 30	 182	 22.00
29	 61	 220	 21.00
30	 31	 173	 17.00
30	 62	 171	 16.00
31	 63	 197	 18.00
32	 33	 201	 21.00
32	 64	 192	 16.00
33	 34	 218	 18.00
33	 65	 189	 19.00
34	 35	 202	 24.00
34	 66	 164	 24.00
35	 36	 206	 27.00
35	 67	 211	 24.00
36	 37	 178	 19.00
36	 68	 180	 14.00
37	 38	 222	 17.00
37	 69	 168	 27.00
38	 39	 176	 22.00
38	 70	 200	 25.00
39	 40	 168	 15.00
39	 71	 177	 21.00
40	 41	 225	 23.00
40	 72	 239	 12.00
41	 42	 189	 22.00
41	 73	 163	 18.00
42	 43	 223	 25.00
42	 74	 186	 26.00
43	 44	 240	 27.00
43	 75	 219	 18.00
44	 45	 239	 19.00
44	 76	 234	 26.00
45	 46	 191	 27.00
45	 77	 220	 19.00
46	 47	 195	 26.00
46	 78	 227	 19.00
47	 48	 217	 15.00
47	 79	 168	 23.00
48	 49	 189	 26.00
48	 80	 225	 14.00
49	 50	 196	 24.00
49	 81	 189	 13.00
50	 51	 199	 23.00
50	 82	 216	 18.00
51	 52	 182	 18.00
51	 83	 221	 16.00
52	 53	 221	 18.00
52	 84	 207	 26.00
53	 54	 160	 25.00
53	 85	 179	 16.00
54	 55	 213	 12.00
54	 86	 164	 13.00
55	 56	 199	 21.00
55	 87	 214	 20.00
56	 57	 210	 25.00
56	 88	 214	 17.00
57	 58	 199	 12.00
57	 89	 180	 15.00
58	 59	 235	 27.00
58	 90	 205	 22.00
59	 60	 160	 17.00
59	 91	 238	 22.00
60	 61	 176	 12.00
60	 92	 226	 15.00
61	 62	 205	 14.00
61	 93	 186	 14.00
62	 63	 171	 20.00
62	 94	 201	 13.00
63	 95	 215	 19.00
64	 65	 234	 26.00
64	 96	 238	 26.00
65	 66	 234	 25.00
65	 97	 212	 17.00
66	 67	 231	 16.00
66	 98	 215	 25.00
67	 68	 182	 21.00
67	 99	 234	 21.00
68	 69	 236	 19.00
68	 100	 229	 18.00
69	 70	 223	 15.00
69	 101	 239	 19.00
70	 71	 202	 14.00
70	 102	 197	 28.00
71	 72	 208	 27.00
71	 103	 167	 27.00
72	 73	 237	 13.00
72	 104	 212	 13.00
73	 74	 232	 16.00
73	 105	 174	 26.00
74	 75	 169	 26.00
74	 106	 228	 22.00
75	 76	 224	 20.00
75	 107	 238	 19.00
76	 77	 196	 15.00
76	 108	 173	 22.00
77	 78	 238	 21.00
77	 109	 229	 14.00
78	 79	 214	 24.00
78	 110	 161	 12.00
79	 80	 182	 20.00
79	 111	 210	 20.00
80	 81	 215	 13.00
80	 112	 177	 16.00
81	 82	 237	 20.00
81	 113	 203	 19.00
82	 83	 171	 14.00
82	 114	 219	 22.00
83	 84	 162	 22.00
83	 115	 211	 13.00
84	 85	 166	 21.00
84	 116	 230	 20.00
85	 86	 204	 16.00
85	 117	 237	 23.00
86	 87	 184	 28.00
86	 118	 175	 15.00
87	 88	 191	 26.00
87	 119	 195	 21.00
88	 89	 186	 26.00
88	 120	 179	 25.00
89	 90	 235	 19.00
89	 121	 187	 27.00
90	 91	 234	 28.00
90	 122	 175	 19.00
91	 92	 236	 17.00
91	 123	 172	 14.00
92	 93	 170	 20.00
92	 124	 182	 21.00
93	 94	 169	 27.00
93	 125	 214	 26.00
94	 95	 181	 19.00
94	 126	 176	 21.00
95	 127	 199	 13.00
96	 97	 226	 28.00
96	 128	 231	 16.00
97	 98	 167	 15.00
97	 129	 179	 17.00
98	 99	 179	 21.00
98	 130	 176	 18.00
99	 100	 233	 20.00
99	 131	 235	 16.00
100	 101	 221	 25.00
100	 132	 214	 24.00
101	 102	 190	 19.00
101	 133	 230	 23.00
102	 103	 209	 26.00
102	 134	 175	 28.00
103	 104	 177	 26.00
103	 135	 238	 25.00
104	 105	 163	 13.00
104	 136	 163	 12.00
105	 106	 167	 15.00
105	 137	 184	 25.00
106	 107	 171	 21.00
106	 138	 236	 26.00
107	 108	 198	 20.00
107	 139	 236	 12.00
108	 109	 199	 27.00
108	 140	 212	 26.00
109	 110	 222	 27.00
109	 141	 235	 24.00
110	 111	 189	 17.00
110	 142	 193	 20.00
111	 112	 223	 12.00
111	 143	 183	 22.00
112	 113	 177	 19.00
112	 144	 182	 20.00
113	 114	 193	 26.00
113	 145	 197	 14.00
114	 115	 165	 21.00
114	 146	 189	 21.00
115	 116	 228	 23.00
115	 147	 205	 26.00
116	 117	 193	 18.00
116	 148	 208	 15.00
117	 118	 220	 12.00
117	 149	 194	 19.00
118	 119	 182	 17.00
118	 150	 160	 28.00
119	 120	 182	 14.00
119	 151	 200	 24.00
120	 121	 239	 16.00
120	 152	 190	 21.00
121	 122	 169	 13.00
121	 153	 221	 20.00
122	 123	 207	 21.00
122	 154	 204	 22.00
123	 124	 188	 18.00
123	 155	 216	 28.00
124	 125	 178	 13.00
124	 156	 235	 12.00
125	 126	 172	 19.00
125	 157	 172	 12.00
126	 127	 229	 18.00
126	 158	 200	 12.00
127	 159	 160	 12.00
128	 129	 202	 20.00
128	 160	 175	 13.00
129	 130	 189	 16.00
129	 161	 216	 15.00
130	 131	 161	 19.00
130	 162	 165	 28.00
131	 132	 172	 16.00
131	 163	 225	 17.00
132	 133	 189	 22.00
132	 164	 227	 24.00
133	 134	 191	 23.00
133	 165	 208	 21.00
134	 135	 177	 26.00
134	 166	 212	 19.00
135	 136	 232	 15.00
135	 167	 170	 22.00
136	 137	 238	 14.00
136	 168	 179	 25.00
137	 138	 163	 18.00
137	 169	 161	 22.00
138	 139	 183	 13.00
138	 170	 227	 24.00
139	 140	 227	 22.00
139	 171	 224	 16.00
140	 141	 214	 13.00
140	 172	 183	 12.00
141	 142	 182	 19.00
141	 173	 214	 17.00
142	 143	 232	 26.00
142	 174	 233	 16.00
143	 144	 182	 23.00
143	 175	 226	 21.00
144	 145	 229	 21.00
144	 176	 179	 25.00
145	 146	 197	 22.00
145	 177	 183	 21.00
146	 147	 163	 12.00
146	 178	 203	 22.00
147	 148	 231	 14.00
147	 179	 231	 14.00
148	 149	 169	 18.00
148	 180	 179	 20.00
149	 150	 225	 18.00
149	 181	 223	 19.00
150	 151	 236	 19.00
150	 182	 202	 22.00
151	 152	 176	 21.00
151	 183	 202	 22.00
152	 153	 174	 13.00
152	 184	 231	 27.00
153	 154	 230	 26.00
153	 185	 172	 22.00
154	 155	 180	 14.00
154	 186	 223	 17.00
155	 156	 224	 20.00
155	 187	 161	 13.00
156	 157	 216	 25.00
156	 188	 236	 23.00
157	 158	 201	 17.00
157	 189	 182	 16.00
158	 159	 203	 13.00
158	 190	 200	 16.00
159	 191	 215	 14.00
160	 161	 207	 15.00
160	 192	 164	 23.00
161	 162	 168	 18.00
161	 193	 237	 19.00
162	 163	 175	 26.00
162	 194	 193	 12.00
163	 164	 201	 19.00
163	 195	 202	 15.00
164	 165	 238	 28.00
164	 196	 170	 17.00
165	 166	 230	 13.00
165	 197	 162	 28.00
166	 167	 191	 27.00
166	 198	 198	 27.00
167	 168	 207	 23.00
167	 199	 198	 23.00
168	 169	 227	 21.00
168	 200	 207	 25.00
169	 170	 231	 16.00
169	 201	 161	 26.00
170	 171	 221	 18.00
170	 202	 206	 14.00
171	 172	 172	 15.00
171	 203	 166	 22.00
172	 173	 195	 23.00
172	 204	 231	 28.00
173	 174	 169	 28.00
173	 205	 190	 22.00
174	 175	 176	 27.00
174	 206	 169	 26.00
175	 176	 236	 19.00
175	 207	 161	 22.00
176	 177	 225	 20.00
176	 208	 187	 21.00
177	 178	 188	 24.00
177	 209	 174	 27.00
178	 179	 175	 28.00
178	 210	 223	 24.00
179	 180	 229	 27.00
179	 211	 234	 16.00
180	 181	 202	 18.00
180	 212	 169	 26.00
181	 182	 230	 13.00
181	 213	 227	 14.00
182	 183	 224	 25.00
182	 214	 173	 24.00
183	 184	 210	 12.00
183	 215	 169	 22.00
184	 185	 210	 26.00
184	 216	 195	 20.00
185	 186	 229	 23.00
185	 217	 228	 17.00
186	 187	 176	 13.00
186	 218	 208	 24.00
187	 188	 192	 21.00
187	 219	 209	 12.00
188	 189	 181	 19.00
188	 220	 237	 12.00
189	 190	 202	 16.00
189	 221	 187	 12.00
190	 191	 238	 13.00
190	 222	 197	 21.00
191	 223	 217	 24.00
192	 193	 178	 16.00
192	 224	 175	 19.00
193	 194	 160	 15.00
193	 225	 220	 21.00
194	 195	 173	 19.00
194	 226	 189	 17.00
195	 196	 207	 23.00
195	 227	 171	 28.00
196	 197	 164	 14.00
196	 228	 197	 24.00
197	 198	 162	 23.00
197	 229	 167	 28.00
198	 199	 220	 22.00
198	 230	 166	 27.00
199	 200	 188	 23.00
199	 231	 186	 27.00
200	 201	 215	 27.00
200	 232	 226	 12.00
201	 202	 218	 28.00
201	 233	 217	 15.00
202	 203	 240	 12.00
202	 234	 212	 12.00
203	 204	 186	 19.00
203	 235	 171	 27.00
204	 205	 198	 22.00
204	 236	 195	 13.00
205	 206	 198	 28.00
205	 237	 173	 27.00
206	 207	 164	 12.00
206	 238	 223	 16.00
207	 208	 171	 25.00
207	 239	 238	 25.00
208	 209	 201	 15.00
208	 240	 180	 21.00
209	 210	 174	 18.00
209	 241	 227	 17.00
210	 211	 206	 13.00
210	 242	 238	 23.00
211	 212	 193	 14.00
211	 243	 170	 19.00
212	 213	 223	 15.00
212	 244	 185	 15.00
213	 214	 198	 14.00
213	 245	 208	 27.00
214	 215	 210	 14.00
214	 246	 211	 23.00
215	 216	 182	 24.00
215	 247	 207	 19.00
216	 217	 164	 20.00
216	 248	 167	 16.00
217	 218	 172	 25.00
217	 249	 207	 15.00
218	 219	 187	 20.00
218	 250	 166	 19.00
219	 220	 199	 18.00
219	 251	 189	 26.00
220	 221	 214	 21.00
220	 252	 214	 22.00
221	 222	 181	 28.00
221	 253	 179	 26.00
222	 223	 197	 25.00
222	 254	 167	 18.00
223	 255	 167	 19.00
224	 225	 184	 26.00
224	 256	 189	 15.00
225	 226	 224	 28.00
225	 257	 181	 20.00
226	 227	 191	 17.00
226	 258	 160	 17.00
227	 228	 166	 13.00
227	 259	 175	 24.00
228	 229	 229	 28.00
228	 260	 166	 27.00
229	 230	 195	 12.00
229	 261	 201	 18.00
230	 231	 215	 14.00
230	 262	 160	 18.00
231	 232	 160	 24.00
231	 263	 235	 24.00
232	 233	 195	 23.00
232	 264	 185	 14.00
233	 234	 180	 15.00
233	 265	 218	 26.00
234	 235	 234	 24.00
234	 266	 203	 12.00
235	 236	 168	 22.00
235	 267	 211	 20.00
236	 237	 179	 25.00
236	 268	 222	 21.00
237	 238	 194	 24.00
237	 269	 232	 15.00
238	 239	 174	 28.00
238	 270	 183	 24.00
239	 240	 213	 27.00
239	 271	 222	 14.00
240	 241	 195	 23.00
240	 272	 238	 25.00
241	 242	 223	 13.00
241	 273	 226	 16.00
242	 243	 195	 27.00
242	 274	 170	 25.00
243	 244	 201	 25.00
243	 275	 203	 25.00
244	 245	 218	 24.00
244	 276	 223	 20.00
245	 246	 228	 26.00
245	 277	 174	 26.00
246	 247	 164	 20.00
246	 278	 177	 20.00
247	 248	 212	 13.00
247	 279	 160	 13.00
248	 249	 187	 16.00
248	 280	 224	 23.00
249	 250	 203	 22.00
249	 281	 179	 23.00
250	 251	 186	 14.00
250	 282	 191	 22.00
251	 252	 211	 25.00
251	 283	 206	 28.00
252	 253	 215	 28.00
252	 284	 184	 19.00
253	 254	 192	 28.00
253	 285	 211	 26.00
254	 255	 182	 16.00
254	 286	 198	 22.00
255	 287	 197	 24.00
256	 257	 163	 15.00
256	 288	 191	 13.00
257	 258	 190	 16.00
257	 289	 204	 14.00
258	 259	 218	 14.00
258	 290	 217	 26.00
259	 260	 203	 25.00
259	 291	 179	 24.00
260	 261	 191	 26.00
260	 292	 215	 17.00
261	 262	 231	 27.00
261	 293	 238	 12.00
262	 263	 197	 15.00
262	 294	 198	 25.00
263	 264	 230	 15.00
263	 295	 207	 19.00
264	 265	 235	 22.00
264	 296	 192	 25.00
265	 266	 168	 25.00
265	 297	 220	 28.00
266	 267	 208	 23.00
266	 298	 180	 13.00
267	 268	 210	 20.00
267	 299	 234	 15.00
268	 269	 221	 25.00
268	 300	 192	 17.00
269	 270	 226	 26.00
269	 301	 240	 12.00
270	 271	 200	 28.00
270	 302	 232	 27.00
271	 272	 212	 17.00
271	 303	 180	 18.00
272	 273	 204	 17.00
272	 304	 188	 22.00
273	 274	 179	 24.00
273	 305	 203	 28.00
274	 275	 210	 19.00
274	 306	 187	 21.00
275	 276	 194	 21.00
275	 307	 209	 15.00
276	 277	 231	 24.00
276	 308	 170	 21.00
277	 278	 215	 27.00
277	 309	 225	 15.00
278	 279	 164	 26.00
278	 310	 240	 14.00
279	 280	 219	 25.00
279	 311	 174	 14.00
280	 281	 193	 15.00
280	 312	 194	 28.00
281	 282	 173	 27.00
281	 313	 167	 14.00
282	 283	 209	 27.00
282	 314	 228	 25.00
283	 284	 163	 23.00
283	 315	 222	 22.00
284	 285	 197	 22.00
284	 316	 227	 28.00
285	 286	 223	 28.00
285	 317	 201	 26.00
286	 287	 192	 27.00
286	 318	 229	 13.00
287	 319	 228	 23.00
288	 289	 198	 24.00
288	 320	 164	 27.00
289	 290	 188	 24.00
289	 321	 163	 19.00
290	 291	 165	 16.00
290	 322	 228	 20.00
291	 292	 239	 25.00
291	 323	 185	 27.00
292	 293	 173	 25.00
292	 324	 188	 19.00
293	 294	 167	 20.00
293	 325	 216	 19.00
294	 295	 174	 14.00
294	 326	 188	 18.00
295	 296	 206	 28.00
295	 327	 232	 18.00
296	 297	 209	 28.00
296	 328	 239	 15.00
297	 298	 169	 17.00
297	 329	 198	 15.00
298	 299	 231	 14.00
298	 330	 216	 25.00
299	 300	 240	 19.00
299	 331	 189	 20.00
300	 301	 194	 26.00
300	 332	 223	 17.00
301	 302	 172	 18.00
301	 333	 227	 24.00
302	 303	 182	 15.00
302	 334	 182	 22.00
303	 304	 201	 19.00
303	 335	 173	 12.00
304	 305	 233	 25.00
304	 336	 175	 28.00
305	 306	 213	 20.00
305	 337	 204	 27.00
306	 307	 206	 27.00
306	 338	 163	 22.00
307	 308	 220	 20.00
307	 339	 237	 12.00
308	 309	 172	 13.00
308	 340	 203	 26.00
309	 310	 232	 19.00
309	 341	 224	 16.00
310	 311	 174	 20.00
310	 342	 165	 17.00
311	 312	 217	 28.00
311	 343	 214	 23.00
312	 313	 210	 18.00
312	 344	 222	 21.00
313	 314	 180	 28.00
313	 345	 192	 21.00
314	 315	 228	 16.00
314	 346	 215	 17.00
315	 316	 185	 16.00
315	 347	 229	 19.00
316	 317	 224	 22.00
316	 348	 195	 14.00
317	 318	 226	 16.00
317	 349	 195	 14.00
318	 319	 209	 21.00
318	 350	 162	 26.00
319	 351	 216	 21.00
320	 321	 210	 13.00
320	 352	 199	 27.00
321	 322	 182	 28.00
321	 353	 220	 25.00
322	 323	 178	 28.00
322	 354	 191	 22.00
323	 324	 202	 24.00
323	 355	 192	 18.00
324	 325	 191	 17.00
324	 356	 175	 16.00
325	 326	 223	 20.00
325	 357	 205	 19.00
326	 327	 191	 27.00
326	 358	 171	 13.00
327	 328	 165	 14.00
327	 359	 181	 20.00
328	 329	 208	 18.00
328	 360	 193	 19.00
329	 330	 223	 12.00
329	 361	 166	 22.00
330	 331	 167	 15.00
330	 362	 183	 20.00
331	 332	 197	 26.00
331	 363	 224	 19.00
332	 333	 216	 15.00
332	 364	 163	 22.00
333	 334	 194	 13.00
333	 365	 196	 28.00
334	 335	 215	 15.00
334	 366	 189	 22.00
335	 336	 170	 15.00
335	 367	 222	 14.00
336	 337	 231	 18.00
336	 368	 235	 23.00
337	 338	 230	 28.00
337	 369	 189	 16.00
338	 339	 220	 15.00
338	 370	 162	 16.00
339	 340	 237	 13.00
339	 371	 236	 27.00
340	 341	 184	 27.00
340	 372	 240	 12.00
341	 342	 177	 15.00
341	 373	 192	 16.00
342	 343	 231	 21.00
342	 374	 211	 13.00
343	 344	 207	 19.00
343	 375	 227	 15.00
344	 345	 202	 16.00
344	 376	 186	 16.00
345	 346	 174	 23.00
345	 377	 189	 24.00
346	 347	 188	 13.00
346	 378	 191	 24.00
347	 348	 227	 20.00
347	 379	 199	 24.00
348	 349	 187	 27.00
348	 380	 165	 23.00
349	 350	 205	 24.00
349	 381	 162	 23.00
350	 351	 199	 17.00
350	 382	 184	 17.00
351	 383	 192	 28.00
352	 353	 205	 17.00
352	 384	 191	 21.00
353	 354	 182	 17.00
353	 385	 189	 18.00
354	 355	 200	 15.00
354	 386	 170	 26.00
355	 356	 177	 12.00
355	 387	 212	 13.00
356	 357	 172	 24.00
356	 388	 218	 14.00
357	 358	 174	 25.00
357	 389	 224	 12.00
358	 359	 203	 12.00
358	 390	 179	 23.00
359	 360	 198	 16.00
359	 391	 164	 16.00
360	 361	 182	 12.00
360	 392	 203	 18.00
361	 362	 192	 20.00
361	 393	 240	 23.00
362	 363	 226	 21.00
362	 394	 180	 16.00
363	 364	 204	 27.00
363	 395	 224	 21.00
364	 365	 192	 24.00
364	 396	 222	 15.00
365	 366	 205	 21.00
365	 397	 185	 21.00
366	 367	 220	 19.00
366	 398	 207	 20.00
367	 368	 227	 20.00
367	 399	 193	 21.00
368	 369	 194	 16.00
368	 400	 226	 12.00
369	 370	 221	 12.00
369	 401	 222	 25.00
370	 371	 234	 25.00
370	 402	 208	 28.00
371	 372	 196	 25.00
371	 403	 182	 13.00
372	 373	 170	 27.00
372	 404	 237	 23.00
373	 374	 198	 28.00
373	 405	 168	 24.00
374	 375	 176	 28.00
374	 406	 180	 21.00
375	 376	 181	 24.00
375	 407	 164	 21.00
376	 377	 213	 21.00
376	 408	 231	 14.00
377	 378	 167	 20.00
377	 409	 186	 21.00
378	 379	 178	 22.00
378	 410	 179	 16.00
379	 380	 230	 26.00
379	 411	 164	 24.00
380	 381	 206	 18.00
380	 412	 239	 15.00
381	 382	 195	 20.00
381	 413	 162	 15.00
382	 383	 161	 16.00
382	 414	 223	 25.00
383	 415	 175	 20.00
384	 385	 239	 18.00
384	 416	 173	 13.00
385	 386	 212	 12.00
385	 417	 224	 21.00
386	 387	 234	 23.00
386	 418	 211	 19.00
387	 388	 165	 17.00
387	 419	 165	 25.00
388	 389	 215	 27.00
388	 420	 204	 13.00
389	 390	 237	 19.00
389	 421	 199	 19.00
390	 391	 204	 28.00
390	 422	 200	 16.00
391	 392	 200	 13.00
391	 423	 184	 27.00
392	 393	 169	 27.00
392	 424	 227	 15.00
393	 394	 178	 21.00
393	 425	 235	 21.00
394	 395	 178	 12.00
394	 426	 219	 23.00
395	 396	 227	 15.00
395	 427	 220	 13.00
396	 397	 171	 25.00
396	 428	 160	 14.00
397	 398	 209	 23.00
397	 429	 192	 15.00
398	 399	 173	 24.00
398	 430	 163	 24.00
399	 400	 227	 22.00
399	 431	 222	 14.00
400	 401	 169	 20.00
400	 432	 175	 28.00
401	 402	 163	 20.00
401	 433	 211	 20.00
402	 403	 237	 21.00
402	 434	 226	 22.00
403	 404	 229	 21.00
403	 435	 201	 26.00
404	 405	 196	 25.00
404	 436	 201	 25.00
405	 406	 200	 21.00
405	 437	 235	 20.00
406	 407	 225	 21.00
406	 438	 221	 12.00
407	 408	 177	 22.00
407	 439	 213	 25.00
408	 409	 235	 26.00
408	 440	 229	 13.00
409	 410	 184	 28.00
409	 441	 185	 21.00
410	 411	 229	 14.00
410	 442	 222	 22.00
411	 412	 234	 20.00
411	 443	 188	 18.00
412	 413	 178	 17.00
412	 444	 227	 18.00
413	 414	 196	 12.00
413	 445	 225	 20.00
414	 415	 240	 15.00
414	 446	 180	 27.00
415	 447	 168	 28.00
416	 417	 231	 19.00
416	 448	 168	 12.00
417	 418	 175	 20.00
417	 449	 237	 24.00
418	 419	 185	 22.00
418	 450	 215	 17.00
419	 420	 164	 25.00
419	 451	 233	 18.00
420	 421	 167	 15.00
420	 452	 201	 25.00
421	 422	 185	 22.00
421	 453	 165	 27.00
422	 423	 195	 15.00
422	 454	 220	 19.00
423	 424	 198	 19.00
423	 455	 196	 21.00
424	 425	 216	 17.00
424	 456	 225	 28.00
425	 426	 169	 14.00
425	 457	 215	 19.00
426	 427	 186	 16.00
426	 458	 176	 14.00
427	 428	 191	 16.00
427	 459	 163	 26.00
428	 429	 160	 26.00
428	 460	 229	 15.00
429	 430	 194	 15.00
429	 461	 216	 14.00
430	 431	 188	 14.00
430	 462	 165	 13.00
431	 432	 227	 25.00
431	 463	 221	 25.00
432	 433	 228	 28.00
432	 464	 208	 22.00
433	 434	 219	 27.00
433	 465	 206	 13.00
434	 435	 239	 21.00
434	 466	 216	 14.00
435	 436	 202	 13.00
435	 467	 229	 26.00
436	 437	 181	 23.00
436	 468	 234	 12.00
437	 438	 232	 22.00
437	 469	 194	 13.00
438	 439	 180	 15.00
438	 470	 201	 20.00
439	 440	 198	 17.00
439	 471	 240	 15.00
440	 441	 194	 12.00
440	 472	 204	 22.00
441	 442	 178	 21.00
441	 473	 220	 17.00
442	 443	 187	 20.00
442	 474	 200	 28.00
443	 444	 197	 14.00
443	 475	 209	 23.00
444	 445	 232	 15.00
444	 476	 182	 28.00
445	 446	 236	 19.00
445	 477	 172	 19.00
446	 447	 236	 26.00
446	 478	 211	 13.00
447	 479	 176	 20.00
448	 449	 219	 23.00
448	 480	 195	 17.00
449	 450	 223	 12.00
449	 481	 196	 25.00
450	 451	 226	 16.00
450	 482	 178	 14.00
451	 452	 226	 25.00
451	 483	 223	 25.00
452	 453	 184	 16.00
452	 484	 188	 21.00
453	 454	 164	 13.00
453	 485	 204	 20.00
454	 455	 209	 12.00
454	 486	 196	 22.00
455	 456	 200	 17.00
455	 487	 189	 14.00
456	 457	 194	 20.00
456	 488	 219	 26.00
457	 458	 198	 12.00
457	 489	 237	 23.00
458	 459	 201	 15.00
458	 490	 234	 13.00
459	 460	 167	 27.00
459	 491	 215	 19.00
460	 461	 218	 14.00
460	 492	 192	 12.00
461	 462	 191	 20.00
461	 493	 224	 22.00
462	 463	 167	 24.00
462	 494	 183	 18.00
463	 464	 219	 23.00
463	 495	 205	 12.00
464	 465	 213	 28.00
464	 496	 208	 15.00
465	 466	 221	 24.00
465	 497	 187	 25.00
466	 467	 196	 16.00
466	 498	 214	 17.00
467	 468	 210	 12.00
467	 499	 162	 14.00
468	 469	 232	 24.00
468	 500	 187	 22.00
469	 470	 200	 12.00
469	 501	 192	 14.00
470	 471	 185	 19.00
470	 502	 183	 15.00
471	 472	 191	 14.00
471	 503	 195	 17.00
472	 473	 195	 14.00
472	 504	 217	 16.00
473	 474	 226	 20.00
473	 505	 232	 22.00
474	 475	 187	 26.00
474	 506	 201	 27.00
475	 476	 185	 12.00
475	 507	 229	 22.00
476	 477	 173	 22.00
476	 508	 175	 22.00
477	 478	 203	 28.00
477	 509	 173	 23.00
478	 479	 222	 12.00
478	 510	 220	 12.00
479	 511	 171	 28.00
480	 481	 187	 12.00
480	 512	 196	 26.00
481	 482	 204	 21.00
481	 513	 188	 14.00
482	 483	 207	 21.00
482	 514	 227	 16.00
483	 484	 188	 21.00
483	 515	 236	 14.00
484	 485	 183	 27.00
484	 516	 169	 28.00
485	 486	 160	 15.00
485	 517	 176	 28.00
486	 487	 212	 18.00
486	 518	 168	 13.00
487	 488	 184	 17.00
487	 519	 164	 14.00
488	 489	 219	 16.00
488	 520	 173	 22.00
489	 490	 166	 24.00
489	 521	 161	 18.00
490	 491	 197	 18.00
490	 522	 219	 18.00
491	 492	 170	 14.00
491	 523	 201	 27.00
492	 493	 169	 28.00
492	 524	 169	 17.00
493	 494	 167	 27.00
493	 525	 174	 12.00
494	 495	 235	 23.00
494	 526	 226	 22.00
495	 496	 204	 12.00
495	 527	 187	 27.00
496	 497	 218	 27.00
496	 528	 184	 13.00
497	 498	 172	 23.00
497	 529	 207	 23.00
498	 499	 176	 25.00
498	 530	 217	 15.00
499	 500	 200	 26.00
499	 531	 233	 17.00
500	 501	 183	 24.00
500	 532	 219	 12.00
501	 502	 186	 21.00
501	 533	 174	 12.00
502	 503	 185	 21.00
502	 534	 176	 24.00
503	 504	 228	 27.00
503	 535	 209	 28.00
504	 505	 206	 18.00
504	 536	 185	 15.00
505	 506	 161	 17.00
505	 537	 220	 18.00
506	 507	 216	 12.00
506	 538	 206	 23.00
507	 508	 171	 25.00
507	 539	 199	 25.00
508	 509	 231	 28.00
508	 540	 188	 15.00
509	 510	 221	 17.00
509	 541	 160	 28.00
510	 511	 218	 26.00
510	 542	 215	 28.00
511	 543	 165	 14.00
512	 513	 169	 15.00
512	 544	 170	 27.00
513	 514	 205	 25.00
513	 545	 219	 28.00
514	 515	 182	 22.00
514	 546	 233	 13.00
515	 516	 197	 25.00
515	 547	 167	 20.00
516	 517	 224	 18.00
516	 548	 163	 28.00
517	 518	 170	 25.00
517	 549	 204	 26.00
518	 519	 191	 16.00
518	 550	 217	 27.00
519	 520	 168	 14.00
519	 551	 232	 26.00
520	 521	 199	 26.00
520	 552	 238	 23.00
521	 522	 160	 27.00
521	 553	 225	 18.00
522	 523	 231	 25.00
522	 554	 197	 28.00
523	 524	 190	 24.00
523	 555	 176	 12.00
524	 525	 213	 15.00
524	 556	 177	 18.00
525	 526	 201	 27.00
525	 557	 169	 27.00
526	 527	 206	 20.00
526	 558	 199	 18.00
527	 528	 196	 18.00
527	 559	 160	 22.00
528	 529	 200	 26.00
528	 560	 221	 26.00
529	 530	 195	 26.00
529	 561	 171	 23.00
530	 531	 195	 20.00
530	 562	 209	 13.00
531	 532	 190	 28.00
531	 563	 187	 13.00
532	 533	 174	 18.00
532	 564	 184	 24.00
533	 534	 171	 14.00
533	 565	 182	 14.00
534	 535	 230	 16.00
534	 566	 228	 19.00
535	 536	 207	 12.00
535	 567	 224	 19.00
536	 537	 226	 21.00
536	 568	 224	 12.00
537	 538	 235	 27.00
537	 569	 202	 19.00
538	 539	 213	 19.00
538	 570	 225	 26.00
539	 540	 199	 18.00
539	 571	 214	 16.00
540	 541	 220	 15.00
540	 572	 160	 14.00
541	 542	 235	 17.00
541	 573	 183	 25.00
542	 543	 208	 24.00
542	 574	 186	 13.00
543	 575	 162	 17.00
544	 545	 218	 15.00
544	 576	 221	 19.00
545	 546	 163	 12.00
545	 577	 228	 27.00
546	 547	 171	 24.00
546	 578	 232	 23.00
547	 548	 163	 19.00
547	 579	 228	 20.00
548	 549	 178	 20.00
548	 580	 195	 18.00
549	 550	 164	 19.00
549	 581	 173	 21.00
550	 551	 178	 28.00
550	 582	 203	 13.00
551	 552	 161	 26.00
551	 583	 213	 16.00
552	 553	 167	 15.00
552	 584	 203	 12.00
553	 554	 211	 18.00
553	 585	 215	 23.00
554	 555	 240	 28.00
554	 586	 200	 28.00
555	 556	 208	 21.00
555	 587	 237	 15.00
556	 557	 168	 23.00
556	 588	 216	 22.00
557	 558	 190	 12.00
557	 589	 179	 23.00
558	 559	 168	 14.00
558	 590	 163	 22.00
559	 560	 176	 12.00
559	 591	 163	 14.00
560	 561	 239	 15.00
560	 592	 193	 19.00
561	 562	 217	 26.00
561	 593	 192	 25.00
562	 563	 209	 20.00
562	 594	 177	 21.00
563	 564	 177	 26.00
563	 595	 164	 25.00
564	 565	 203	 24.00
564	 596	 209	 17.00
565	 566	 202	 23.00
565	 597	 194	 19.00
566	 567	 189	 25.00
566	 598	 240	 19.00
567	 568	 180	 13.00
567	 599	 206	 20.00
568	 569	 162	 26.00
568	 600	 217	 15.00
569	 570	 215	 22.00
569	 601	 164	 12.00
570	 571	 226	 20.00
570	 602	 161	 17.00
571	 572	 195	 17.00
571	 603	 169	 22.00
572	 573	 230	 17.00
572	 604	 179	 26.00
573	 574	 179	 21.00
573	 605	 222	 18.00
574	 575	 184	 15.00
574	 606	 175	 21.00
575	 607	 220	 22.00
576	 577	 228	 16.00
576	 608	 212	 17.00
577	 578	 177	 12.00
577	 609	 167	 18.00
578	 579	 207	 21.00
578	 610	 227	 16.00
579	 580	 177	 21.00
579	 611	 184	 27.00
580	 581	 235	 20.00
580	 612	 176	 14.00
581	 582	 209	 15.00
581	 613	 180	 16.00
582	 583	 198	 15.00
582	 614	 161	 24.00
583	 584	 166	 17.00
583	 615	 184	 26.00
584	 585	 226	 22.00
584	 616	 215	 19.00
585	 586	 226	 22.00
585	 617	 211	 24.00
586	 587	 166	 17.00
586	 618	 184	 19.00
587	 588	 217	 15.00
587	 619	 211	 19.00
588	 589	 162	 13.00
588	 620	 165	 24.00
589	 590	 224	 16.00
589	 621	 210	 19.00
590	 591	 208	 21.00
590	 622	 174	 12.00
591	 592	 198	 21.00
591	 623	 226	 26.00
592	 593	 166	 12.00
592	 624	 190	 17.00
593	 594	 179	 23.00
593	 625	 198	 23.00
594	 595	 199	 22.00
594	 626	 216	 27.00
595	 596	 233	 14.00
595	 627	 184	 16.00
596	 597	 215	 23.00
596	 628	 199	 25.00
597	 598	 234	 13.00
597	 629	 196	 27.00
598	 599	 195	 16.00
598	 630	 174	 24.00
599	 600	 234	 26.00
599	 631	 176	 13.00
600	 601	 171	 16.00
600	 632	 185	 16.00
601	 602	 234	 12.00
601	 633	 216	 21.00
602	 603	 240	 27.00
602	 634	 201	 17.00
603	 604	 218	 19.00
603	 635	 187	 13.00
604	 605	 163	 28.00
604	 636	 210	 28.00
605	 606	 165	 15.00
605	 637	 200	 14.00
606	 607	 165	 14.00
606	 638	 192	 18.00
607	 639	 217	 14.00
608	 609	 209	 21.00
608	 640	 210	 27.00
609	 610	 206	 28.00
609	 641	 178	 21.00
610	 611	 220	 18.00
610	 642	 205	 22.00
611	 612	 237	 18.00
611	 643	 207	 21.00
612	 613	 230	 21.00
612	 644	 185	 28.00
613	 614	 224	 19.00
613	 645	 234	 17.00
614	 615	 213	 27.00
614	 646	 224	 21.00
615	 616	 209	 28.00
615	 647	 189	 13.00
616	 617	 223	 21.00
616	 648	 164	 17.00
617	 618	 203	 23.00
617	 649	 237	 22.00
618	 619	 196	 15.00
618	 650	 191	 24.00
619	 620	 181	 28.00
619	 651	 199	 23.00
620	 621	 184	 24.00
620	 652	 213	 26.00
621	 622	 166	 16.00
621	 653	 207	 21.00
622	 623	 236	 27.00
622	 654	 224	 26.00
623	 624	 231	 26.00
623	 655	 185	 15.00
624	 625	 203	 18.00
624	 656	 170	 14.00
625	 626	 238	 21.00
625	 657	 172	 13.00
626	 627	 211	 18.00
626	 658	 197	 26.00
627	 628	 199	 17.00
627	 659	 230	 18.00
628	 629	 202	 12.00
628	 660	 235	 17.00
629	 630	 196	 24.00
629	 661	 175	 13.00
630	 631	 166	 27.00
630	 662	 228	 12.00
631	 632	 185	 18.00
631	 663	 204	 15.00
632	 633	 239	 15.00
632	 664	 229	 18.00
633	 634	 166	 13.00
633	 665	 210	 12.00
634	 635	 221	 27.00
634	 666	 201	 12.00
635	 636	 213	 22.00
635	 667	 215	 18.00
636	 637	 215	 18.00
636	 668	 177	 13.00
637	 638	 182	 27.00
637	 669	 200	 24.00
638	 639	 226	 17.00
638	 670	 171	 12.00
639	 671	 219	 23.00
640	 641	 206	 17.00
640	 672	 222	 14.00
641	 642	 236	 25.00
641	 673	 195	 25.00
642	 643	 185	 28.00
642	 674	 198	 26.00
643	 644	 166	 27.00
643	 675	 206	 25.00
644	 645	 239	 18.00
644	 676	 198	 14.00
645	 646	 160	 27.00
645	 677	 230	 28.00
646	 647	 168	 16.00
646	 678	 174	 24.00
647	 648	 203	 12.00
647	 679	 203	 12.00
648	 649	 229	 24.00
648	 680	 212	 15.00
649	 650	 201	 19.00
649	 681	 204	 19.00
650	 651	 178	 19.00
650	 682	 168	 24.00
651	 652	 236	 16.00
651	 683	 199	 28.00
652	 653	 219	 23.00
652	 684	 187	 21.00
653	 654	 229	 15.00
653	 685	 190	 16.00
654	 655	 179	 12.00
654	 686	 183	 12.00
655	 656	 217	 27.00
655	 687	 231	 27.00
656	 657	 197	 16.00
656	 688	 211	 26.00
657	 658	 180	 22.00
657	 689	 174	 19.00
658	 659	 223	 14.00
658	 690	 204	 17.00
659	 660	 166	 15.00
659	 691	 168	 28.00
660	 661	 160	 13.00
660	 692	 217	 25.00
661	 662	 176	 15.00
661	 693	 228	 16.00
662	 663	 171	 28.00
662	 694	 223	 21.00
663	 664	 165	 12.00
663	 695	 229	 27.00
664	 665	 230	 16.00
664	 696	 223	 13.00
665	 666	 221	 12.00
665	 697	 213	 28.00
666	 667	 196	 15.00
666	 698	 187	 28.00
667	 668	 234	 23.00
667	 699	 230	 24.00
668	 669	 186	 20.00
668	 700	 222	 27.00
669	 670	 184	 21.00
669	 701	 178	 14.00
670	 671	 208	 19.00
670	 702	 213	 12.00
671	 703	 184	 19.00
672	 673	 233	 26.00
672	 704	 216	 23.00
673	 674	 229	 28.00
673	 705	 229	 14.00
674	 675	 208	 24.00
674	 706	 184	 25.00
675	 676	 220	 27.00
675	 707	 233	 26.00
676	 677	 183	 17.00
676	 708	 179	 25.00
677	 678	 231	 18.00
677	 709	 201	 20.00
678	 679	 186	 25.00
678	 710	 179	 20.00
679	 680	 190	 23.00
679	 711	 191	 27.00
680	 681	 197	 23.00
680	 712	 196	 18.00
681	 682	 217	 19.00
681	 713	 169	 14.00
682	 683	 163	 25.00
682	 714	 180	 24.00
683	 684	 163	 24.00
683	 715	 199	 24.00
684	 685	 170	 15.00
684	 716	 187	 19.00
685	 686	 236	 15.00
685	 717	 171	 15.00
686	 687	 190	 26.00
686	 718	 234	 24.00
687	 688	 168	 21.00
687	 719	 203	 15.00
688	 689	 217	 20.00
688	 720	 182	 18.00
689	 690	 185	 21.00
689	 721	 235	 22.00
690	 691	 187	 12.00
690	 722	 228	 26.00
691	 692	 180	 20.00
691	 723	 177	 14.00
692	 693	 167	 23.00
692	 724	 221	 12.00
693	 694	 201	 24.00
693	 725	 209	 14.00
694	 695	 160	 25.00
694	 726	 236	 22.00
695	 696	 215	 16.00
695	 727	 222	 23.00
696	 697	 192	 24.00
696	 728	 179	 16.00
697	 698	 189	 17.00
697	 729	 231	 17.00
698	 699	 192	 28.00
698	 730	 214	 28.00
699	 700	 239	 16.00
699	 731	 239	 23.00
700	 701	 226	 28.00
700	 732	 161	 20.00
701	 702	 188	 24.00
701	 733	 217	 20.00
702	 703	 219	 23.00
702	 734	 204	 17.00
703	 735	 199	 15.00
704	 705	 185	 23.00
704	 736	 239	 15.00
705	 706	 240	 21.00
705	 737	 211	 17.00
706	 707	 190	 28.00
706	 738	 189	 20.00
707	 708	 217	 28.00
707	 739	 162	 26.00
708	 709	 233	 24.00
708	 740	 217	 27.00
709	 710	 186	 12.00
709	 741	 181	 26.00
710	 711	 238	 26.00
710	 742	 235	 12.00
711	 712	 206	 12.00
711	 743	 174	 24.00
712	 713	 174	 23.00
712	 744	 234	 15.00
713	 714	 206	 26.00
713	 745	 168	 19.00
714	 715	 160	 20.00
714	 746	 188	 23.00
715	 716	 169	 18.00
715	 747	 220	 14.00
716	 717	 232	 21.00
716	 748	 222	 27.00
717	 718	 222	 15.00
717	 749	 185	 17.00
718	 719	 209	 12.00
718	 750	 193	 28.00
719	 720	 189	 12.00
719	 751	 237	 13.00
720	 721	 216	 12.00
720	 752	 165	 20.00
721	 722	 220	 19.00
721	 753	 222	 20.00
722	 723	 219	 14.00
722	 754	 223	 27.00
723	 724	 238	 23.00
723	 755	 219	 25.00
724	 725	 210	 21.00
724	 756	 169	 24.00
725	 726	 162	 17.00
725	 757	 215	 13.00
726	 727	 177	 22.00
726	 758	 225	 28.00
727	 728	 178	 20.00
727	 759	 171	 21.00
728	 729	 188	 26.00
728	 760	 166	 21.00
729	 730	 168	 19.00
729	 761	 232	 16.00
730	 731	 181	 17.00
730	 762	 172	 23.00
731	 732	 225	 26.00
731	 763	 211	 14.00
732	 733	 160	 12.00
732	 764	 201	 14.00
733	 734	 220	 13.00
733	 765	 201	 22.00
734	 735	 168	 13.00
734	 766	 178	 22.00
735	 767	 166	 26.00
736	 737	 185	 16.00
736	 768	 199	 14.00
737	 738	 204	 13.00
737	 769	 187	 14.00
738	 739	 189	 17.00
738	 770	 160	 20.00
739	 740	 167	 20.00
739	 771	 226	 21.00
740	 741	 224	 22.00
740	 772	 182	 21.00
741	 742	 239	 23.00
741	 773	 173	 25.00
742	 743	 191	 26.00
742	 774	 228	 13.00
743	 744	 170	 13.00
743	 775	 177	 27.00
744	 745	 164	 24.00
744	 776	 178	 13.00
745	 746	 164	 19.00
745	 777	 172	 19.00
746	 747	 168	 18.00
746	 778	 215	 23.00
747	 748	 187	 26.00
747	 779	 165	 19.00
748	 749	 215	 18.00
748	 780	 189	 21.00
749	 750	 236	 20.00
749	 781	 234	 15.00
750	 751	 182	 13.00
750	 782	 179	 15.00
751	 752	 226	 16.00
751	 783	 168	 12.00
752	 753	 179	 27.00
752	 784	 229	 16.00
753	 754	 196	 22.00
753	 785	 222	 22.00
754	 755	 183	 19.00
754	 786	 218	 18.00
755	 756	 191	 14.00
755	 787	 223	 22.00
756	 757	 236	 24.00
756	 788	 164	 15.00
757	 758	 181	 27.00
757	 789	 218	 17.00
758	 759	 192	 28.00
758	 790	 200	 16.00
759	 760	 207	 26.00
759	 791	 173	 24.00
760	 761	 175	 17.00
760	 792	 162	 19.00
761	 762	 195	 24.00
761	 793	 189	 21.00
762	 763	 214	 27.00
762	 794	 236	 24.00
763	 764	 218	 12.00
763	 795	 170	 27.00
764	 765	 221	 12.00
764	 796	 184	 20.00
765	 766	 210	 21.00
765	 797	 231	 21.00
766	 767	 211	 24.00
766	 798	 232	 26.00
767	 799	 161	 28.00
768	 769	 180	 12.00
768	 800	 165	 14.00
769	 770	 207	 16.00
769	 801	 223	 25.00
770	 771	 175	 17.00
770	 802	 217	 23.00
771	 772	 186	 16.00
771	 803	 211	 27.00
772	 773	 216	 28.00
772	 804	 164	 15.00
773	 774	 187	 13.00
773	 805	 174	 20.00
774	 775	 167	 25.00
774	 806	 195	 19.00
775	 776	 212	 26.00
775	 807	 216	 13.00
776	 777	 229	 28.00
776	 808	 161	 23.00
777	 778	 178	 22.00
777	 809	 198	 15.00
778	 779	 165	 16.00
778	 810	 232	 28.00
779	 780	 210	 25.00
779	 811	 189	 24.00
780	 781	 221	 17.00
780	 812	 231	 25.00
781	 782	 222	 23.00
781	 813	 188	 23.00
782	 783	 171	 23.00
782	 814	 198	 13.00
783	 784	 170	 20.00
783	 815	 198	 17.00
784	 785	 236	 14.00
784	 816	 236	 13.00
785	 786	 229	 16.00
785	 817	 162	 23.00
786	 787	 217	 21.00
786	 818	 202	 22.00
787	 788	 234	 19.00
787	 819	 199	 24.00
788	 789	 204	 23.00
788	 820	 230	 13.00
789	 790	 184	 13.00
789	 821	 169	 22.00
790	 791	 226	 25.00
790	 822	 237	 13.00
791	 792	 163	 24.00
791	 823	 214	 18.00
792	 793	 236	 15.00
792	 824	 227	 28.00
793	 794	 169	 24.00
793	 825	 216	 14.00
794	 795	 235	 17.00
794	 826	 188	 22.00
795	 796	 200	 13.00
795	 827	 202	 23.00
796	 797	 218	 12.00
796	 828	 189	 28.00
797	 798	 167	 27.00
797	 829	 177	 20.00
798	 799	 228	 13.00
798	 830	 228	 25.00
799	 831	 220	 28.00
800	 801	 160	 17.00
800	 832	 187	 26.00
801	 802	 221	 16.00
801	 833	 197	 16.00
802	 803	 219	 21.00
802	 834	 160	 14.00
803	 804	 194	 21.00
803	 835	 190	 18.00
804	 805	 232	 14.00
804	 836	 165	 25.00
805	 806	 182	 20.00
805	 837	 192	 24.00
806	 807	 187	 15.00
806	 838	 169	 27.00
807	 808	 215	 18.00
807	 839	 200	 15.00
808	 809	 200	 22.00
808	 840	 172	 17.00
809	 810	 203	 28.00
809	 841	 167	 20.00
810	 811	 223	 16.00
810	 842	 223	 23.00
811	 812	 223	 19.00
811	 843	 238	 19.00
812	 813	 183	 27.00
812	 844	 188	 12.00
813	 814	 179	 20.00
813	 845	 185	 16.00
814	 815	 206	 26.00
814	 846	 237	 18.00
815	 816	 170	 22.00
815	 847	 224	 26.00
816	 817	 217	 22.00
816	 848	 194	 18.00
817	 818	 168	 28.00
817	 849	 199	 18.00
818	 819	 228	 12.00
818	 850	 203	 23.00
819	 820	 221	 13.00
819	 851	 188	 19.00
820	 821	 237	 24.00
820	 852	 188	 17.00
821	 822	 160	 18.00
821	 853	 220	 19.00
822	 823	 184	 13.00
822	 854	 171	 26.00
823	 824	 167	 22.00
823	 855	 186	 14.00
824	 825	 236	 16.00
824	 856	 173	 27.00
825	 826	 195	 18.00
825	 857	 190	 22.00
826	 827	 226	 19.00
826	 858	 178	 12.00
827	 828	 177	 18.00
827	 859	 231	 20.00
828	 829	 233	 22.00
828	 860	 184	 24.00
829	 830	 189	 16.00
829	 861	 178	 16.00
830	 831	 195	 17.00
830	 862	 167	 12.00
831	 863	 236	 26.00
832	 833	 209	 12.00
832	 864	 237	 15.00
833	 834	 194	 16.00
833	 865	 229	 13.00
834	 835	 224	 13.00
834	 866	 160	 25.00
835	 836	 169	 19.00
835	 867	 178	 22.00
836	 837	 175	 21.00
836	 868	 211	 27.00
837	 838	 169	 27.00
837	 869	 236	 18.00
838	 839	 179	 17.00
838	 870	 173	 14.00
839	 840	 169	 17.00
839	 871	 188	 16.00
840	 841	 233	 25.00
840	 872	 195	 23.00
841	 842	 180	 27.00
841	 873	 167	 22.00
842	 843	 201	 24.00
842	 874	 164	 19.00
843	 844	 212	 17.00
843	 875	 237	 26.00
844	 845	 175	 24.00
844	 876	 196	 18.00
845	 846	 160	 14.00
845	 877	 223	 25.00
846	 847	 230	 13.00
846	 878	 171	 24.00
847	 848	 213	 22.00
847	 879	 164	 26.00
848	 849	 180	 12.00
848	 880	 228	 15.00
849	 850	 225	 25.00
849	 881	 210	 19.00
850	 851	 162	 21.00
850	 882	 165	 27.00
851	 852	 174	 14.00
851	 883	 175	 22.00
852	 853	 166	 20.00
852	 884	 207	 15.00
853	 854	 189	 13.00
853	 885	 224	 20.00
854	 855	 165	 16.00
854	 886	 230	 22.00
855	 856	 170	 17.00
855	 887	 234	 24.00
856	 857	 237	 22.00
856	 888	 220	 20.00
857	 858	 205	 27.00
857	 889	 170	 22.00
858	 859	 212	 20.00
858	 890	 239	 13.00
859	 860	 210	 26.00
859	 891	 198	 21.00
860	 861	 177	 15.00
860	 892	 218	 20.00
861	 862	 164	 21.00
861	 893	 224	 19.00
862	 863	 198	 18.00
862	 894	 224	 16.00
863	 895	 195	 20.00
864	 865	 164	 15.00
864	 896	 165	 23.00
865	 866	 184	 14.00
865	 897	 216	 26.00
866	 867	 183	 20.00
866	 898	 240	 14.00
867	 868	 213	 24.00
867	 899	 196	 19.00
868	 869	 187	 21.00
868	 900	 226	 25.00
869	 870	 221	 14.00
869	 901	 233	 19.00
870	 871	 200	 18.00
870	 902	 171	 16.00
871	 872	 174	 20.00
871	 903	 161	 24.00
872	 873	 209	 27.00
872	 904	 231	 15.00
873	 874	 183	 18.00
873	 905	 188	 16.00
874	 875	 207	 18.00
874	 906	 225	 14.00
875	 876	 193	 12.00
875	 907	 167	 12.00
876	 877	 209	 27.00
876	 908	 232	 25.00
877	 878	 217	 17.00
877	 909	 190	 13.00
878	 879	 239	 14.00
878	 910	 211	 22.00
879	 880	 177	 15.00
879	 911	 222	 20.00
880	 881	 189	 26.00
880	 912	 205	 12.00
881	 882	 186	 24.00
881	 913	 173	 25.00
882	 883	 202	 12.00
882	 914	 182	 13.00
883	 884	 219	 24.00
883	 915	 239	 15.00
884	 885	 205	 27.00
884	 916	 170	 24.00
885	 886	 224	 24.00
885	 917	 184	 19.00
886	 887	 219	 19.00
886	 918	 205	 25.00
887	 888	 200	 12.00
887	 919	 178	 20.00
888	 889	 225	 22.00
888	 920	 193	 14.00
889	 890	 191	 12.00
889	 921	 221	 23.00
890	 891	 219	 12.00
890	 922	 174	 15.00
891	 892	 222	 24.00
891	 923	 168	 13.00
892	 893	 228	 16.00
892	 924	 240	 23.00
893	 894	 222	 24.00
893	 925	 207	 12.00
894	 895	 213	 17.00
894	 926	 171	 12.00
895	 927	 197	 23.00
896	 897	 231	 26.00
896	 928	 161	 20.00
897	 898	 209	 20.00
897	 929	 228	 17.00
898	 899	 228	 21.00
898	 930	 209	 19.00
899	 900	 180	 25.00
899	 931	 191	 24.00
900	 901	 238	 27.00
900	 932	 161	 12.00
901	 902	 182	 17.00
901	 933	 169	 28.00
902	 903	 218	 16.00
902	 934	 194	 18.00
903	 904	 187	 27.00
903	 935	 202	 22.00
904	 905	 216	 27.00
904	 936	 178	 26.00
905	 906	 161	 14.00
905	 937	 197	 24.00
906	 907	 209	 26.00
906	 938	 207	 17.00
907	 908	 225	 20.00
907	 939	 235	 18.00
908	 909	 163	 28.00
908	 940	 198	 17.00
909	 910	 204	 16.00
909	 941	 194	 15.00
910	 911	 210	 18.00
910	 942	 185	 20.00
911	 912	 199	 23.00
911	 943	 234	 21.00
912	 913	 212	 26.00
912	 944	 231	 19.00
913	 914	 220	 13.00
913	 945	 235	 14.00
914	 915	 179	 19.00
914	 946	 220	 13.00
915	 916	 202	 18.00
915	 947	 160	 15.00
916	 917	 191	 20.00
916	 948	 209	 12.00
917	 918	 239	 16.00
917	 949	 234	 26.00
918	 919	 180	 18.00
918	 950	 181	 21.00
919	 920	 168	 19.00
919	 951	 219	 13.00
920	 921	 187	 20.00
920	 952	 230	 28.00
921	 922	 226	 21.00
921	 953	 184	 13.00
922	 923	 198	 13.00
922	 954	 187	 12.00
923	 924	 225	 14.00
923	 955	 223	 17.00
924	 925	 162	 19.00
924	 956	 203	 13.00
925	 926	 180	 13.00
925	 957	 235	 28.00
926	 927	 166	 20.00
926	 958	 187	 27.00
927	 959	 240	 15.00
928	 929	 206	 26.00
928	 960	 184	 25.00
929	 930	 160	 18.00
929	 961	 226	 22.00
930	 931	 239	 23.00
930	 962	 201	 18.00
931	 932	 182	 18.00
931	 963	 232	 17.00
932	 933	 180	 28.00
932	 964	 163	 22.00
933	 934	 199	 16.00
933	 965	 209	 23.00
934	 935	 165	 18.00
934	 966	 210	 19.00
935	 936	 219	 16.00
935	 967	 178	 22.00
936	 937	 225	 27.00
936	 968	 166	 13.00
937	 938	 197	 18.00
937	 969	 182	 14.00
938	 939	 185	 17.00
938	 970	 212	 23.00
939	 940	 161	 27.00
939	 971	 176	 17.00
940	 941	 177	 24.00
940	 972	 235	 19.00
941	 942	 185	 25.00
941	 973	 176	 23.00
942	 943	 190	 22.00
942	 974	 233	 19.00
943	 944	 178	 24.00
943	 975	 173	 14.00
944	 945	 223	 20.00
944	 976	 218	 18.00
945	 946	 181	 16.00
945	 977	 190	 15.00
946	 947	 203	 22.00
946	 978	 212	 23.00
947	 948	 226	 22.00
947	 979	 202	 25.00
948	 949	 237	 14.00
948	 980	 228	 19.00
949	 950	 203	 25.00
949	 981	 223	 15.00
950	 951	 183	 14.00
950	 982	 235	 18.00
951	 952	 194	 27.00
951	 983	 233	 23.00
952	 953	 216	 23.00
952	 984	 189	 22.00
953	 954	 235	 19.00
953	 985	 170	 17.00
954	 955	 182	 13.00
954	 986	 224	 17.00
955	 956	 232	 13.00
955	 987	 221	 14.00
956	 957	 212	 12.00
956	 988	 228	 23.00
957	 958	 227	 17.00
957	 989	 205	 22.00
958	 959	 167	 16.00
958	 990	 217	 21.00
959	 991	 191	 23.00
960	 961	 187	 16.00
960	 992	 212	 13.00
961	 962	 209	 28.00
961	 993	 178	 14.00
962	 963	 219	 23.00
962	 994	 201	 25.00
963	 964	 231	 25.00
963	 995	 179	 15.00
964	 965	 178	 14.00
964	 996	 185	 27.00
965	 966	 207	 15.00
965	 997	 197	 27.00
966	 967	 192	 28.00
966	 998	 197	 21.00
967	 968	 188	 18.00
967	 999	 188	 21.00
968	 969	 207	 16.00
968	 1000	 167	 12.00
969	 970	 207	 28.00
969	 1001	 240	 13.00
970	 971	 221	 17.00
970	 1002	 172	 24.00
971	 972	 176	 25.00
971	 1003	 232	 27.00
972	 973	 192	 18.00
972	 1004	 230	 19.00
973	 974	 175	 22.00
973	 1005	 229	 19.00
974	 975	 233	 24.00
974	 1006	 202	 12.00
975	 976	 194	 18.00
975	 1007	 220	 17.00
976	 977	 160	 18.00
976	 1008	 238	 20.00
977	 978	 234	 17.00
977	 1009	 179	 28.00
978	 979	 238	 13.00
978	 1010	 198	 21.00
979	 980	 168	 28.00
979	 1011	 172	 19.00
980	 981	 209	 22.00
980	 1012	 217	 26.00
981	 982	 180	 15.00
981	 1013	 166	 16.00
982	 983	 205	 24.00
982	 1014	 179	 22.00
983	 984	 238	 28.00
983	 1015	 213	 16.00
984	 985	 226	 15.00
984	 1016	 198	 13.00
985	 986	 220	 23.00
985	 1017	 212	 15.00
986	 987	 233	 22.00
986	 1018	 175	 15.00
987	 988	 195	 15.00
987	 1019	 229	 21.00
988	 989	 231	 22.00
988	 1020	 237	 24.00
989	 990	 240	 21.00
989	 1021	 192	 13.00
990	 991	 195	 25.00
990	 1022	 205	 23.00
991	 1023	 212	 23.00
992	 993	 218	 19.00
993	 994	 236	 19.00
994	 995	 227	 15.00
995	 996	 180	 16.00
996	 997	 195	 26.00
997	 998	 191	 16.00
998	 999	 186	 16.00
999	 1000	 205	 25.00
1000	 1001	 237	 26.00
1001	 1002	 161	 23.00
1002	 1003	 218	 25.00
1003	 1004	 205	 20.00
1004	 1005	 210	 23.00
1005	 1006	 208	 18.00
1006	 1007	 169	 18.00
1007	 1008	 164	 15.00
1008	 1009	 183	 22.00
1009	 1010	 209	 15.00
1010	 1011	 202	 17.00
1011	 1012	 171	 27.00
1012	 1013	 204	 16.00
1013	 1014	 201	 25.00
1014	 1015	 187	 19.00
1015	 1016	 187	 21.00
1016	 1017	 215	 18.00
1017	 1018	 208	 13.00
1018	 1019	 164	 25.00
1019	 1020	 213	 26.00
1020	 1021	 183	 20.00
1021	 1022	 177	 21.00
1022	 1023	 212	 22.00
