1024	1984	20	0.30

1	 -24	 0
143	 2	 0
174	 1	 0
292	 -9	 0
372	 -13	 0
510	 -25	 0
611	 -9	 0
723	 34	 0
783	 -27	 10
855	 -3	 10
987	 34	 10
1093	 4	 10
1184	 11	 10
1284	 5	 10
1401	 -36	 10
1496	 17	 10
1627	 -5	 10
1660	 -3	 8
1804	 -15	 8
1917	 13	 8
2030	 6	 8
2069	 -8	 8
2212	 0	 8
2307	 10	 8
2376	 19	 3
2506	 -13	 3
2589	 -5	 3
2723	 43	 3
2827	 31	 3
2903	 6	 3
3008	 -18	 3
3091	 10	 3
41	 86	 0
94	 63	 0
173	 124	 0
303	 101	 0
398	 68	 0
471	 102	 0
604	 91	 0
707	 121	 0
756	 124	 10
909	 125	 10
980	 96	 10
1091	 92	 10
1173	 99	 10
1299	 89	 10
1447	 91	 10
1478	 101	 8
1600	 98	 8
1701	 75	 8
1815	 123	 8
1876	 113	 8
2039	 102	 8
2131	 115	 8
2244	 81	 8
2302	 72	 8
2436	 86	 3
2482	 99	 3
2606	 87	 3
2717	 97	 3
2778	 84	 3
2888	 104	 3
3029	 115	 3
3139	 81	 3
-9	 225	 0
100	 225	 0
217	 173	 0
295	 207	 0
413	 229	 0
495	 178	 0
610	 197	 0
719	 185	 0
783	 211	 0
871	 159	 10
1045	 220	 10
1115	 185	 10
1221	 215	 10
1274	 200	 10
1375	 191	 8
1490	 200	 8
1557	 194	 8
1700	 209	 8
1777	 227	 8
1904	 214	 8
2027	 200	 8
2090	 219	 8
2186	 194	 8
2271	 164	 8
2402	 242	 3
2494	 216	 3
2596	 188	 3
2710	 183	 3
2779	 223	 3
2925	 238	 3
2981	 238	 3
3096	 213	 3
4	 300	 0
96	 293	 0
202	 280	 0
305	 289	 0
383	 308	 0
518	 314	 0
578	 298	 0
713	 294	 0
805	 277	 0
943	 316	 10
973	 288	 10
1119	 294	 10
1220	 273	 10
1302	 283	 10
1401	 302	 10
1470	 293	 8
1606	 266	 8
1732	 316	 8
1840	 291	 8
1877	 315	 8
1975	 310	 8
2083	 301	 8
2199	 310	 8
2332	 284	 8
2396	 295	 3
2495	 331	 3
2591	 268	 3
2714	 307	 3
2827	 321	 3
2927	 271	 3
3016	 260	 3
3086	 316	 3
31	 439	 0
86	 390	 0
212	 409	 0
324	 394	 0
418	 387	 0
530	 366	 0
610	 407	 0
706	 419	 0
766	 399	 0
888	 386	 10
1001	 419	 10
1106	 393	 10
1199	 414	 10
1316	 439	 10
1414	 375	 10
1498	 437	 8
1591	 395	 8
1684	 418	 8
1797	 366	 8
1939	 369	 8
2016	 411	 8
2123	 376	 8
2215	 390	 8
2325	 413	 3
2420	 441	 3
2499	 389	 3
2562	 427	 3
2716	 391	 3
2789	 424	 3
2908	 424	 3
3028	 398	 3
3106	 404	 3
13	 479	 0
92	 487	 0
175	 469	 0
321	 522	 0
377	 464	 0
493	 474	 0
559	 523	 0
705	 479	 0
796	 507	 10
932	 479	 10
989	 495	 10
1072	 517	 10
1209	 492	 10
1338	 471	 10
1356	 478	 10
1534	 509	 8
1601	 473	 8
1672	 473	 8
1829	 486	 8
1899	 465	 8
1961	 526	 8
2071	 493	 8
2205	 504	 8
2333	 541	 3
2410	 506	 3
2502	 466	 3
2594	 527	 3
2741	 493	 3
2778	 478	 3
2928	 488	 3
2966	 482	 3
3084	 509	 3
2	 574	 0
103	 581	 0
188	 607	 0
273	 572	 0
426	 595	 0
518	 602	 0
603	 608	 0
725	 615	 10
811	 597	 10
894	 591	 10
989	 621	 10
1121	 610	 10
1170	 583	 10
1302	 600	 10
1421	 587	 10
1492	 566	 10
1594	 597	 8
1698	 589	 8
1774	 586	 8
1906	 603	 8
2008	 617	 8
2075	 573	 8
2231	 617	 8
2317	 598	 16
2428	 562	 3
2499	 624	 3
2566	 639	 3
2698	 591	 3
2768	 626	 3
2911	 599	 3
3006	 626	 3
3121	 644	 3
17	 659	 0
81	 729	 11
183	 701	 0
307	 736	 0
421	 708	 0
501	 714	 0
589	 725	 11
726	 684	 11
831	 719	 10
900	 722	 10
1011	 694	 10
1115	 667	 10
1201	 686	 10
1277	 725	 10
1374	 696	 10
1491	 711	 10
1631	 707	 10
1722	 686	 8
1820	 694	 8
1880	 743	 8
2031	 660	 8
2097	 694	 8
2203	 733	 16
2281	 693	 16
2394	 674	 16
2472	 723	 16
2604	 712	 3
2691	 663	 3
2774	 727	 3
2892	 738	 3
3012	 722	 3
3075	 666	 3
-11	 777	 11
94	 802	 11
222	 797	 0
310	 768	 0
364	 790	 0
517	 789	 0
571	 806	 0
723	 808	 11
799	 815	 11
911	 794	 10
1020	 766	 10
1097	 775	 10
1196	 828	 10
1301	 768	 10
1402	 808	 10
1477	 775	 10
1578	 804	 13
1687	 799	 8
1800	 812	 13
1914	 817	 13
2033	 839	 8
2135	 801	 14
2189	 836	 14
2310	 835	 14
2442	 827	 5
2481	 822	 5
2607	 833	 5
2666	 793	 3
2766	 793	 3
2878	 814	 3
2991	 805	 3
3125	 762	 5
31	 911	 11
104	 880	 11
224	 919	 11
298	 900	 11
430	 919	 11
518	 891	 11
571	 911	 11
679	 894	 11
821	 888	 11
891	 912	 11
988	 899	 13
1138	 891	 10
1198	 929	 10
1314	 876	 10
1404	 931	 13
1531	 852	 13
1581	 894	 13
1670	 936	 13
1815	 920	 13
1908	 892	 13
2002	 935	 13
2090	 873	 13
2204	 909	 14
2343	 886	 14
2368	 911	 5
2511	 914	 5
2644	 912	 5
2730	 900	 5
2796	 888	 5
2877	 935	 5
2988	 899	 5
3107	 896	 5
19	 975	 11
84	 972	 11
159	 1032	 11
306	 1031	 11
383	 977	 11
486	 977	 11
576	 980	 11
676	 1004	 11
813	 1007	 11
924	 1008	 11
982	 1015	 13
1089	 997	 13
1212	 1022	 13
1293	 983	 13
1374	 994	 13
1538	 956	 13
1624	 1018	 13
1692	 1032	 13
1819	 997	 13
1920	 1007	 13
1990	 990	 13
2114	 974	 13
2176	 996	 14
2283	 987	 14
2430	 995	 5
2497	 1028	 5
2590	 992	 5
2662	 1003	 5
2810	 1014	 5
2867	 1040	 5
3024	 967	 5
3079	 978	 5
-13	 1120	 11
112	 1119	 11
201	 1092	 11
289	 1059	 11
400	 1089	 11
500	 1136	 11
635	 1137	 11
693	 1079	 11
807	 1083	 11
929	 1074	 11
1013	 1104	 13
1143	 1115	 13
1176	 1120	 13
1321	 1080	 13
1393	 1146	 13
1514	 1088	 13
1586	 1117	 13
1716	 1097	 13
1790	 1108	 13
1868	 1083	 13
2018	 1093	 13
2139	 1112	 13
2190	 1107	 14
2341	 1107	 5
2375	 1094	 5
2540	 1098	 5
2589	 1105	 5
2733	 1115	 5
2818	 1070	 5
2895	 1089	 5
2979	 1106	 5
3086	 1090	 5
-23	 1207	 11
123	 1170	 11
171	 1228	 11
302	 1188	 11
408	 1174	 11
486	 1212	 11
594	 1229	 11
725	 1186	 11
773	 1243	 11
902	 1202	 11
987	 1161	 11
1100	 1191	 13
1210	 1202	 13
1279	 1192	 12
1387	 1207	 13
1514	 1235	 13
1551	 1208	 13
1711	 1221	 13
1812	 1198	 13
1887	 1191	 13
2029	 1199	 13
2107	 1233	 13
2227	 1211	 14
2274	 1194	 5
2425	 1205	 5
2480	 1195	 5
2601	 1185	 5
2662	 1197	 5
2809	 1243	 5
2879	 1215	 5
3036	 1154	 5
3103	 1207	 5
23	 1292	 11
126	 1340	 11
184	 1295	 11
286	 1300	 11
430	 1336	 11
503	 1293	 11
629	 1309	 11
685	 1266	 11
844	 1307	 11
866	 1289	 11
1007	 1291	 12
1090	 1332	 12
1208	 1303	 12
1283	 1267	 12
1441	 1271	 13
1484	 1290	 12
1625	 1273	 13
1676	 1320	 13
1767	 1315	 13
1881	 1273	 13
2038	 1267	 13
2119	 1294	 14
2203	 1313	 14
2325	 1327	 5
2411	 1301	 5
2521	 1298	 5
2606	 1286	 5
2728	 1274	 5
2783	 1312	 5
2907	 1290	 5
3001	 1295	 5
3088	 1307	 5
18	 1387	 11
108	 1423	 11
194	 1406	 9
327	 1356	 11
423	 1397	 11
509	 1368	 11
593	 1386	 11
704	 1408	 11
839	 1431	 12
923	 1401	 12
981	 1410	 12
1112	 1421	 12
1183	 1413	 12
1325	 1402	 12
1402	 1389	 12
1524	 1382	 12
1591	 1423	 12
1687	 1393	 13
1817	 1416	 13
1912	 1371	 13
1974	 1424	 13
2091	 1392	 14
2237	 1406	 14
2310	 1404	 14
2408	 1384	 14
2487	 1397	 5
2596	 1360	 5
2713	 1375	 5
2819	 1422	 5
2946	 1430	 5
3005	 1390	 5
3093	 1359	 5
1	 1500	 11
135	 1499	 9
178	 1495	 9
310	 1495	 9
407	 1504	 9
498	 1477	 9
606	 1536	 9
703	 1492	 11
819	 1485	 11
910	 1493	 12
975	 1502	 12
1069	 1502	 12
1198	 1493	 12
1320	 1525	 12
1409	 1482	 12
1526	 1469	 12
1629	 1504	 13
1715	 1505	 13
1779	 1512	 13
1885	 1498	 13
2034	 1498	 14
2128	 1509	 14
2207	 1483	 14
2274	 1515	 14
2421	 1482	 14
2472	 1491	 5
2569	 1505	 7
2689	 1496	 5
2806	 1519	 5
2889	 1536	 5
2977	 1517	 5
3101	 1493	 5
6	 1608	 9
88	 1580	 9
245	 1620	 9
308	 1596	 9
380	 1566	 9
516	 1605	 9
645	 1633	 9
740	 1565	 12
763	 1646	 12
937	 1602	 12
982	 1585	 12
1111	 1610	 12
1184	 1593	 12
1285	 1571	 12
1417	 1594	 12
1469	 1623	 12
1578	 1577	 12
1687	 1612	 13
1785	 1588	 13
1893	 1565	 13
1995	 1606	 14
2094	 1581	 14
2207	 1579	 14
2334	 1621	 7
2414	 1615	 7
2506	 1592	 7
2588	 1642	 7
2734	 1628	 7
2817	 1635	 5
2877	 1612	 5
3008	 1599	 5
3122	 1587	 5
-38	 1741	 9
71	 1699	 9
170	 1687	 9
317	 1687	 9
432	 1734	 9
493	 1714	 9
595	 1726	 9
705	 1705	 9
794	 1704	 12
889	 1676	 12
961	 1661	 12
1064	 1711	 12
1246	 1682	 12
1315	 1679	 12
1375	 1702	 12
1509	 1691	 12
1616	 1682	 12
1739	 1687	 13
1841	 1730	 14
1900	 1711	 14
2024	 1672	 14
2111	 1691	 14
2175	 1697	 14
2314	 1717	 7
2402	 1698	 7
2509	 1695	 7
2608	 1679	 7
2742	 1732	 7
2796	 1707	 7
2931	 1725	 5
2977	 1692	 5
3100	 1731	 7
14	 1765	 9
119	 1762	 9
187	 1802	 9
333	 1777	 9
418	 1837	 9
531	 1798	 9
583	 1776	 9
672	 1849	 9
795	 1840	 9
903	 1783	 12
1000	 1820	 12
1099	 1796	 12
1195	 1757	 12
1286	 1766	 12
1418	 1835	 12
1518	 1834	 12
1584	 1788	 12
1670	 1782	 13
1816	 1807	 14
1888	 1778	 14
1995	 1806	 14
2073	 1813	 14
2189	 1806	 14
2301	 1794	 7
2432	 1819	 7
2519	 1829	 7
2580	 1814	 7
2722	 1762	 7
2820	 1814	 7
2912	 1814	 7
3006	 1779	 7
3108	 1808	 7
26	 1934	 9
91	 1854	 9
164	 1923	 9
312	 1911	 9
398	 1914	 9
537	 1890	 9
644	 1866	 9
717	 1883	 9
781	 1919	 9
908	 1917	 12
975	 1895	 12
1087	 1882	 12
1202	 1929	 12
1272	 1921	 12
1405	 1894	 12
1502	 1885	 12
1635	 1946	 14
1728	 1905	 14
1772	 1878	 14
1934	 1896	 14
1988	 1924	 14
2092	 1906	 14
2173	 1901	 14
2320	 1890	 7
2398	 1936	 7
2489	 1899	 7
2617	 1893	 7
2683	 1914	 7
2800	 1942	 7
2887	 1885	 7
3001	 1942	 7
3115	 1908	 7
3	 1990	 9
83	 2023	 9
208	 2023	 9
326	 2032	 9
423	 2003	 9
488	 2005	 9
611	 2014	 9
696	 2005	 9
817	 2002	 9
900	 2002	 12
1008	 2016	 12
1103	 2020	 12
1206	 2006	 12
1302	 1984	 12
1377	 2012	 12
1483	 2008	 12
1604	 2021	 14
1696	 1994	 14
1818	 1989	 14
1933	 2018	 14
1995	 1978	 14
2086	 1988	 14
2201	 1970	 7
2325	 1980	 7
2372	 1967	 7
2504	 1995	 7
2596	 2013	 7
2715	 2039	 7
2822	 1992	 7
2901	 2018	 7
2971	 1993	 7
3137	 2012	 7
-7	 2102	 9
118	 2149	 9
182	 2118	 9
317	 2066	 9
411	 2085	 9
534	 2065	 9
626	 2105	 9
666	 2112	 9
821	 2132	 17
911	 2097	 17
970	 2099	 17
1112	 2085	 12
1185	 2073	 6
1321	 2095	 15
1364	 2059	 15
1478	 2096	 12
1605	 2073	 14
1679	 2061	 14
1817	 2129	 14
1906	 2107	 14
1987	 2127	 14
2109	 2119	 14
2199	 2077	 7
2337	 2083	 7
2380	 2090	 7
2513	 2108	 7
2603	 2094	 7
2703	 2076	 7
2795	 2111	 7
2856	 2137	 7
3000	 2149	 7
3079	 2060	 7
33	 2229	 9
83	 2238	 9
194	 2191	 9
291	 2209	 1
432	 2199	 9
479	 2210	 9
576	 2225	 9
703	 2189	 9
791	 2172	 17
864	 2223	 17
971	 2194	 17
1102	 2193	 17
1206	 2195	 6
1279	 2188	 6
1380	 2209	 6
1520	 2167	 14
1564	 2204	 14
1680	 2217	 14
1778	 2229	 14
1927	 2182	 14
2032	 2159	 14
2136	 2197	 14
2241	 2200	 14
2282	 2211	 7
2423	 2236	 7
2518	 2211	 7
2585	 2186	 7
2685	 2169	 7
2783	 2208	 2
2905	 2210	 7
3020	 2182	 7
3087	 2222	 7
11	 2265	 9
126	 2308	 9
182	 2280	 1
311	 2307	 1
379	 2320	 1
528	 2314	 18
588	 2296	 18
720	 2339	 6
828	 2270	 6
923	 2296	 6
984	 2286	 6
1066	 2287	 6
1181	 2296	 6
1300	 2320	 6
1388	 2266	 6
1510	 2271	 6
1640	 2312	 14
1694	 2280	 14
1759	 2273	 14
1897	 2269	 4
2005	 2302	 4
2064	 2293	 4
2208	 2279	 14
2268	 2290	 7
2438	 2288	 7
2482	 2272	 7
2605	 2298	 7
2743	 2276	 2
2782	 2267	 2
2885	 2257	 7
2975	 2290	 7
3120	 2287	 7
-30	 2400	 1
72	 2433	 1
233	 2373	 1
318	 2412	 1
391	 2359	 1
462	 2423	 1
587	 2384	 1
724	 2411	 6
814	 2367	 6
888	 2394	 6
991	 2376	 6
1124	 2436	 6
1184	 2382	 6
1324	 2371	 6
1373	 2379	 6
1499	 2364	 6
1615	 2401	 14
1675	 2405	 4
1789	 2394	 4
1909	 2405	 4
1996	 2390	 4
2107	 2416	 4
2213	 2403	 4
2338	 2401	 19
2408	 2406	 19
2469	 2405	 2
2623	 2423	 2
2703	 2390	 2
2778	 2401	 2
2909	 2387	 2
3002	 2390	 2
3106	 2400	 7
27	 2500	 1
90	 2469	 1
216	 2515	 1
301	 2523	 1
397	 2523	 1
484	 2518	 1
603	 2517	 1
741	 2480	 6
805	 2480	 6
926	 2497	 6
984	 2503	 6
1103	 2481	 6
1198	 2470	 6
1313	 2493	 6
1396	 2521	 6
1535	 2506	 4
1618	 2495	 4
1701	 2498	 4
1779	 2500	 4
1923	 2461	 4
1998	 2511	 4
2113	 2453	 4
2169	 2488	 19
2350	 2503	 19
2404	 2512	 2
2526	 2529	 2
2623	 2500	 2
2664	 2461	 2
2752	 2494	 2
2886	 2521	 2
2974	 2491	 2
3116	 2483	 2
-6	 2622	 1
105	 2639	 1
219	 2622	 1
299	 2595	 1
397	 2592	 1
523	 2609	 1
589	 2608	 1
669	 2628	 1
830	 2602	 6
885	 2610	 6
999	 2598	 6
1093	 2630	 6
1183	 2605	 6
1269	 2612	 6
1403	 2623	 6
1544	 2623	 4
1582	 2601	 4
1678	 2645	 4
1795	 2597	 4
1892	 2606	 4
2018	 2607	 4
2119	 2590	 4
2203	 2591	 4
2295	 2599	 4
2358	 2630	 4
2495	 2583	 2
2600	 2614	 2
2706	 2584	 2
2784	 2589	 2
2909	 2606	 2
2978	 2597	 2
3135	 2607	 2
-6	 2731	 1
96	 2705	 1
240	 2713	 1
296	 2682	 1
390	 2693	 1
493	 2692	 1
611	 2688	 1
704	 2702	 1
807	 2659	 1
907	 2681	 6
1019	 2691	 6
1084	 2694	 6
1185	 2685	 6
1314	 2702	 6
1382	 2703	 6
1470	 2668	 4
1565	 2686	 4
1663	 2698	 4
1785	 2706	 4
1927	 2674	 4
1994	 2652	 4
2102	 2673	 4
2204	 2667	 4
2264	 2721	 2
2405	 2703	 2
2495	 2700	 2
2553	 2699	 2
2708	 2666	 2
2770	 2678	 2
2919	 2689	 2
3043	 2743	 2
3100	 2675	 2
-15	 2775	 1
131	 2801	 1
217	 2844	 1
264	 2783	 1
383	 2760	 1
469	 2832	 1
559	 2808	 1
674	 2810	 1
763	 2819	 1
867	 2764	 6
997	 2819	 6
1094	 2800	 6
1193	 2802	 6
1306	 2790	 6
1380	 2789	 4
1509	 2790	 4
1620	 2820	 4
1738	 2797	 4
1777	 2802	 4
1903	 2806	 4
1991	 2801	 4
2066	 2794	 4
2218	 2825	 4
2303	 2791	 2
2407	 2833	 2
2539	 2822	 2
2617	 2807	 2
2695	 2807	 2
2807	 2796	 2
2918	 2778	 2
3041	 2815	 2
3100	 2787	 2
-4	 2897	 1
111	 2888	 1
220	 2898	 1
277	 2888	 1
422	 2908	 1
496	 2926	 1
630	 2884	 1
706	 2892	 1
798	 2935	 1
921	 2916	 6
988	 2903	 6
1111	 2898	 6
1183	 2918	 6
1295	 2898	 6
1413	 2859	 4
1480	 2869	 4
1578	 2922	 4
1716	 2906	 4
1796	 2909	 4
1915	 2928	 4
1981	 2873	 4
2076	 2913	 4
2196	 2907	 4
2319	 2893	 2
2422	 2900	 2
2519	 2872	 2
2618	 2935	 2
2714	 2925	 2
2802	 2877	 2
2868	 2911	 2
3007	 2864	 2
3128	 2908	 2
41	 3005	 1
100	 3000	 1
200	 3015	 1
322	 3004	 1
382	 3038	 1
471	 2975	 1
566	 2982	 1
672	 3026	 1
797	 2968	 1
869	 2971	 6
1043	 3007	 6
1143	 2993	 6
1192	 3016	 6
1305	 3035	 6
1354	 2990	 6
1478	 2987	 4
1565	 2995	 4
1687	 3018	 4
1792	 3029	 4
1928	 2987	 4
1973	 2980	 4
2106	 2980	 4
2191	 2975	 4
2334	 2964	 2
2439	 2993	 2
2480	 3018	 2
2602	 2985	 2
2691	 3032	 2
2772	 2997	 2
2853	 3002	 2
3007	 3008	 2
3094	 3006	 2
-31	 3083	 1
85	 3082	 1
204	 3087	 1
290	 3139	 1
433	 3097	 1
474	 3065	 1
583	 3065	 1
696	 3133	 6
809	 3073	 6
920	 3111	 6
1011	 3104	 6
1140	 3103	 6
1154	 3058	 6
1306	 3126	 6
1382	 3060	 6
1478	 3117	 6
1599	 3088	 4
1662	 3100	 4
1801	 3097	 4
1921	 3073	 4
1985	 3102	 4
2106	 3077	 4
2206	 3144	 4
2258	 3095	 4
2400	 3111	 2
2505	 3056	 2
2574	 3103	 2
2698	 3141	 2
2770	 3080	 2
2905	 3138	 2
2978	 3090	 2
3133	 3088	 2

0	 1	 194	 18.00
0	 32	 222	 25.00
1	 2	 200	 24.00
1	 33	 182	 24.00
2	 3	 161	 20.00
2	 34	 188	 12.00
3	 4	 190	 22.00
3	 35	 185	 22.00
4	 5	 167	 20.00
4	 36	 226	 13.00
5	 6	 172	 24.00
5	 37	 161	 16.00
6	 7	 222	 12.00
6	 38	 167	 27.00
7	 8	 173	 28.00
7	 39	 225	 24.00
8	 9	 205	 14.00
8	 40	 219	 25.00
9	 10	 209	 21.00
9	 41	 178	 26.00
10	 11	 204	 24.00
10	 42	 216	 18.00
11	 12	 232	 28.00
11	 43	 162	 13.00
12	 13	 219	 18.00
12	 44	 196	 16.00
13	 14	 165	 22.00
13	 45	 225	 28.00
14	 15	 236	 18.00
14	 46	 201	 24.00
15	 16	 203	 26.00
15	 47	 165	 16.00
16	 17	 227	 24.00
16	 48	 217	 17.00
17	 18	 183	 25.00
17	 49	 226	 24.00
18	 19	 184	 22.00
18	 50	 229	 20.00
19	 20	 186	 15.00
19	 51	 209	 27.00
20	 21	 182	 23.00
20	 52	 199	 23.00
21	 22	 223	 12.00
21	 53	 171	 27.00
22	 23	 208	 22.00
22	 54	 229	 19.00
23	 24	 171	 18.00
23	 55	 171	 25.00
24	 25	 202	 21.00
24	 56	 222	 22.00
25	 26	 163	 17.00
25	 57	 232	 23.00
26	 27	 179	 14.00
26	 58	 193	 20.00
27	 28	 193	 16.00
27	 59	 179	 13.00
28	 29	 229	 20.00
28	 60	 186	 22.00
29	 30	 165	 19.00
29	 61	 216	 24.00
30	 31	 220	 23.00
30	 62	 230	 28.00
31	 63	 188	 17.00
32	 33	 193	 27.00
32	 64	 208	 19.00
33	 34	 206	 20.00
33	 65	 240	 17.00
34	 35	 208	 13.00
34	 66	 221	 20.00
35	 36	 222	 27.00
35	 67	 185	 19.00
36	 37	 163	 24.00
36	 68	 207	 28.00
37	 38	 235	 26.00
37	 69	 205	 13.00
38	 39	 171	 14.00
38	 70	 223	 25.00
39	 40	 233	 12.00
39	 71	 199	 19.00
40	 41	 219	 16.00
40	 72	 191	 26.00
41	 42	 199	 15.00
41	 73	 174	 14.00
42	 43	 201	 21.00
42	 74	 232	 15.00
43	 44	 189	 15.00
43	 75	 187	 17.00
44	 45	 192	 14.00
44	 76	 170	 17.00
45	 46	 161	 19.00
45	 77	 168	 14.00
46	 47	 240	 13.00
46	 78	 173	 13.00
47	 48	 203	 26.00
47	 79	 235	 22.00
48	 49	 185	 19.00
48	 80	 186	 24.00
49	 50	 164	 25.00
49	 81	 226	 20.00
50	 51	 209	 25.00
50	 82	 164	 20.00
51	 52	 224	 18.00
51	 83	 213	 16.00
52	 53	 188	 18.00
52	 84	 216	 17.00
53	 54	 195	 12.00
53	 85	 225	 27.00
54	 55	 176	 24.00
54	 86	 236	 25.00
55	 56	 193	 21.00
55	 87	 161	 22.00
56	 57	 211	 18.00
56	 88	 189	 23.00
57	 58	 192	 17.00
57	 89	 160	 20.00
58	 59	 185	 18.00
58	 90	 223	 14.00
59	 60	 221	 14.00
59	 91	 208	 26.00
60	 61	 206	 22.00
60	 92	 234	 25.00
61	 62	 210	 21.00
61	 93	 212	 13.00
62	 63	 162	 16.00
62	 94	 170	 22.00
63	 95	 226	 13.00
64	 65	 222	 20.00
64	 96	 176	 18.00
65	 66	 237	 25.00
65	 97	 225	 14.00
66	 67	 191	 18.00
66	 98	 222	 25.00
67	 68	 167	 18.00
67	 99	 216	 25.00
68	 69	 195	 14.00
68	 100	 175	 23.00
69	 70	 166	 20.00
69	 101	 213	 20.00
70	 71	 217	 14.00
70	 102	 174	 14.00
71	 72	 216	 26.00
71	 103	 216	 21.00
72	 73	 196	 23.00
72	 104	 193	 26.00
73	 74	 165	 13.00
73	 105	 214	 16.00
74	 75	 166	 26.00
74	 106	 216	 18.00
75	 76	 160	 20.00
75	 107	 208	 19.00
76	 77	 236	 18.00
76	 108	 188	 13.00
77	 78	 187	 28.00
77	 109	 187	 23.00
78	 79	 196	 17.00
78	 110	 180	 13.00
79	 80	 177	 26.00
79	 111	 175	 23.00
80	 81	 212	 15.00
80	 112	 238	 20.00
81	 82	 210	 25.00
81	 113	 208	 27.00
82	 83	 190	 23.00
82	 114	 209	 21.00
83	 84	 168	 28.00
83	 115	 165	 25.00
84	 85	 237	 21.00
84	 116	 197	 28.00
85	 86	 236	 21.00
85	 117	 199	 16.00
86	 87	 164	 23.00
86	 118	 216	 25.00
87	 88	 214	 13.00
87	 119	 162	 26.00
88	 89	 209	 13.00
88	 120	 161	 28.00
89	 90	 216	 14.00
89	 121	 179	 17.00
90	 91	 192	 23.00
90	 122	 238	 21.00
91	 92	 191	 22.00
91	 123	 200	 24.00
92	 93	 183	 12.00
92	 124	 185	 25.00
93	 94	 172	 24.00
93	 125	 175	 13.00
94	 95	 240	 22.00
94	 126	 194	 24.00
95	 127	 219	 27.00
96	 97	 162	 15.00
96	 128	 199	 13.00
97	 98	 209	 16.00
97	 129	 176	 26.00
98	 99	 197	 14.00
98	 130	 191	 17.00
99	 100	 199	 21.00
99	 131	 236	 27.00
100	 101	 223	 16.00
100	 132	 221	 19.00
101	 102	 174	 12.00
101	 133	 219	 14.00
102	 103	 166	 13.00
102	 134	 161	 24.00
103	 104	 173	 13.00
103	 135	 237	 26.00
104	 105	 176	 12.00
104	 136	 213	 24.00
105	 106	 211	 20.00
105	 137	 222	 17.00
106	 107	 223	 19.00
106	 138	 165	 19.00
107	 108	 196	 14.00
107	 139	 193	 27.00
108	 109	 162	 24.00
108	 140	 227	 25.00
109	 110	 175	 27.00
109	 141	 196	 25.00
110	 111	 233	 18.00
110	 142	 200	 20.00
111	 112	 167	 14.00
111	 143	 233	 19.00
112	 113	 182	 16.00
112	 144	 174	 25.00
113	 114	 233	 20.00
113	 145	 189	 17.00
114	 115	 180	 14.00
114	 146	 218	 22.00
115	 116	 237	 18.00
115	 147	 230	 23.00
116	 117	 194	 27.00
116	 148	 180	 23.00
117	 118	 224	 25.00
117	 149	 173	 25.00
118	 119	 177	 26.00
118	 150	 227	 15.00
119	 120	 178	 18.00
119	 151	 217	 16.00
120	 121	 198	 20.00
120	 152	 193	 12.00
121	 122	 215	 15.00
121	 153	 207	 25.00
122	 123	 178	 23.00
122	 154	 160	 24.00
123	 124	 234	 21.00
123	 155	 232	 24.00
124	 125	 189	 12.00
124	 156	 200	 25.00
125	 126	 233	 23.00
125	 157	 211	 26.00
126	 127	 200	 28.00
126	 158	 194	 25.00
127	 159	 163	 20.00
128	 129	 162	 27.00
128	 160	 178	 12.00
129	 130	 167	 16.00
129	 161	 237	 15.00
130	 131	 237	 24.00
130	 162	 161	 27.00
131	 132	 189	 20.00
131	 163	 226	 16.00
132	 133	 176	 25.00
132	 164	 229	 22.00
133	 134	 194	 26.00
133	 165	 187	 27.00
134	 135	 176	 16.00
134	 166	 164	 27.00
135	 136	 171	 16.00
135	 167	 182	 24.00
136	 137	 197	 14.00
136	 168	 210	 15.00
137	 138	 208	 16.00
137	 169	 182	 17.00
138	 139	 170	 21.00
138	 170	 218	 13.00
139	 140	 235	 26.00
139	 171	 229	 13.00
140	 141	 235	 13.00
140	 172	 200	 16.00
141	 142	 200	 21.00
141	 173	 181	 16.00
142	 143	 218	 15.00
142	 174	 218	 19.00
143	 144	 160	 21.00
143	 175	 178	 23.00
144	 145	 178	 13.00
144	 176	 234	 26.00
145	 146	 167	 21.00
145	 177	 161	 21.00
146	 147	 216	 26.00
146	 178	 164	 25.00
147	 148	 210	 23.00
147	 179	 173	 19.00
148	 149	 218	 17.00
148	 180	 207	 28.00
149	 150	 207	 25.00
149	 181	 216	 26.00
150	 151	 204	 13.00
150	 182	 240	 15.00
151	 152	 227	 25.00
151	 183	 236	 27.00
152	 153	 198	 21.00
152	 184	 234	 13.00
153	 154	 160	 28.00
153	 185	 232	 13.00
154	 155	 221	 16.00
154	 186	 183	 16.00
155	 156	 214	 20.00
155	 187	 229	 24.00
156	 157	 225	 17.00
156	 188	 166	 13.00
157	 158	 182	 17.00
157	 189	 214	 27.00
158	 159	 205	 15.00
158	 190	 161	 24.00
159	 191	 218	 13.00
160	 161	 234	 26.00
160	 192	 189	 27.00
161	 162	 211	 22.00
161	 193	 208	 22.00
162	 163	 171	 23.00
162	 194	 193	 26.00
163	 164	 236	 18.00
163	 195	 205	 24.00
164	 165	 188	 15.00
164	 196	 185	 17.00
165	 166	 162	 28.00
165	 197	 189	 22.00
166	 167	 160	 25.00
166	 198	 175	 28.00
167	 168	 213	 12.00
167	 199	 237	 20.00
168	 169	 167	 28.00
168	 200	 213	 27.00
169	 170	 216	 25.00
169	 201	 227	 26.00
170	 171	 177	 17.00
170	 202	 192	 17.00
171	 172	 165	 23.00
171	 203	 238	 20.00
172	 173	 238	 22.00
172	 204	 204	 17.00
173	 174	 213	 24.00
173	 205	 201	 28.00
174	 175	 233	 22.00
174	 206	 179	 26.00
175	 176	 179	 27.00
175	 207	 221	 18.00
176	 177	 173	 27.00
176	 208	 203	 21.00
177	 178	 192	 14.00
177	 209	 196	 20.00
178	 179	 209	 16.00
178	 210	 225	 19.00
179	 180	 197	 19.00
179	 211	 235	 16.00
180	 181	 235	 22.00
180	 212	 212	 16.00
181	 182	 221	 23.00
181	 213	 203	 12.00
182	 183	 164	 24.00
182	 214	 182	 18.00
183	 184	 190	 16.00
183	 215	 194	 26.00
184	 185	 189	 14.00
184	 216	 224	 16.00
185	 186	 214	 20.00
185	 217	 194	 12.00
186	 187	 210	 24.00
186	 218	 229	 27.00
187	 188	 202	 19.00
187	 219	 174	 27.00
188	 189	 228	 17.00
188	 220	 238	 20.00
189	 190	 230	 24.00
189	 221	 170	 15.00
190	 191	 235	 27.00
190	 222	 210	 22.00
191	 223	 221	 17.00
192	 193	 210	 16.00
192	 224	 177	 21.00
193	 194	 173	 20.00
193	 225	 202	 15.00
194	 195	 165	 24.00
194	 226	 236	 25.00
195	 196	 219	 15.00
195	 227	 218	 20.00
196	 197	 181	 27.00
196	 228	 216	 13.00
197	 198	 173	 23.00
197	 229	 169	 20.00
198	 199	 174	 15.00
198	 230	 200	 24.00
199	 200	 186	 22.00
199	 231	 183	 24.00
200	 201	 221	 19.00
200	 232	 215	 28.00
201	 202	 232	 19.00
201	 233	 173	 18.00
202	 203	 194	 23.00
202	 234	 223	 13.00
203	 204	 214	 12.00
203	 235	 181	 22.00
204	 205	 199	 22.00
204	 236	 234	 20.00
205	 206	 166	 18.00
205	 237	 180	 25.00
206	 207	 228	 21.00
206	 238	 203	 14.00
207	 208	 181	 22.00
207	 239	 193	 22.00
208	 209	 201	 17.00
208	 240	 207	 15.00
209	 210	 227	 12.00
209	 241	 197	 24.00
210	 211	 219	 25.00
210	 242	 162	 12.00
211	 212	 230	 19.00
211	 243	 236	 18.00
212	 213	 230	 16.00
212	 244	 184	 24.00
213	 214	 161	 22.00
213	 245	 172	 13.00
214	 215	 208	 28.00
214	 246	 174	 28.00
215	 216	 237	 24.00
215	 247	 183	 27.00
216	 217	 228	 24.00
216	 248	 211	 16.00
217	 218	 177	 12.00
217	 249	 233	 16.00
218	 219	 174	 18.00
218	 250	 167	 22.00
219	 220	 206	 26.00
219	 251	 222	 16.00
220	 221	 225	 25.00
220	 252	 236	 22.00
221	 222	 224	 14.00
221	 253	 196	 12.00
222	 223	 172	 13.00
222	 254	 170	 16.00
223	 255	 198	 23.00
224	 225	 213	 23.00
224	 256	 196	 17.00
225	 226	 240	 20.00
225	 257	 189	 21.00
226	 227	 166	 28.00
226	 258	 201	 24.00
227	 228	 186	 20.00
227	 259	 167	 24.00
228	 229	 224	 23.00
228	 260	 225	 18.00
229	 230	 198	 26.00
229	 261	 215	 14.00
230	 231	 224	 26.00
230	 262	 231	 18.00
231	 232	 218	 27.00
231	 263	 179	 25.00
232	 233	 238	 22.00
232	 264	 184	 27.00
233	 234	 214	 22.00
233	 265	 174	 18.00
234	 235	 178	 15.00
234	 266	 229	 25.00
235	 236	 222	 14.00
235	 267	 169	 16.00
236	 237	 181	 26.00
236	 268	 179	 15.00
237	 238	 187	 20.00
237	 269	 164	 19.00
238	 239	 161	 23.00
238	 270	 209	 18.00
239	 240	 236	 17.00
239	 271	 187	 28.00
240	 241	 223	 21.00
240	 272	 169	 16.00
241	 242	 162	 25.00
241	 273	 196	 17.00
242	 243	 185	 18.00
242	 274	 165	 22.00
243	 244	 209	 12.00
243	 275	 201	 19.00
244	 245	 201	 13.00
244	 276	 183	 12.00
245	 246	 189	 21.00
245	 277	 224	 24.00
246	 247	 206	 28.00
246	 278	 188	 24.00
247	 248	 238	 13.00
247	 279	 185	 20.00
248	 249	 176	 14.00
248	 280	 236	 18.00
249	 250	 233	 16.00
249	 281	 165	 14.00
250	 251	 191	 22.00
250	 282	 226	 12.00
251	 252	 220	 18.00
251	 283	 205	 28.00
252	 253	 170	 22.00
252	 284	 224	 20.00
253	 254	 184	 21.00
253	 285	 177	 28.00
254	 255	 207	 16.00
254	 286	 185	 14.00
255	 287	 200	 13.00
256	 257	 181	 18.00
256	 288	 217	 14.00
257	 258	 202	 12.00
257	 289	 192	 18.00
258	 259	 191	 24.00
258	 290	 202	 14.00
259	 260	 196	 25.00
259	 291	 239	 20.00
260	 261	 205	 21.00
260	 292	 175	 26.00
261	 262	 191	 21.00
261	 293	 181	 23.00
262	 263	 221	 12.00
262	 294	 224	 17.00
263	 264	 203	 14.00
263	 295	 203	 15.00
264	 265	 174	 21.00
264	 296	 171	 27.00
265	 266	 190	 25.00
265	 297	 174	 15.00
266	 267	 229	 13.00
266	 298	 173	 20.00
267	 268	 216	 18.00
267	 299	 171	 21.00
268	 269	 233	 19.00
268	 300	 202	 26.00
269	 270	 205	 20.00
269	 301	 225	 28.00
270	 271	 227	 16.00
270	 302	 172	 20.00
271	 272	 228	 15.00
271	 303	 160	 14.00
272	 273	 219	 20.00
272	 304	 218	 13.00
273	 274	 187	 12.00
273	 305	 211	 22.00
274	 275	 228	 22.00
274	 306	 177	 15.00
275	 276	 236	 28.00
275	 307	 223	 24.00
276	 277	 234	 27.00
276	 308	 166	 13.00
277	 278	 193	 17.00
277	 309	 224	 27.00
278	 279	 225	 25.00
278	 310	 171	 20.00
279	 280	 184	 19.00
279	 311	 219	 15.00
280	 281	 240	 26.00
280	 312	 214	 26.00
281	 282	 236	 12.00
281	 313	 172	 26.00
282	 283	 181	 17.00
282	 314	 220	 24.00
283	 284	 229	 16.00
283	 315	 232	 28.00
284	 285	 238	 26.00
284	 316	 239	 17.00
285	 286	 240	 27.00
285	 317	 202	 16.00
286	 287	 212	 23.00
286	 318	 196	 28.00
287	 319	 175	 26.00
288	 289	 196	 18.00
288	 320	 212	 15.00
289	 290	 228	 23.00
289	 321	 163	 15.00
290	 291	 201	 13.00
290	 322	 170	 26.00
291	 292	 170	 17.00
291	 323	 239	 12.00
292	 293	 195	 25.00
292	 324	 194	 13.00
293	 294	 228	 27.00
293	 325	 193	 25.00
294	 295	 215	 20.00
294	 326	 227	 27.00
295	 296	 192	 20.00
295	 327	 172	 15.00
296	 297	 219	 17.00
296	 328	 180	 24.00
297	 298	 228	 16.00
297	 329	 181	 18.00
298	 299	 183	 21.00
298	 330	 227	 16.00
299	 300	 167	 26.00
299	 331	 160	 20.00
300	 301	 171	 27.00
300	 332	 221	 13.00
301	 302	 207	 28.00
301	 333	 176	 28.00
302	 303	 193	 14.00
302	 334	 185	 14.00
303	 304	 236	 28.00
303	 335	 162	 12.00
304	 305	 164	 25.00
304	 336	 164	 23.00
305	 306	 225	 14.00
305	 337	 236	 12.00
306	 307	 240	 25.00
306	 338	 190	 23.00
307	 308	 183	 19.00
307	 339	 229	 13.00
308	 309	 185	 17.00
308	 340	 223	 18.00
309	 310	 178	 23.00
309	 341	 167	 23.00
310	 311	 169	 13.00
310	 342	 164	 13.00
311	 312	 172	 17.00
311	 343	 197	 15.00
312	 313	 189	 18.00
312	 344	 215	 23.00
313	 314	 166	 12.00
313	 345	 216	 14.00
314	 315	 209	 16.00
314	 346	 181	 26.00
315	 316	 226	 16.00
315	 347	 193	 13.00
316	 317	 232	 21.00
316	 348	 240	 18.00
317	 318	 187	 20.00
317	 349	 211	 27.00
318	 319	 214	 14.00
318	 350	 161	 12.00
319	 351	 225	 20.00
320	 321	 227	 27.00
320	 352	 187	 24.00
321	 322	 186	 14.00
321	 353	 210	 17.00
322	 323	 193	 26.00
322	 354	 233	 27.00
323	 324	 238	 21.00
323	 355	 204	 16.00
324	 325	 209	 20.00
324	 356	 235	 18.00
325	 326	 184	 26.00
325	 357	 220	 26.00
326	 327	 206	 28.00
326	 358	 188	 20.00
327	 328	 225	 22.00
327	 359	 181	 12.00
328	 329	 224	 13.00
328	 360	 219	 23.00
329	 330	 173	 28.00
329	 361	 202	 27.00
330	 331	 184	 21.00
330	 362	 207	 12.00
331	 332	 204	 21.00
331	 363	 190	 19.00
332	 333	 181	 16.00
332	 364	 219	 15.00
333	 334	 177	 15.00
333	 365	 192	 16.00
334	 335	 197	 28.00
334	 366	 219	 19.00
335	 336	 192	 16.00
335	 367	 163	 16.00
336	 337	 178	 12.00
336	 368	 201	 25.00
337	 338	 199	 18.00
337	 369	 200	 24.00
338	 339	 179	 22.00
338	 370	 175	 24.00
339	 340	 162	 16.00
339	 371	 189	 16.00
340	 341	 235	 28.00
340	 372	 204	 24.00
341	 342	 176	 16.00
341	 373	 223	 26.00
342	 343	 167	 18.00
342	 374	 235	 27.00
343	 344	 230	 26.00
343	 375	 186	 24.00
344	 345	 194	 14.00
344	 376	 213	 14.00
345	 346	 236	 20.00
345	 377	 239	 20.00
346	 347	 194	 13.00
346	 378	 224	 28.00
347	 348	 236	 20.00
347	 379	 226	 26.00
348	 349	 195	 21.00
348	 380	 208	 13.00
349	 350	 179	 15.00
349	 381	 177	 19.00
350	 351	 167	 25.00
350	 382	 188	 21.00
351	 383	 221	 24.00
352	 353	 191	 18.00
352	 384	 180	 19.00
353	 354	 161	 23.00
353	 385	 190	 15.00
354	 355	 238	 26.00
354	 386	 186	 24.00
355	 356	 176	 21.00
355	 387	 231	 15.00
356	 357	 164	 13.00
356	 388	 191	 26.00
357	 358	 186	 17.00
357	 389	 188	 24.00
358	 359	 234	 13.00
358	 390	 216	 27.00
359	 360	 184	 13.00
359	 391	 169	 27.00
360	 361	 214	 15.00
360	 392	 236	 12.00
361	 362	 186	 27.00
361	 393	 204	 22.00
362	 363	 169	 27.00
362	 394	 216	 25.00
363	 364	 216	 16.00
363	 395	 196	 18.00
364	 365	 170	 21.00
364	 396	 207	 17.00
365	 366	 173	 21.00
365	 397	 166	 16.00
366	 367	 193	 20.00
366	 398	 170	 17.00
367	 368	 236	 13.00
367	 399	 166	 18.00
368	 369	 219	 21.00
368	 400	 160	 24.00
369	 370	 211	 13.00
369	 401	 213	 16.00
370	 371	 180	 24.00
370	 402	 239	 23.00
371	 372	 189	 25.00
371	 403	 173	 13.00
372	 373	 211	 16.00
372	 404	 213	 25.00
373	 374	 196	 12.00
373	 405	 232	 13.00
374	 375	 191	 20.00
374	 406	 218	 16.00
375	 376	 234	 23.00
375	 407	 217	 24.00
376	 377	 230	 24.00
376	 408	 215	 27.00
377	 378	 161	 12.00
377	 409	 207	 25.00
378	 379	 184	 24.00
378	 410	 239	 23.00
379	 380	 229	 23.00
379	 411	 222	 27.00
380	 381	 234	 25.00
380	 412	 201	 28.00
381	 382	 189	 24.00
381	 413	 196	 15.00
382	 383	 240	 13.00
382	 414	 164	 21.00
383	 415	 218	 14.00
384	 385	 177	 21.00
384	 416	 190	 26.00
385	 386	 200	 13.00
385	 417	 228	 16.00
386	 387	 166	 27.00
386	 418	 188	 24.00
387	 388	 172	 25.00
387	 419	 160	 20.00
388	 389	 221	 27.00
388	 420	 230	 20.00
389	 390	 186	 15.00
389	 421	 239	 16.00
390	 391	 178	 18.00
390	 422	 220	 21.00
391	 392	 169	 28.00
391	 423	 172	 28.00
392	 393	 171	 12.00
392	 424	 226	 14.00
393	 394	 217	 20.00
393	 425	 191	 22.00
394	 395	 162	 16.00
394	 426	 212	 22.00
395	 396	 227	 26.00
395	 427	 176	 23.00
396	 397	 232	 26.00
396	 428	 211	 24.00
397	 398	 236	 16.00
397	 429	 185	 28.00
398	 399	 232	 16.00
398	 430	 213	 23.00
399	 400	 200	 28.00
399	 431	 166	 27.00
400	 401	 217	 25.00
400	 432	 221	 21.00
401	 402	 192	 26.00
401	 433	 226	 26.00
402	 403	 183	 16.00
402	 434	 161	 13.00
403	 404	 163	 12.00
403	 435	 169	 23.00
404	 405	 178	 27.00
404	 436	 229	 16.00
405	 406	 166	 15.00
405	 437	 181	 25.00
406	 407	 162	 18.00
406	 438	 230	 14.00
407	 408	 176	 16.00
407	 439	 210	 23.00
408	 409	 161	 22.00
408	 440	 203	 13.00
409	 410	 189	 21.00
409	 441	 179	 22.00
410	 411	 214	 21.00
410	 442	 200	 23.00
411	 412	 207	 25.00
411	 443	 229	 22.00
412	 413	 166	 26.00
412	 444	 231	 15.00
413	 414	 215	 16.00
413	 445	 200	 19.00
414	 415	 178	 17.00
414	 446	 222	 19.00
415	 447	 190	 20.00
416	 417	 226	 17.00
416	 448	 229	 16.00
417	 418	 166	 14.00
417	 449	 210	 18.00
418	 419	 171	 22.00
418	 450	 163	 14.00
419	 420	 180	 28.00
419	 451	 171	 25.00
420	 421	 234	 19.00
420	 452	 202	 21.00
421	 422	 181	 23.00
421	 453	 199	 23.00
422	 423	 184	 15.00
422	 454	 211	 15.00
423	 424	 224	 14.00
423	 455	 162	 13.00
424	 425	 165	 21.00
424	 456	 185	 23.00
425	 426	 232	 12.00
425	 457	 209	 16.00
426	 427	 179	 24.00
426	 458	 230	 27.00
427	 428	 205	 12.00
427	 459	 193	 14.00
428	 429	 218	 13.00
428	 460	 223	 24.00
429	 430	 167	 24.00
429	 461	 233	 24.00
430	 431	 208	 12.00
430	 462	 234	 15.00
431	 432	 163	 16.00
431	 463	 231	 14.00
432	 433	 222	 15.00
432	 464	 175	 14.00
433	 434	 222	 27.00
433	 465	 233	 20.00
434	 435	 193	 13.00
434	 466	 160	 16.00
435	 436	 187	 14.00
435	 467	 211	 13.00
436	 437	 200	 16.00
436	 468	 213	 20.00
437	 438	 213	 17.00
437	 469	 178	 16.00
438	 439	 231	 23.00
438	 470	 216	 22.00
439	 440	 225	 21.00
439	 471	 191	 24.00
440	 441	 211	 24.00
440	 472	 173	 22.00
441	 442	 200	 28.00
441	 473	 230	 16.00
442	 443	 221	 28.00
442	 474	 228	 25.00
443	 444	 209	 24.00
443	 475	 167	 25.00
444	 445	 192	 16.00
444	 476	 186	 22.00
445	 446	 194	 16.00
445	 477	 238	 15.00
446	 447	 196	 26.00
446	 478	 177	 23.00
447	 479	 235	 18.00
448	 449	 189	 28.00
448	 480	 181	 18.00
449	 450	 205	 22.00
449	 481	 170	 26.00
450	 451	 174	 28.00
450	 482	 178	 15.00
451	 452	 234	 20.00
451	 483	 213	 28.00
452	 453	 162	 24.00
452	 484	 204	 15.00
453	 454	 164	 24.00
453	 485	 231	 18.00
454	 455	 231	 18.00
454	 486	 203	 23.00
455	 456	 175	 15.00
455	 487	 238	 17.00
456	 457	 185	 21.00
456	 488	 210	 13.00
457	 458	 203	 22.00
457	 489	 176	 28.00
458	 459	 176	 25.00
458	 490	 186	 18.00
459	 460	 171	 28.00
459	 491	 188	 12.00
460	 461	 225	 21.00
460	 492	 186	 24.00
461	 462	 167	 17.00
461	 493	 179	 25.00
462	 463	 163	 26.00
462	 494	 181	 16.00
463	 464	 179	 13.00
463	 495	 208	 22.00
464	 465	 199	 18.00
464	 496	 172	 25.00
465	 466	 238	 15.00
465	 497	 165	 25.00
466	 467	 167	 16.00
466	 498	 183	 18.00
467	 468	 239	 27.00
467	 499	 207	 28.00
468	 469	 165	 23.00
468	 500	 171	 16.00
469	 470	 183	 12.00
469	 501	 231	 15.00
470	 471	 215	 13.00
470	 502	 172	 12.00
471	 472	 173	 16.00
471	 503	 169	 25.00
472	 473	 163	 19.00
472	 504	 168	 14.00
473	 474	 169	 21.00
473	 505	 164	 14.00
474	 475	 230	 13.00
474	 506	 187	 13.00
475	 476	 190	 28.00
475	 507	 167	 18.00
476	 477	 226	 14.00
476	 508	 210	 17.00
477	 478	 194	 27.00
477	 509	 222	 14.00
478	 479	 193	 17.00
478	 510	 239	 19.00
479	 511	 215	 23.00
480	 481	 199	 25.00
480	 512	 180	 26.00
481	 482	 213	 23.00
481	 513	 180	 25.00
482	 483	 183	 24.00
482	 514	 214	 20.00
483	 484	 204	 13.00
483	 515	 192	 18.00
484	 485	 208	 13.00
484	 516	 215	 26.00
485	 486	 201	 13.00
485	 517	 182	 16.00
486	 487	 199	 22.00
486	 518	 168	 18.00
487	 488	 211	 15.00
487	 519	 204	 17.00
488	 489	 183	 12.00
488	 520	 173	 25.00
489	 490	 232	 17.00
489	 521	 179	 22.00
490	 491	 235	 25.00
490	 522	 197	 26.00
491	 492	 194	 14.00
491	 523	 163	 12.00
492	 493	 197	 12.00
492	 524	 218	 17.00
493	 494	 215	 12.00
493	 525	 220	 17.00
494	 495	 226	 19.00
494	 526	 186	 15.00
495	 496	 182	 24.00
495	 527	 205	 26.00
496	 497	 222	 24.00
496	 528	 175	 27.00
497	 498	 219	 18.00
497	 529	 236	 17.00
498	 499	 226	 27.00
498	 530	 161	 15.00
499	 500	 223	 25.00
499	 531	 228	 21.00
500	 501	 231	 27.00
500	 532	 212	 16.00
501	 502	 211	 22.00
501	 533	 210	 25.00
502	 503	 174	 21.00
502	 534	 236	 27.00
503	 504	 231	 21.00
503	 535	 163	 25.00
504	 505	 225	 25.00
504	 536	 198	 27.00
505	 506	 167	 15.00
505	 537	 216	 15.00
506	 507	 193	 14.00
506	 538	 185	 15.00
507	 508	 231	 21.00
507	 539	 230	 22.00
508	 509	 193	 20.00
508	 540	 194	 13.00
509	 510	 209	 21.00
509	 541	 224	 21.00
510	 511	 211	 21.00
510	 542	 208	 15.00
511	 543	 240	 26.00
512	 513	 216	 18.00
512	 544	 233	 15.00
513	 514	 186	 12.00
513	 545	 209	 27.00
514	 515	 188	 13.00
514	 546	 227	 18.00
515	 516	 171	 22.00
515	 547	 194	 17.00
516	 517	 171	 18.00
516	 548	 196	 17.00
517	 518	 231	 14.00
517	 549	 228	 27.00
518	 519	 173	 19.00
518	 550	 225	 23.00
519	 520	 213	 27.00
519	 551	 193	 28.00
520	 521	 237	 23.00
520	 552	 179	 22.00
521	 522	 197	 24.00
521	 553	 199	 15.00
522	 523	 188	 18.00
522	 554	 226	 13.00
523	 524	 199	 27.00
523	 555	 230	 12.00
524	 525	 182	 28.00
524	 556	 197	 12.00
525	 526	 203	 20.00
525	 557	 187	 14.00
526	 527	 167	 28.00
526	 558	 206	 12.00
527	 528	 186	 19.00
527	 559	 231	 12.00
528	 529	 166	 21.00
528	 560	 164	 21.00
529	 530	 183	 22.00
529	 561	 215	 19.00
530	 531	 205	 13.00
530	 562	 223	 19.00
531	 532	 173	 21.00
531	 563	 215	 25.00
532	 533	 229	 26.00
532	 564	 163	 19.00
533	 534	 171	 13.00
533	 565	 169	 28.00
534	 535	 199	 12.00
534	 566	 228	 20.00
535	 536	 162	 23.00
535	 567	 162	 24.00
536	 537	 238	 17.00
536	 568	 188	 26.00
537	 538	 196	 19.00
537	 569	 175	 16.00
538	 539	 232	 14.00
538	 570	 220	 24.00
539	 540	 223	 15.00
539	 571	 179	 28.00
540	 541	 238	 23.00
540	 572	 163	 21.00
541	 542	 185	 20.00
541	 573	 237	 18.00
542	 543	 226	 23.00
542	 574	 223	 14.00
543	 575	 198	 21.00
544	 545	 187	 12.00
544	 576	 196	 23.00
545	 546	 213	 20.00
545	 577	 196	 26.00
546	 547	 218	 27.00
546	 578	 186	 15.00
547	 548	 192	 13.00
547	 579	 211	 26.00
548	 549	 211	 12.00
548	 580	 184	 27.00
549	 550	 178	 22.00
549	 581	 189	 26.00
550	 551	 217	 19.00
550	 582	 202	 27.00
551	 552	 206	 24.00
551	 583	 168	 20.00
552	 553	 219	 19.00
552	 584	 200	 23.00
553	 554	 181	 22.00
553	 585	 236	 13.00
554	 555	 161	 26.00
554	 586	 221	 14.00
555	 556	 165	 20.00
555	 587	 224	 24.00
556	 557	 166	 22.00
556	 588	 235	 26.00
557	 558	 220	 26.00
557	 589	 234	 26.00
558	 559	 193	 19.00
558	 590	 162	 28.00
559	 560	 172	 21.00
559	 591	 209	 24.00
560	 561	 200	 23.00
560	 592	 193	 14.00
561	 562	 195	 19.00
561	 593	 197	 20.00
562	 563	 170	 23.00
562	 594	 174	 25.00
563	 564	 172	 21.00
563	 595	 213	 18.00
564	 565	 237	 21.00
564	 596	 205	 15.00
565	 566	 175	 28.00
565	 597	 229	 13.00
566	 567	 170	 24.00
566	 598	 230	 27.00
567	 568	 164	 17.00
567	 599	 204	 21.00
568	 569	 229	 24.00
568	 600	 169	 23.00
569	 570	 176	 13.00
569	 601	 182	 26.00
570	 571	 162	 21.00
570	 602	 210	 17.00
571	 572	 226	 21.00
571	 603	 185	 23.00
572	 573	 177	 26.00
572	 604	 192	 22.00
573	 574	 196	 19.00
573	 605	 217	 18.00
574	 575	 181	 21.00
574	 606	 197	 12.00
575	 607	 191	 21.00
576	 577	 210	 28.00
576	 608	 227	 14.00
577	 578	 211	 15.00
577	 609	 221	 21.00
578	 579	 184	 23.00
578	 610	 208	 13.00
579	 580	 238	 17.00
579	 611	 221	 18.00
580	 581	 217	 26.00
580	 612	 210	 23.00
581	 582	 163	 20.00
581	 613	 236	 17.00
582	 583	 240	 19.00
582	 614	 173	 21.00
583	 584	 189	 12.00
583	 615	 160	 19.00
584	 585	 193	 25.00
584	 616	 191	 23.00
585	 586	 187	 25.00
585	 617	 228	 18.00
586	 587	 236	 25.00
586	 618	 165	 16.00
587	 588	 189	 15.00
587	 619	 193	 25.00
588	 589	 192	 25.00
588	 620	 228	 27.00
589	 590	 181	 24.00
589	 621	 221	 12.00
590	 591	 183	 16.00
590	 622	 240	 24.00
591	 592	 167	 14.00
591	 623	 228	 25.00
592	 593	 216	 21.00
592	 624	 197	 15.00
593	 594	 175	 14.00
593	 625	 230	 17.00
594	 595	 167	 16.00
594	 626	 209	 27.00
595	 596	 179	 25.00
595	 627	 177	 27.00
596	 597	 196	 25.00
596	 628	 191	 21.00
597	 598	 177	 21.00
597	 629	 179	 26.00
598	 599	 204	 13.00
598	 630	 188	 24.00
599	 600	 170	 25.00
599	 631	 161	 13.00
600	 601	 239	 25.00
600	 632	 177	 28.00
601	 602	 176	 27.00
601	 633	 192	 16.00
602	 603	 218	 13.00
602	 634	 176	 20.00
603	 604	 177	 17.00
603	 635	 188	 17.00
604	 605	 236	 25.00
604	 636	 179	 24.00
605	 606	 178	 21.00
605	 637	 212	 22.00
606	 607	 197	 19.00
606	 638	 215	 26.00
607	 639	 167	 27.00
608	 609	 177	 21.00
608	 640	 211	 20.00
609	 610	 186	 14.00
609	 641	 189	 25.00
610	 611	 214	 18.00
610	 642	 183	 18.00
611	 612	 228	 13.00
611	 643	 227	 26.00
612	 613	 173	 22.00
612	 644	 230	 16.00
613	 614	 216	 18.00
613	 645	 161	 15.00
614	 615	 202	 27.00
614	 646	 160	 24.00
615	 616	 189	 20.00
615	 647	 206	 18.00
616	 617	 227	 20.00
616	 648	 178	 27.00
617	 618	 186	 23.00
617	 649	 214	 13.00
618	 619	 196	 26.00
618	 650	 213	 15.00
619	 620	 180	 21.00
619	 651	 208	 16.00
620	 621	 207	 22.00
620	 652	 233	 26.00
621	 622	 163	 12.00
621	 653	 225	 19.00
622	 623	 166	 27.00
622	 654	 228	 22.00
623	 624	 176	 17.00
623	 655	 204	 24.00
624	 625	 191	 20.00
624	 656	 209	 13.00
625	 626	 168	 24.00
625	 657	 214	 12.00
626	 627	 187	 23.00
626	 658	 238	 18.00
627	 628	 180	 19.00
627	 659	 175	 14.00
628	 629	 210	 24.00
628	 660	 168	 26.00
629	 630	 186	 26.00
629	 661	 196	 20.00
630	 631	 168	 14.00
630	 662	 204	 28.00
631	 632	 183	 15.00
631	 663	 180	 18.00
632	 633	 198	 13.00
632	 664	 233	 17.00
633	 634	 240	 21.00
633	 665	 230	 12.00
634	 635	 229	 18.00
634	 666	 167	 28.00
635	 636	 229	 16.00
635	 667	 214	 20.00
636	 637	 167	 16.00
636	 668	 217	 14.00
637	 638	 166	 24.00
637	 669	 218	 18.00
638	 639	 205	 20.00
638	 670	 187	 13.00
639	 671	 219	 21.00
640	 641	 173	 21.00
640	 672	 239	 17.00
641	 642	 239	 26.00
641	 673	 218	 23.00
642	 643	 230	 21.00
642	 674	 186	 27.00
643	 644	 209	 26.00
643	 675	 202	 17.00
644	 645	 217	 27.00
644	 676	 228	 17.00
645	 646	 173	 24.00
645	 677	 177	 23.00
646	 647	 234	 18.00
646	 678	 240	 17.00
647	 648	 215	 21.00
647	 679	 190	 13.00
648	 649	 163	 26.00
648	 680	 224	 13.00
649	 650	 202	 28.00
649	 681	 226	 22.00
650	 651	 176	 19.00
650	 682	 168	 19.00
651	 652	 238	 24.00
651	 683	 219	 24.00
652	 653	 191	 22.00
652	 684	 225	 14.00
653	 654	 186	 18.00
653	 685	 204	 12.00
654	 655	 191	 14.00
654	 686	 172	 12.00
655	 656	 234	 23.00
655	 687	 169	 12.00
656	 657	 235	 26.00
656	 688	 195	 15.00
657	 658	 190	 28.00
657	 689	 184	 16.00
658	 659	 236	 16.00
658	 690	 224	 27.00
659	 660	 228	 14.00
659	 691	 171	 12.00
660	 661	 191	 15.00
660	 692	 176	 23.00
661	 662	 215	 25.00
661	 693	 173	 12.00
662	 663	 195	 28.00
662	 694	 189	 15.00
663	 664	 209	 14.00
663	 695	 169	 20.00
664	 665	 164	 18.00
664	 696	 217	 28.00
665	 666	 226	 18.00
665	 697	 202	 21.00
666	 667	 181	 22.00
666	 698	 163	 27.00
667	 668	 172	 17.00
667	 699	 201	 15.00
668	 669	 232	 20.00
668	 700	 180	 19.00
669	 670	 168	 17.00
669	 701	 173	 26.00
670	 671	 239	 14.00
670	 702	 176	 12.00
671	 703	 205	 25.00
672	 673	 161	 21.00
672	 704	 205	 24.00
673	 674	 233	 28.00
673	 705	 217	 12.00
674	 675	 223	 15.00
674	 706	 218	 27.00
675	 676	 219	 28.00
675	 707	 207	 19.00
676	 677	 223	 13.00
676	 708	 209	 25.00
677	 678	 195	 25.00
677	 709	 172	 25.00
678	 679	 163	 23.00
678	 710	 192	 13.00
679	 680	 224	 21.00
679	 711	 188	 27.00
680	 681	 186	 22.00
680	 712	 216	 13.00
681	 682	 166	 26.00
681	 713	 185	 13.00
682	 683	 219	 20.00
682	 714	 160	 28.00
683	 684	 180	 23.00
683	 715	 172	 15.00
684	 685	 160	 28.00
684	 716	 173	 27.00
685	 686	 225	 20.00
685	 717	 174	 14.00
686	 687	 171	 18.00
686	 718	 203	 15.00
687	 688	 190	 15.00
687	 719	 225	 28.00
688	 689	 188	 23.00
688	 720	 208	 27.00
689	 690	 226	 23.00
689	 721	 208	 17.00
690	 691	 191	 26.00
690	 722	 218	 27.00
691	 692	 222	 28.00
691	 723	 162	 20.00
692	 693	 192	 13.00
692	 724	 226	 24.00
693	 694	 165	 27.00
693	 725	 221	 23.00
694	 695	 173	 22.00
694	 726	 225	 27.00
695	 696	 198	 20.00
695	 727	 207	 27.00
696	 697	 238	 26.00
696	 728	 203	 13.00
697	 698	 191	 17.00
697	 729	 221	 13.00
698	 699	 216	 13.00
698	 730	 162	 20.00
699	 700	 200	 23.00
699	 731	 177	 14.00
700	 701	 184	 22.00
700	 732	 224	 14.00
701	 702	 204	 21.00
701	 733	 180	 20.00
702	 703	 184	 14.00
702	 734	 216	 25.00
703	 735	 207	 22.00
704	 705	 202	 16.00
704	 736	 178	 22.00
705	 706	 220	 13.00
705	 737	 180	 15.00
706	 707	 192	 25.00
706	 738	 237	 18.00
707	 708	 172	 19.00
707	 739	 189	 22.00
708	 709	 202	 20.00
708	 740	 178	 14.00
709	 710	 230	 24.00
709	 741	 221	 13.00
710	 711	 231	 13.00
710	 742	 200	 17.00
711	 712	 209	 17.00
711	 743	 193	 18.00
712	 713	 223	 28.00
712	 744	 183	 27.00
713	 714	 238	 27.00
713	 745	 196	 12.00
714	 715	 175	 25.00
714	 746	 236	 26.00
715	 716	 182	 14.00
715	 747	 190	 27.00
716	 717	 197	 21.00
716	 748	 178	 12.00
717	 718	 183	 19.00
717	 749	 186	 28.00
718	 719	 198	 22.00
718	 750	 181	 15.00
719	 720	 238	 14.00
719	 751	 229	 28.00
720	 721	 181	 25.00
720	 752	 162	 28.00
721	 722	 196	 13.00
721	 753	 212	 22.00
722	 723	 221	 24.00
722	 754	 179	 13.00
723	 724	 211	 27.00
723	 755	 214	 17.00
724	 725	 182	 24.00
724	 756	 213	 18.00
725	 726	 184	 26.00
725	 757	 200	 14.00
726	 727	 182	 13.00
726	 758	 183	 15.00
727	 728	 183	 19.00
727	 759	 188	 26.00
728	 729	 216	 23.00
728	 760	 225	 23.00
729	 730	 206	 23.00
729	 761	 222	 28.00
730	 731	 228	 19.00
730	 762	 226	 21.00
731	 732	 231	 24.00
731	 763	 211	 24.00
732	 733	 207	 15.00
732	 764	 185	 26.00
733	 734	 180	 23.00
733	 765	 219	 26.00
734	 735	 212	 24.00
734	 766	 187	 23.00
735	 767	 164	 17.00
736	 737	 166	 15.00
736	 768	 196	 28.00
737	 738	 231	 20.00
737	 769	 201	 19.00
738	 739	 215	 15.00
738	 770	 204	 15.00
739	 740	 204	 23.00
739	 771	 188	 12.00
740	 741	 215	 23.00
740	 772	 175	 27.00
741	 742	 234	 25.00
741	 773	 237	 19.00
742	 743	 162	 12.00
742	 774	 229	 16.00
743	 744	 199	 15.00
743	 775	 176	 13.00
744	 745	 185	 17.00
744	 776	 181	 25.00
745	 746	 230	 25.00
745	 777	 176	 28.00
746	 747	 211	 24.00
746	 778	 176	 26.00
747	 748	 222	 15.00
747	 779	 218	 18.00
748	 749	 192	 13.00
748	 780	 174	 21.00
749	 750	 198	 26.00
749	 781	 212	 19.00
750	 751	 168	 23.00
750	 782	 226	 12.00
751	 752	 216	 22.00
751	 783	 229	 12.00
752	 753	 237	 22.00
752	 784	 210	 20.00
753	 754	 216	 25.00
753	 785	 234	 13.00
754	 755	 220	 13.00
754	 786	 231	 17.00
755	 756	 212	 20.00
755	 787	 229	 24.00
756	 757	 162	 25.00
756	 788	 234	 24.00
757	 758	 238	 23.00
757	 789	 226	 27.00
758	 759	 223	 12.00
758	 790	 226	 14.00
759	 760	 186	 26.00
759	 791	 199	 28.00
760	 761	 162	 26.00
760	 792	 180	 17.00
761	 762	 232	 14.00
761	 793	 203	 19.00
762	 763	 202	 19.00
762	 794	 162	 24.00
763	 764	 179	 13.00
763	 795	 196	 17.00
764	 765	 240	 27.00
764	 796	 162	 26.00
765	 766	 178	 23.00
765	 797	 218	 15.00
766	 767	 161	 21.00
766	 798	 186	 15.00
767	 799	 210	 28.00
768	 769	 172	 16.00
768	 800	 181	 24.00
769	 770	 168	 24.00
769	 801	 170	 13.00
770	 771	 192	 20.00
770	 802	 200	 22.00
771	 772	 175	 25.00
771	 803	 234	 24.00
772	 773	 193	 16.00
772	 804	 217	 23.00
773	 774	 233	 28.00
773	 805	 197	 19.00
774	 775	 220	 14.00
774	 806	 194	 14.00
775	 776	 211	 27.00
775	 807	 185	 27.00
776	 777	 194	 17.00
776	 808	 238	 18.00
777	 778	 206	 13.00
777	 809	 214	 12.00
778	 779	 193	 22.00
778	 810	 226	 15.00
779	 780	 226	 17.00
779	 811	 169	 15.00
780	 781	 237	 15.00
780	 812	 232	 14.00
781	 782	 174	 22.00
781	 813	 230	 22.00
782	 783	 224	 23.00
782	 814	 187	 17.00
783	 784	 179	 27.00
783	 815	 185	 12.00
784	 785	 190	 24.00
784	 816	 173	 24.00
785	 786	 166	 20.00
785	 817	 161	 19.00
786	 787	 235	 22.00
786	 818	 185	 18.00
787	 788	 206	 24.00
787	 819	 206	 14.00
788	 789	 161	 19.00
788	 820	 187	 26.00
789	 790	 180	 19.00
789	 821	 234	 25.00
790	 791	 219	 23.00
790	 822	 162	 24.00
791	 792	 237	 12.00
791	 823	 172	 20.00
792	 793	 207	 19.00
792	 824	 238	 26.00
793	 794	 160	 23.00
793	 825	 175	 15.00
794	 795	 237	 22.00
794	 826	 235	 13.00
795	 796	 232	 27.00
795	 827	 227	 16.00
796	 797	 234	 17.00
796	 828	 200	 14.00
797	 798	 229	 12.00
797	 829	 205	 18.00
798	 799	 205	 23.00
798	 830	 169	 23.00
799	 831	 186	 28.00
800	 801	 207	 14.00
800	 832	 215	 21.00
801	 802	 164	 22.00
801	 833	 232	 20.00
802	 803	 162	 23.00
802	 834	 223	 12.00
803	 804	 230	 23.00
803	 835	 234	 25.00
804	 805	 234	 28.00
804	 836	 162	 21.00
805	 806	 189	 28.00
805	 837	 193	 23.00
806	 807	 160	 24.00
806	 838	 173	 23.00
807	 808	 180	 16.00
807	 839	 218	 15.00
808	 809	 187	 28.00
808	 840	 225	 13.00
809	 810	 235	 17.00
809	 841	 162	 26.00
810	 811	 184	 27.00
810	 842	 198	 28.00
811	 812	 222	 23.00
811	 843	 175	 25.00
812	 813	 184	 26.00
812	 844	 174	 14.00
813	 814	 184	 20.00
813	 845	 169	 13.00
814	 815	 162	 16.00
814	 846	 240	 26.00
815	 816	 177	 20.00
815	 847	 177	 28.00
816	 817	 240	 22.00
816	 848	 208	 17.00
817	 818	 205	 22.00
817	 849	 164	 12.00
818	 819	 166	 15.00
818	 850	 234	 21.00
819	 820	 204	 23.00
819	 851	 229	 13.00
820	 821	 181	 13.00
820	 852	 190	 28.00
821	 822	 200	 28.00
821	 853	 199	 22.00
822	 823	 215	 20.00
822	 854	 162	 16.00
823	 824	 203	 20.00
823	 855	 213	 26.00
824	 825	 205	 26.00
824	 856	 221	 28.00
825	 826	 210	 25.00
825	 857	 227	 14.00
826	 827	 234	 12.00
826	 858	 168	 27.00
827	 828	 219	 27.00
827	 859	 235	 14.00
828	 829	 236	 23.00
828	 860	 195	 22.00
829	 830	 210	 28.00
829	 861	 183	 13.00
830	 831	 234	 17.00
830	 862	 222	 14.00
831	 863	 179	 20.00
832	 833	 178	 23.00
832	 864	 196	 16.00
833	 834	 227	 24.00
833	 865	 197	 25.00
834	 835	 198	 12.00
834	 866	 219	 19.00
835	 836	 166	 25.00
835	 867	 161	 13.00
836	 837	 220	 24.00
836	 868	 233	 22.00
837	 838	 229	 28.00
837	 869	 176	 28.00
838	 839	 199	 26.00
838	 870	 209	 13.00
839	 840	 211	 15.00
839	 871	 171	 19.00
840	 841	 179	 23.00
840	 872	 194	 28.00
841	 842	 211	 27.00
841	 873	 164	 14.00
842	 843	 190	 26.00
842	 874	 227	 25.00
843	 844	 222	 26.00
843	 875	 214	 23.00
844	 845	 179	 27.00
844	 876	 176	 15.00
845	 846	 204	 23.00
845	 877	 161	 13.00
846	 847	 193	 26.00
846	 878	 161	 19.00
847	 848	 222	 24.00
847	 879	 163	 12.00
848	 849	 188	 24.00
848	 880	 165	 26.00
849	 850	 225	 17.00
849	 881	 240	 25.00
850	 851	 221	 22.00
850	 882	 234	 19.00
851	 852	 179	 13.00
851	 883	 174	 13.00
852	 853	 177	 12.00
852	 884	 208	 26.00
853	 854	 198	 26.00
853	 885	 167	 12.00
854	 855	 163	 24.00
854	 886	 184	 23.00
855	 856	 165	 20.00
855	 887	 161	 19.00
856	 857	 163	 22.00
856	 888	 201	 19.00
857	 858	 211	 20.00
857	 889	 199	 13.00
858	 859	 236	 21.00
858	 890	 166	 20.00
859	 860	 201	 22.00
859	 891	 171	 24.00
860	 861	 181	 23.00
860	 892	 194	 16.00
861	 862	 212	 15.00
861	 893	 189	 23.00
862	 863	 218	 25.00
862	 894	 196	 16.00
863	 895	 215	 28.00
864	 865	 215	 15.00
864	 896	 239	 19.00
865	 866	 213	 17.00
865	 897	 223	 15.00
866	 867	 237	 23.00
866	 898	 217	 24.00
867	 868	 184	 18.00
867	 899	 213	 28.00
868	 869	 176	 19.00
868	 900	 174	 17.00
869	 870	 219	 21.00
869	 901	 163	 27.00
870	 871	 209	 15.00
870	 902	 239	 17.00
871	 872	 231	 17.00
871	 903	 210	 20.00
872	 873	 229	 19.00
872	 904	 172	 28.00
873	 874	 232	 19.00
873	 905	 201	 14.00
874	 875	 193	 17.00
874	 906	 198	 21.00
875	 876	 235	 28.00
875	 907	 182	 21.00
876	 877	 225	 19.00
876	 908	 161	 25.00
877	 878	 208	 25.00
877	 909	 216	 25.00
878	 879	 172	 17.00
878	 910	 181	 26.00
879	 880	 240	 13.00
879	 911	 235	 21.00
880	 881	 160	 20.00
880	 912	 213	 27.00
881	 882	 230	 17.00
881	 913	 210	 14.00
882	 883	 162	 22.00
882	 914	 236	 13.00
883	 884	 179	 18.00
883	 915	 187	 26.00
884	 885	 238	 25.00
884	 916	 180	 21.00
885	 886	 196	 12.00
885	 917	 206	 21.00
886	 887	 199	 20.00
886	 918	 207	 21.00
887	 888	 192	 22.00
887	 919	 183	 23.00
888	 889	 215	 16.00
888	 920	 171	 13.00
889	 890	 180	 23.00
889	 921	 191	 19.00
890	 891	 205	 22.00
890	 922	 175	 17.00
891	 892	 188	 19.00
891	 923	 203	 19.00
892	 893	 186	 23.00
892	 924	 227	 19.00
893	 894	 166	 22.00
893	 925	 181	 14.00
894	 895	 177	 25.00
894	 926	 227	 14.00
895	 927	 176	 12.00
896	 897	 221	 27.00
896	 928	 210	 19.00
897	 898	 217	 18.00
897	 929	 202	 18.00
898	 899	 171	 13.00
898	 930	 160	 15.00
899	 900	 189	 21.00
899	 931	 231	 23.00
900	 901	 202	 17.00
900	 932	 212	 20.00
901	 902	 224	 14.00
901	 933	 177	 20.00
902	 903	 186	 20.00
902	 934	 208	 21.00
903	 904	 214	 20.00
903	 935	 194	 14.00
904	 905	 234	 25.00
904	 936	 214	 18.00
905	 906	 198	 15.00
905	 937	 168	 27.00
906	 907	 211	 26.00
906	 938	 236	 25.00
907	 908	 205	 16.00
907	 939	 214	 14.00
908	 909	 224	 23.00
908	 940	 189	 23.00
909	 910	 213	 21.00
909	 941	 235	 24.00
910	 911	 186	 19.00
910	 942	 209	 14.00
911	 912	 160	 17.00
911	 943	 196	 27.00
912	 913	 199	 21.00
912	 944	 228	 21.00
913	 914	 176	 20.00
913	 945	 181	 14.00
914	 915	 177	 26.00
914	 946	 206	 22.00
915	 916	 199	 25.00
915	 947	 206	 17.00
916	 917	 213	 24.00
916	 948	 168	 13.00
917	 918	 196	 18.00
917	 949	 216	 23.00
918	 919	 184	 21.00
918	 950	 215	 16.00
919	 920	 238	 21.00
919	 951	 205	 13.00
920	 921	 208	 27.00
920	 952	 182	 14.00
921	 922	 232	 17.00
921	 953	 177	 25.00
922	 923	 219	 27.00
922	 954	 184	 27.00
923	 924	 224	 16.00
923	 955	 186	 13.00
924	 925	 211	 22.00
924	 956	 163	 18.00
925	 926	 179	 14.00
925	 957	 230	 26.00
926	 927	 234	 19.00
926	 958	 211	 23.00
927	 959	 198	 20.00
928	 929	 188	 27.00
928	 960	 188	 21.00
929	 930	 181	 20.00
929	 961	 196	 13.00
930	 931	 235	 12.00
930	 962	 167	 17.00
931	 932	 166	 17.00
931	 963	 220	 15.00
932	 933	 239	 22.00
932	 964	 197	 22.00
933	 934	 165	 18.00
933	 965	 167	 24.00
934	 935	 220	 26.00
934	 966	 185	 21.00
935	 936	 174	 18.00
935	 967	 184	 15.00
936	 937	 191	 27.00
936	 968	 203	 26.00
937	 938	 178	 28.00
937	 969	 187	 13.00
938	 939	 197	 21.00
938	 970	 209	 12.00
939	 940	 169	 27.00
939	 971	 234	 25.00
940	 941	 169	 25.00
940	 972	 231	 22.00
941	 942	 168	 21.00
941	 973	 211	 24.00
942	 943	 239	 12.00
942	 974	 204	 23.00
943	 944	 186	 20.00
943	 975	 190	 23.00
944	 945	 211	 25.00
944	 976	 186	 20.00
945	 946	 221	 20.00
945	 977	 240	 16.00
946	 947	 209	 24.00
946	 978	 177	 26.00
947	 948	 213	 14.00
947	 979	 170	 20.00
948	 949	 163	 14.00
948	 980	 161	 27.00
949	 950	 230	 20.00
949	 981	 190	 13.00
950	 951	 207	 17.00
950	 982	 227	 18.00
951	 952	 218	 26.00
951	 983	 236	 28.00
952	 953	 230	 27.00
952	 984	 232	 12.00
953	 954	 203	 16.00
953	 985	 240	 19.00
954	 955	 173	 15.00
954	 986	 184	 25.00
955	 956	 213	 26.00
955	 987	 209	 25.00
956	 957	 204	 25.00
956	 988	 215	 27.00
957	 958	 206	 22.00
957	 989	 164	 19.00
958	 959	 164	 12.00
958	 990	 224	 20.00
959	 991	 167	 25.00
960	 961	 237	 13.00
960	 992	 192	 15.00
961	 962	 160	 17.00
961	 993	 233	 18.00
962	 963	 172	 24.00
962	 994	 178	 25.00
963	 964	 181	 18.00
963	 995	 175	 19.00
964	 965	 210	 14.00
964	 996	 185	 22.00
965	 966	 162	 13.00
965	 997	 215	 25.00
966	 967	 212	 26.00
966	 998	 171	 17.00
967	 968	 213	 16.00
967	 999	 182	 24.00
968	 969	 219	 26.00
968	 1000	 184	 20.00
969	 970	 232	 17.00
969	 1001	 227	 19.00
970	 971	 180	 13.00
970	 1002	 183	 16.00
971	 972	 211	 14.00
971	 1003	 236	 22.00
972	 973	 187	 22.00
972	 1004	 230	 14.00
973	 974	 231	 28.00
973	 1005	 177	 16.00
974	 975	 160	 21.00
974	 1006	 210	 25.00
975	 976	 209	 28.00
975	 1007	 229	 17.00
976	 977	 180	 25.00
976	 1008	 203	 12.00
977	 978	 225	 22.00
977	 1009	 162	 19.00
978	 979	 167	 23.00
978	 1010	 222	 24.00
979	 980	 224	 23.00
979	 1011	 182	 13.00
980	 981	 176	 16.00
980	 1012	 219	 13.00
981	 982	 236	 13.00
981	 1013	 234	 16.00
982	 983	 167	 25.00
982	 1014	 166	 21.00
983	 984	 224	 20.00
983	 1015	 163	 13.00
984	 985	 228	 24.00
984	 1016	 240	 18.00
985	 986	 166	 16.00
985	 1017	 213	 17.00
986	 987	 227	 28.00
986	 1018	 203	 22.00
987	 988	 218	 23.00
987	 1019	 174	 18.00
988	 989	 229	 24.00
988	 1020	 172	 17.00
989	 990	 164	 13.00
989	 1021	 206	 19.00
990	 991	 178	 26.00
990	 1022	 162	 13.00
991	 1023	 163	 26.00
992	 993	 163	 14.00
993	 994	 163	 19.00
994	 995	 163	 24.00
995	 996	 201	 17.00
996	 997	 174	 26.00
997	 998	 199	 18.00
998	 999	 218	 24.00
999	 1000	 235	 25.00
1000	 1001	 181	 20.00
1001	 1002	 221	 25.00
1002	 1003	 191	 27.00
1003	 1004	 205	 12.00
1004	 1005	 177	 26.00
1005	 1006	 201	 19.00
1006	 1007	 224	 25.00
1007	 1008	 164	 19.00
1008	 1009	 233	 20.00
1009	 1010	 212	 25.00
1010	 1011	 183	 21.00
1011	 1012	 227	 21.00
1012	 1013	 213	 26.00
1013	 1014	 215	 18.00
1014	 1015	 192	 23.00
1015	 1016	 193	 24.00
1016	 1017	 188	 19.00
1017	 1018	 212	 20.00
1018	 1019	 211	 28.00
1019	 1020	 215	 22.00
1020	 1021	 238	 28.00
1021	 1022	 179	 14.00
1022	 1023	 218	 19.00
