1024 	 1488 	 20 	 0.30 
 
-12	-17	0
117	-9	0
161	-16	0
302	-17	0
432	-12	0
458	-14	0
586	19	7
729	31	7
809	26	7
892	-15	7
971	-23	7
1090	5	7
1211	43	7
1272	-10	7
1371	-6	7
1524	13	5
1592	-15	5
1734	-11	5
1787	8	5
1877	17	5
2005	3	5
2130	3	5
2190	-25	5
2289	36	3
2408	43	3
2511	-36	3
2578	-4	3
2699	-32	3
2816	-10	3
2883	-13	3
2980	-31	3
3065	16	3
-25	96	0
97	101	0
233	138	0
329	66	0
366	109	0
487	106	0
613	105	0
682	127	0
809	64	7
869	96	7
1027	87	7
1111	128	7
1182	91	7
1323	88	7
1380	63	5
1513	100	5
1600	113	5
1664	56	5
1798	111	5
1903	87	5
2001	114	5
2063	84	5
2165	67	5
2283	94	3
2408	118	3
2484	62	3
2580	105	3
2693	105	3
2784	99	3
2920	89	3
2982	94	3
3110	103	3
28	164	0
68	212	0
223	189	0
285	172	0
381	230	0
490	187	0
621	167	0
712	185	0
804	206	7
906	179	7
991	190	7
1129	176	7
1221	210	7
1325	196	7
1415	211	5
1495	225	5
1610	212	5
1678	199	5
1762	197	5
1883	165	5
2008	198	5
2069	188	5
2184	237	5
2261	205	3
2410	200	3
2527	209	3
2608	215	3
2724	218	3
2817	195	3
2888	155	3
3010	211	3
3119	197	3
8	296	0
74	336	0
226	284	0
298	276	0
382	285	0
530	262	0
607	346	0
661	301	0
785	267	0
886	312	7
964	324	7
1102	281	7
1173	303	7
1279	272	7
1366	322	7
1465	334	5
1625	308	5
1732	322	5
1807	300	5
1931	256	5
1972	267	5
2090	296	5
2188	269	3
2292	294	3
2401	322	3
2487	314	3
2563	305	3
2707	283	3
2772	284	3
2898	297	3
2970	335	3
3075	327	3
-28	399	0
110	414	0
171	387	0
299	392	0
414	399	0
511	403	0
562	376	0
718	386	0
834	365	7
909	392	7
1018	403	7
1125	430	7
1211	381	7
1283	386	7
1407	409	5
1460	410	5
1579	386	5
1680	406	5
1791	368	5
1907	428	5
1968	387	5
2093	408	5
2209	385	3
2322	420	3
2392	379	3
2465	385	3
2605	378	3
2706	376	3
2779	407	3
2916	409	3
2995	417	3
3115	361	3
-4	468	0
102	491	0
217	538	0
312	507	0
401	501	0
533	510	0
559	526	0
711	518	0
760	470	0
912	503	7
960	497	7
1131	488	7
1190	522	7
1318	494	7
1409	522	7
1469	482	5
1561	512	5
1684	533	19
1813	517	5
1870	496	5
1963	506	5
2088	483	5
2214	515	5
2307	528	15
2393	500	3
2513	533	3
2623	541	3
2723	499	3
2787	504	3
2857	477	3
2980	507	3
3097	484	3
-8	569	0
112	595	0
198	608	0
325	633	0
402	637	0
471	576	0
623	597	0
691	603	7
800	581	7
923	582	7
986	606	7
1075	581	7
1221	607	7
1276	581	7
1430	590	7
1496	622	5
1604	629	5
1703	577	5
1790	601	5
1904	617	5
2027	614	5
2135	601	5
2183	591	5
2335	580	15
2391	608	6
2509	584	3
2565	595	3
2673	604	3
2798	572	3
2880	603	3
3003	602	3
3100	603	3
-26	712	0
122	664	0
202	705	0
285	693	0
416	722	0
508	707	0
573	669	0
692	710	7
785	700	7
895	693	7
1032	669	7
1067	687	7
1177	746	7
1319	697	7
1404	702	7
1518	682	7
1613	734	13
1713	709	5
1797	736	5
1895	700	5
2010	704	5
2108	701	5
2195	701	15
2279	699	15
2416	697	6
2534	687	6
2594	709	3
2693	696	3
2801	732	3
2875	733	3
3022	716	6
3110	693	3
17	765	0
85	787	0
209	771	0
330	774	0
396	826	0
526	802	11
581	781	11
693	803	11
828	826	7
867	843	7
979	835	7
1136	783	7
1219	792	7
1282	793	7
1367	774	7
1519	804	13
1593	801	13
1727	807	5
1780	825	5
1929	841	5
1988	790	15
2085	808	15
2185	755	15
2329	802	6
2363	786	6
2539	843	6
2624	812	6
2713	827	3
2803	762	3
2917	816	6
3010	822	6
3105	795	6
11	898	11
123	914	11
186	878	0
278	899	11
414	870	11
497	941	11
599	894	11
694	913	11
818	876	11
896	882	7
977	940	7
1110	912	7
1180	911	7
1306	875	13
1398	940	13
1500	866	13
1632	905	13
1691	896	13
1783	902	13
1923	880	5
1988	855	5
2108	905	13
2208	907	6
2286	907	6
2376	920	6
2471	896	6
2603	869	6
2674	871	6
2805	894	6
2864	914	6
3014	900	6
3078	871	6
-27	997	11
86	1032	11
227	1006	11
277	1004	11
417	997	11
516	1015	11
597	1023	11
677	1002	11
816	998	11
869	964	11
1007	988	13
1101	1038	13
1211	959	7
1297	968	13
1437	1006	13
1504	1015	13
1611	1009	13
1661	977	13
1839	1000	13
1905	1039	13
2027	961	13
2108	1009	13
2216	1007	6
2322	971	6
2427	1021	6
2475	1018	6
2597	1026	6
2703	980	6
2805	996	6
2874	1031	6
3039	975	6
3095	963	6
-15	1075	11
116	1105	11
189	1056	11
294	1091	11
375	1082	11
515	1065	11
593	1069	11
731	1100	11
805	1084	11
887	1089	13
1026	1116	13
1135	1105	13
1190	1105	13
1307	1117	13
1400	1109	13
1494	1118	13
1566	1069	13
1698	1100	13
1830	1086	13
1878	1133	13
2012	1089	13
2057	1064	13
2213	1065	6
2329	1090	6
2411	1101	6
2535	1137	6
2601	1108	6
2694	1078	6
2771	1106	6
2885	1139	6
2988	1132	6
3105	1086	6
-19	1192	11
100	1224	11
191	1238	11
321	1209	11
434	1170	11
518	1205	11
579	1206	11
683	1181	11
797	1218	11
881	1237	11
1031	1207	13
1096	1178	13
1187	1181	12
1298	1191	13
1392	1201	12
1496	1210	13
1620	1200	13
1687	1191	13
1800	1225	13
1921	1202	13
1998	1213	13
2080	1219	13
2248	1175	6
2304	1222	6
2363	1171	6
2502	1209	6
2604	1229	6
2701	1186	6
2808	1192	6
2888	1173	6
2975	1179	6
3095	1203	6
30	1294	11
114	1312	11
208	1313	11
258	1323	11
404	1332	11
491	1326	11
629	1326	11
678	1299	11
804	1302	11
883	1287	11
1005	1303	12
1098	1265	12
1193	1309	12
1270	1257	12
1367	1320	12
1497	1320	13
1597	1269	13
1697	1309	13
1820	1260	13
1876	1298	13
1991	1269	13
2104	1292	13
2218	1277	14
2317	1271	6
2396	1285	6
2507	1323	6
2566	1260	6
2659	1306	6
2766	1312	6
2893	1265	4
3004	1290	6
3137	1331	6
-5	1407	11
125	1368	11
198	1421	9
270	1424	11
414	1429	11
489	1410	11
584	1362	11
687	1434	11
828	1388	11
882	1380	11
980	1422	12
1097	1430	12
1222	1416	12
1286	1389	12
1396	1354	12
1503	1381	12
1588	1417	12
1667	1424	13
1794	1404	13
1901	1430	13
1980	1367	13
2145	1382	14
2237	1417	14
2331	1443	6
2368	1362	6
2490	1410	6
2589	1434	4
2687	1400	4
2762	1424	4
2872	1398	4
2997	1415	4
3093	1402	4
-17	1481	11
116	1526	9
214	1499	9
288	1480	11
409	1524	9
479	1523	11
574	1501	9
685	1511	11
783	1540	11
912	1467	11
1007	1465	12
1090	1483	12
1187	1487	12
1319	1502	12
1381	1477	12
1497	1489	12
1608	1480	12
1677	1536	13
1809	1489	13
1871	1535	13
1993	1521	14
2149	1462	14
2187	1515	14
2288	1499	14
2414	1475	6
2488	1481	6
2634	1456	18
2739	1500	4
2815	1503	4
2926	1497	4
2958	1493	4
3122	1463	4
-28	1567	9
99	1610	9
214	1630	9
291	1594	9
405	1607	9
505	1569	9
626	1588	9
712	1583	9
825	1562	11
866	1605	12
988	1585	12
1106	1601	12
1176	1600	12
1336	1581	12
1360	1603	12
1484	1611	12
1603	1620	12
1719	1610	12
1804	1626	13
1861	1584	13
1972	1605	13
2057	1615	14
2216	1574	14
2306	1627	14
2407	1574	4
2502	1631	4
2627	1591	4
2710	1604	4
2813	1610	4
2929	1588	4
3028	1625	4
3079	1612	4
12	1713	9
144	1679	9
237	1688	9
296	1685	9
438	1689	9
491	1664	9
560	1725	9
700	1664	12
829	1682	12
927	1688	12
983	1671	12
1054	1697	12
1226	1711	12
1271	1678	12
1430	1719	12
1482	1723	12
1564	1730	12
1737	1710	12
1753	1713	13
1876	1724	13
2031	1684	14
2125	1697	14
2180	1703	14
2318	1719	14
2400	1724	4
2479	1701	4
2620	1684	4
2700	1685	4
2784	1683	4
2892	1704	4
2996	1719	4
3116	1684	4
-34	1791	9
95	1784	9
227	1768	9
261	1795	9
384	1797	9
523	1796	9
612	1804	9
680	1776	9
776	1770	9
883	1761	12
966	1792	12
1118	1807	12
1203	1802	12
1298	1759	12
1428	1782	12
1481	1803	12
1604	1802	12
1727	1817	13
1783	1842	13
1891	1812	14
1999	1796	14
2107	1772	14
2202	1808	14
2298	1796	4
2420	1816	4
2488	1841	4
2604	1804	4
2667	1813	4
2757	1820	4
2914	1794	4
3017	1814	4
3133	1798	4
-5	1893	9
117	1890	9
222	1900	9
330	1908	9
402	1935	9
488	1910	9
612	1902	9
689	1905	9
818	1895	9
864	1909	9
987	1884	12
1089	1927	12
1193	1918	12
1316	1889	12
1374	1919	12
1504	1898	12
1580	1912	12
1685	1928	12
1778	1901	14
1888	1919	14
1998	1906	14
2118	1882	14
2191	1926	14
2303	1926	4
2386	1888	4
2513	1897	4
2556	1894	4
2688	1893	4
2807	1918	4
2902	1866	4
3004	1920	4
3080	1897	4
-6	1986	9
90	2003	9
190	1986	9
272	2034	9
368	2007	9
465	2016	9
590	1972	9
692	2048	9
790	2027	9
882	2017	9
988	2030	12
1119	1969	12
1182	2027	12
1282	2025	12
1400	1987	12
1518	2005	14
1563	2043	14
1677	1962	12
1831	1982	14
1876	2019	14
1992	2003	14
2120	2037	14
2175	1995	14
2310	1964	4
2428	1986	4
2503	1956	4
2599	1986	4
2708	2001	4
2819	2038	4
2903	1982	4
2985	2037	4
3092	1988	4
39	2107	9
75	2116	9
212	2108	9
319	2083	9
403	2064	9
528	2099	9
563	2116	9
722	2102	9
834	2103	9
885	2087	9
974	2112	16
1079	2138	16
1222	2080	12
1298	2111	16
1414	2093	12
1473	2050	14
1633	2092	14
1657	2111	14
1807	2104	14
1889	2074	14
2031	2096	14
2119	2116	14
2213	2108	14
2279	2094	14
2381	2097	4
2468	2110	4
2625	2087	4
2654	2091	4
2823	2143	4
2895	2070	4
2975	2104	4
3127	2117	4
-3	2179	9
114	2203	9
190	2197	9
273	2203	9
364	2208	9
508	2200	9
609	2236	9
680	2186	9
776	2189	9
900	2198	16
983	2234	16
1103	2230	16
1216	2198	16
1299	2214	16
1381	2200	10
1489	2204	14
1573	2182	14
1674	2156	14
1806	2236	14
1891	2202	14
2012	2169	14
2076	2227	8
2210	2211	14
2279	2189	14
2367	2189	14
2470	2218	14
2619	2159	4
2713	2204	4
2817	2217	2
2918	2205	4
3024	2189	4
3102	2208	4
17	2324	9
121	2271	9
200	2306	1
302	2295	1
423	2307	1
477	2326	1
583	2325	16
721	2291	16
817	2322	16
917	2269	16
1037	2315	10
1089	2282	16
1193	2295	16
1327	2303	10
1396	2321	10
1525	2309	10
1613	2291	14
1689	2317	14
1813	2284	14
1883	2320	8
1975	2257	8
2105	2264	8
2177	2311	8
2309	2278	14
2390	2312	14
2493	2302	14
2617	2336	2
2701	2311	2
2797	2283	2
2891	2274	2
3008	2303	2
3069	2337	2
26	2430	1
123	2354	1
220	2400	1
301	2448	1
414	2405	1
503	2444	1
626	2424	16
707	2379	16
796	2372	16
913	2364	10
963	2383	10
1130	2426	10
1201	2441	10
1299	2403	10
1388	2409	10
1498	2437	10
1614	2438	10
1689	2386	14
1794	2392	8
1921	2414	8
1969	2372	8
2087	2373	8
2162	2423	8
2318	2426	8
2432	2383	14
2496	2399	2
2615	2434	2
2736	2397	2
2786	2377	2
2915	2399	2
3003	2380	2
3128	2366	2
-13	2498	1
88	2547	1
250	2485	1
262	2492	1
438	2522	1
505	2515	1
605	2470	1
656	2452	16
813	2502	10
913	2518	10
1042	2508	10
1093	2505	10
1196	2507	10
1341	2493	10
1369	2536	10
1480	2494	10
1619	2489	10
1743	2491	8
1828	2474	8
1895	2480	8
2017	2508	8
2117	2497	8
2178	2510	8
2289	2496	8
2411	2496	2
2511	2521	2
2569	2493	2
2719	2542	2
2797	2520	2
2887	2528	2
3008	2506	2
3083	2482	2
-7	2597	1
98	2621	1
188	2567	1
317	2587	1
396	2613	1
465	2582	1
574	2631	1
682	2585	1
806	2611	10
885	2602	10
1007	2629	10
1115	2622	10
1196	2604	10
1297	2590	10
1402	2593	10
1492	2617	10
1575	2569	10
1672	2599	10
1794	2587	8
1924	2593	8
1991	2602	8
2091	2558	8
2177	2592	8
2267	2607	8
2380	2582	2
2524	2557	2
2596	2574	2
2731	2579	2
2802	2604	2
2930	2583	2
3021	2625	2
3130	2616	2
-10	2673	1
130	2744	1
196	2697	1
285	2710	1
377	2710	1
519	2678	1
598	2718	1
693	2691	1
795	2697	1
885	2704	10
987	2723	10
1093	2692	10
1238	2679	10
1313	2660	10
1399	2698	10
1486	2686	10
1631	2692	8
1680	2730	8
1795	2713	8
1914	2682	8
1995	2710	8
2115	2706	8
2164	2723	8
2311	2676	2
2421	2674	2
2509	2659	2
2587	2726	2
2726	2672	2
2802	2704	2
2874	2670	2
2960	2722	2
3118	2686	2
3	2834	1
117	2802	1
216	2795	1
315	2799	1
406	2788	1
457	2774	1
602	2767	1
667	2842	1
838	2823	1
905	2784	1
1018	2818	10
1077	2799	10
1234	2819	10
1330	2821	10
1386	2790	10
1482	2820	10
1621	2802	8
1730	2784	17
1810	2785	8
1906	2807	8
2030	2793	8
2106	2802	8
2157	2765	8
2278	2777	2
2408	2760	2
2530	2810	2
2611	2818	2
2710	2774	2
2774	2790	2
2892	2767	2
2981	2795	2
3105	2808	2
-3	2874	1
94	2913	1
207	2916	1
296	2910	1
393	2892	1
499	2861	1
589	2891	1
705	2886	1
792	2937	10
898	2885	10
1032	2902	10
1132	2905	10
1191	2905	10
1295	2907	10
1382	2923	10
1491	2916	8
1619	2896	8
1742	2886	8
1793	2878	8
1893	2882	8
1986	2877	8
2096	2889	8
2196	2933	8
2273	2917	8
2418	2913	2
2521	2908	2
2589	2901	2
2737	2900	2
2821	2917	2
2928	2910	2
2956	2882	2
3104	2880	2
-3	3025	1
109	3028	1
227	2979	1
304	2993	1
405	3000	1
499	2992	1
582	3024	1
700	3000	1
806	3023	10
861	3030	10
1002	3044	10
1125	3018	10
1218	3028	10
1270	3007	10
1396	3032	10
1500	3005	8
1615	3021	8
1738	3032	8
1787	2990	8
1877	2972	8
1956	2998	8
2095	2988	8
2197	3002	8
2299	3018	8
2395	2992	8
2466	2977	2
2621	3012	2
2690	3004	2
2814	3024	2
2885	3006	2
2992	3007	2
3064	2963	2
7	3118	1
122	3110	1
230	3108	1
296	3076	1
415	3095	1
477	3084	1
584	3099	1
723	3104	1
782	3099	10
912	3076	10
1011	3080	10
1095	3076	10
1160	3076	10
1294	3109	10
1398	3101	10
1487	3124	10
1585	3084	10
1708	3084	8
1825	3116	8
1915	3084	8
1998	3094	8
2100	3119	8
2241	3108	8
2328	3112	8
2381	3063	8
2471	3115	8
2609	3078	2
2694	3102	2
2809	3088	2
2910	3126	2
3014	3087	2
3070	3082	2

0 	 1 	264	26.00
0 	 32 	160	20.00
1 	 2 	125	25.00
2 	 3 	269	12.00
2 	 34 	229	19.00
3 	 4 	219	27.00
3 	 35 	207	14.00
4 	 5 	234	19.00
4 	 36 	267	16.00
5 	 6 	251	18.00
6 	 7 	270	23.00
7 	 8 	130	18.00
8 	 9 	144	27.00
8 	 40 	258	13.00
9 	 10 	192	22.00
9 	 41 	181	21.00
10 	 11 	207	15.00
12 	 13 	152	23.00
12 	 44 	272	18.00
13 	 14 	151	13.00
14 	 15 	252	26.00
15 	 16 	143	28.00
15 	 47 	121	26.00
16 	 17 	121	22.00
16 	 48 	171	23.00
17 	 18 	148	26.00
17 	 49 	144	18.00
18 	 19 	241	13.00
18 	 50 	214	28.00
19 	 20 	157	14.00
19 	 51 	122	27.00
20 	 21 	186	22.00
21 	 22 	260	27.00
21 	 53 	231	12.00
22 	 23 	177	21.00
22 	 54 	238	27.00
23 	 24 	154	21.00
23 	 55 	164	13.00
24 	 25 	243	20.00
24 	 56 	225	28.00
25 	 26 	255	22.00
25 	 57 	267	20.00
27 	 28 	143	27.00
27 	 59 	215	23.00
28 	 29 	183	25.00
29 	 30 	124	21.00
29 	 61 	262	21.00
30 	 31 	121	15.00
30 	 62 	220	12.00
31 	 63 	211	24.00
32 	 33 	172	20.00
32 	 64 	228	16.00
33 	 34 	247	26.00
33 	 65 	162	24.00
35 	 36 	247	18.00
36 	 37 	204	14.00
36 	 68 	236	20.00
37 	 38 	140	18.00
37 	 69 	221	12.00
38 	 39 	204	23.00
38 	 70 	236	21.00
39 	 40 	180	15.00
39 	 71 	173	27.00
40 	 41 	138	14.00
40 	 72 	129	13.00
41 	 42 	121	17.00
42 	 43 	150	23.00
42 	 74 	222	17.00
43 	 44 	263	12.00
43 	 75 	167	19.00
44 	 45 	134	12.00
44 	 76 	261	24.00
45 	 46 	198	22.00
46 	 47 	280	16.00
46 	 78 	204	12.00
47 	 48 	246	26.00
47 	 79 	166	25.00
48 	 49 	153	14.00
48 	 80 	225	15.00
49 	 50 	262	24.00
49 	 81 	193	28.00
50 	 51 	138	15.00
50 	 82 	184	12.00
51 	 52 	231	25.00
52 	 53 	141	19.00
52 	 84 	181	13.00
53 	 54 	202	20.00
53 	 85 	244	14.00
54 	 55 	191	12.00
54 	 86 	246	13.00
55 	 56 	214	26.00
55 	 87 	203	18.00
56 	 57 	156	26.00
57 	 58 	263	26.00
57 	 89 	208	18.00
58 	 59 	266	23.00
58 	 90 	210	27.00
60 	 61 	137	26.00
60 	 92 	237	20.00
61 	 62 	180	18.00
61 	 93 	173	25.00
62 	 63 	125	14.00
63 	 95 	165	19.00
64 	 65 	242	28.00
64 	 96 	278	16.00
65 	 66 	280	28.00
65 	 97 	183	27.00
66 	 67 	139	14.00
66 	 98 	162	28.00
67 	 99 	184	22.00
69 	 70 	184	13.00
69 	 101 	135	23.00
70 	 71 	210	19.00
70 	 102 	204	14.00
71 	 72 	278	14.00
72 	 73 	128	15.00
72 	 104 	176	22.00
73 	 74 	151	25.00
73 	 105 	214	20.00
75 	 76 	151	25.00
75 	 107 	136	21.00
76 	 77 	259	28.00
76 	 108 	263	23.00
77 	 78 	171	13.00
78 	 79 	202	28.00
78 	 110 	180	27.00
79 	 80 	149	25.00
79 	 111 	207	17.00
80 	 81 	220	28.00
82 	 83 	188	20.00
82 	 114 	157	28.00
83 	 115 	153	28.00
85 	 86 	192	22.00
85 	 117 	273	26.00
86 	 87 	218	16.00
86 	 118 	130	14.00
87 	 88 	121	16.00
87 	 119 	277	16.00
89 	 90 	218	21.00
89 	 121 	131	27.00
90 	 91 	261	15.00
90 	 122 	258	14.00
91 	 92 	226	17.00
91 	 123 	244	23.00
93 	 94 	237	27.00
93 	 125 	266	21.00
95 	 127 	240	19.00
96 	 97 	149	22.00
96 	 128 	257	23.00
97 	 98 	146	25.00
98 	 99 	133	22.00
100 	 101 	157	25.00
100 	 132 	153	12.00
101 	 102 	206	15.00
101 	 133 	209	17.00
102 	 103 	181	23.00
103 	 104 	135	24.00
104 	 105 	201	27.00
104 	 136 	223	18.00
105 	 106 	205	27.00
106 	 107 	220	20.00
106 	 138 	123	27.00
107 	 108 	253	18.00
107 	 139 	257	19.00
108 	 109 	261	19.00
109 	 110 	163	22.00
109 	 141 	174	22.00
110 	 111 	146	20.00
110 	 142 	235	17.00
111 	 112 	122	12.00
111 	 143 	189	19.00
113 	 114 	213	18.00
113 	 145 	175	21.00
114 	 115 	239	28.00
114 	 146 	169	25.00
115 	 116 	261	20.00
116 	 117 	174	23.00
117 	 118 	169	17.00
117 	 149 	190	15.00
118 	 119 	277	16.00
118 	 150 	218	24.00
119 	 120 	268	22.00
120 	 121 	157	25.00
120 	 152 	216	20.00
121 	 122 	177	20.00
121 	 153 	151	13.00
122 	 123 	239	21.00
122 	 154 	129	27.00
123 	 124 	236	24.00
123 	 155 	263	19.00
125 	 126 	203	21.00
126 	 127 	241	19.00
126 	 158 	191	18.00
127 	 159 	185	26.00
128 	 129 	174	24.00
129 	 130 	167	28.00
129 	 161 	122	12.00
130 	 131 	127	24.00
130 	 162 	174	26.00
131 	 132 	271	12.00
131 	 163 	204	20.00
132 	 133 	178	22.00
132 	 164 	139	21.00
133 	 134 	183	12.00
134 	 135 	129	21.00
135 	 136 	276	26.00
136 	 137 	148	17.00
136 	 168 	223	26.00
138 	 139 	195	18.00
139 	 140 	249	20.00
139 	 171 	280	21.00
140 	 141 	226	26.00
140 	 172 	205	26.00
141 	 142 	259	24.00
141 	 173 	254	26.00
142 	 143 	240	25.00
142 	 174 	184	12.00
143 	 144 	160	13.00
143 	 175 	174	25.00
144 	 145 	248	14.00
144 	 176 	275	23.00
145 	 146 	225	22.00
145 	 177 	134	20.00
146 	 147 	130	17.00
146 	 178 	132	20.00
147 	 148 	248	17.00
147 	 179 	272	22.00
149 	 150 	256	24.00
150 	 151 	143	18.00
151 	 152 	195	16.00
151 	 183 	191	24.00
152 	 153 	273	23.00
152 	 184 	215	21.00
153 	 154 	168	22.00
154 	 155 	264	17.00
154 	 186 	183	14.00
155 	 156 	246	18.00
156 	 157 	251	12.00
156 	 188 	160	25.00
157 	 158 	207	28.00
158 	 159 	205	17.00
159 	 191 	222	17.00
160 	 161 	273	21.00
160 	 192 	263	20.00
161 	 162 	178	28.00
162 	 163 	151	23.00
162 	 194 	192	17.00
163 	 164 	243	13.00
164 	 165 	245	14.00
165 	 166 	249	13.00
165 	 197 	193	16.00
166 	 167 	230	17.00
166 	 198 	236	26.00
167 	 168 	272	25.00
167 	 199 	188	22.00
168 	 169 	195	24.00
168 	 200 	171	25.00
169 	 170 	127	20.00
169 	 201 	186	26.00
170 	 171 	248	18.00
171 	 172 	149	27.00
171 	 203 	244	25.00
172 	 173 	259	22.00
172 	 204 	236	26.00
173 	 174 	246	20.00
173 	 205 	155	14.00
174 	 175 	160	17.00
174 	 206 	187	24.00
176 	 177 	237	22.00
177 	 178 	237	28.00
177 	 209 	248	24.00
179 	 180 	126	24.00
180 	 181 	261	14.00
180 	 212 	251	24.00
181 	 182 	146	17.00
181 	 213 	252	12.00
182 	 183 	273	18.00
182 	 214 	192	22.00
183 	 184 	162	22.00
183 	 215 	185	16.00
184 	 185 	120	16.00
184 	 216 	188	17.00
187 	 188 	127	24.00
187 	 219 	242	12.00
188 	 189 	153	21.00
189 	 190 	180	19.00
189 	 221 	181	20.00
190 	 191 	121	12.00
190 	 222 	207	26.00
191 	 223 	126	15.00
192 	 193 	153	25.00
192 	 224 	164	28.00
193 	 194 	277	12.00
193 	 225 	230	19.00
194 	 195 	151	17.00
194 	 226 	255	15.00
195 	 196 	158	23.00
196 	 197 	147	27.00
197 	 198 	137	17.00
197 	 229 	214	22.00
198 	 199 	171	20.00
199 	 200 	262	16.00
200 	 201 	246	20.00
200 	 232 	131	16.00
201 	 202 	159	21.00
202 	 203 	279	26.00
202 	 234 	230	14.00
203 	 204 	157	13.00
203 	 235 	239	22.00
204 	 205 	135	24.00
204 	 236 	261	25.00
206 	 207 	165	17.00
206 	 238 	225	16.00
207 	 208 	231	16.00
207 	 239 	222	25.00
208 	 209 	210	25.00
209 	 210 	258	17.00
209 	 241 	149	17.00
210 	 211 	190	16.00
210 	 242 	191	16.00
211 	 243 	148	23.00
213 	 214 	248	25.00
213 	 245 	263	22.00
214 	 215 	215	21.00
214 	 246 	161	21.00
215 	 216 	232	17.00
215 	 247 	135	19.00
217 	 218 	194	13.00
217 	 249 	237	27.00
218 	 219 	168	19.00
218 	 250 	186	12.00
219 	 220 	167	14.00
219 	 251 	244	23.00
220 	 221 	236	13.00
220 	 252 	221	25.00
221 	 222 	143	20.00
221 	 253 	241	22.00
222 	 223 	184	28.00
223 	 255 	205	20.00
224 	 225 	278	26.00
225 	 226 	164	18.00
226 	 227 	256	27.00
227 	 228 	142	15.00
227 	 259 	231	16.00
228 	 229 	205	23.00
228 	 260 	221	27.00
229 	 230 	216	12.00
229 	 261 	176	25.00
230 	 231 	236	25.00
231 	 232 	233	18.00
231 	 263 	179	14.00
232 	 233 	202	23.00
233 	 234 	171	16.00
234 	 235 	228	27.00
234 	 266 	248	24.00
235 	 236 	139	28.00
235 	 267 	129	19.00
237 	 238 	192	18.00
237 	 269 	277	14.00
238 	 239 	166	13.00
238 	 270 	193	17.00
239 	 240 	235	22.00
240 	 241 	238	19.00
242 	 243 	138	21.00
242 	 274 	212	17.00
243 	 244 	133	22.00
243 	 275 	246	14.00
244 	 245 	200	22.00
244 	 276 	145	14.00
245 	 246 	173	13.00
245 	 277 	132	14.00
246 	 247 	179	24.00
247 	 248 	154	28.00
247 	 279 	146	14.00
248 	 249 	214	13.00
249 	 250 	178	12.00
249 	 281 	148	25.00
250 	 251 	131	25.00
250 	 282 	128	26.00
251 	 252 	169	14.00
252 	 253 	206	26.00
253 	 254 	126	19.00
253 	 285 	157	27.00
254 	 255 	154	27.00
256 	 257 	180	25.00
256 	 288 	255	19.00
257 	 258 	252	12.00
257 	 289 	172	12.00
258 	 259 	205	21.00
259 	 260 	133	18.00
259 	 291 	149	22.00
262 	 263 	277	22.00
262 	 294 	195	16.00
263 	 264 	183	15.00
263 	 295 	143	13.00
264 	 265 	211	14.00
264 	 296 	221	18.00
266 	 267 	250	16.00
267 	 268 	251	22.00
267 	 299 	158	28.00
268 	 269 	222	17.00
268 	 300 	128	14.00
269 	 270 	146	15.00
269 	 301 	190	15.00
270 	 271 	172	26.00
271 	 272 	160	25.00
271 	 303 	134	19.00
273 	 274 	147	13.00
274 	 275 	204	23.00
274 	 306 	252	24.00
275 	 276 	226	19.00
275 	 307 	214	12.00
276 	 277 	250	28.00
276 	 308 	126	13.00
277 	 278 	162	21.00
278 	 279 	167	12.00
278 	 310 	179	15.00
279 	 280 	262	17.00
280 	 281 	160	20.00
280 	 312 	241	12.00
281 	 282 	253	13.00
283 	 284 	236	26.00
283 	 315 	272	20.00
284 	 285 	123	12.00
285 	 286 	262	17.00
285 	 317 	174	23.00
286 	 287 	181	16.00
286 	 318 	123	13.00
288 	 289 	208	20.00
288 	 320 	262	16.00
289 	 290 	221	28.00
290 	 291 	173	16.00
290 	 322 	154	13.00
292 	 293 	145	23.00
292 	 324 	215	15.00
293 	 294 	135	19.00
294 	 295 	155	12.00
294 	 326 	126	12.00
295 	 296 	141	25.00
295 	 327 	195	18.00
296 	 297 	238	17.00
296 	 328 	158	13.00
297 	 298 	155	16.00
298 	 299 	257	22.00
298 	 330 	225	25.00
299 	 300 	130	22.00
299 	 331 	203	20.00
300 	 301 	148	14.00
300 	 332 	169	15.00
301 	 302 	255	26.00
301 	 333 	254	28.00
302 	 303 	161	13.00
303 	 304 	131	23.00
303 	 335 	218	16.00
304 	 305 	182	26.00
304 	 336 	180	19.00
305 	 306 	192	27.00
305 	 337 	273	27.00
306 	 307 	268	12.00
307 	 308 	211	22.00
307 	 339 	145	17.00
308 	 309 	211	28.00
308 	 340 	265	24.00
309 	 310 	165	19.00
310 	 311 	189	16.00
310 	 342 	200	21.00
311 	 312 	220	16.00
311 	 343 	172	16.00
312 	 313 	176	14.00
313 	 314 	219	14.00
313 	 345 	231	16.00
314 	 315 	144	16.00
315 	 316 	219	25.00
317 	 318 	263	19.00
318 	 319 	188	17.00
318 	 350 	225	25.00
319 	 351 	188	15.00
320 	 321 	275	25.00
320 	 352 	132	24.00
321 	 322 	268	18.00
321 	 353 	264	24.00
322 	 323 	125	21.00
322 	 354 	158	27.00
323 	 324 	238	26.00
323 	 355 	235	27.00
324 	 325 	146	15.00
325 	 326 	152	13.00
326 	 327 	135	23.00
327 	 328 	222	25.00
327 	 359 	275	20.00
328 	 329 	159	12.00
329 	 330 	245	13.00
330 	 331 	173	19.00
330 	 362 	185	23.00
331 	 332 	140	12.00
331 	 363 	247	23.00
332 	 333 	253	22.00
333 	 334 	262	21.00
333 	 365 	162	19.00
334 	 335 	155	26.00
334 	 366 	252	24.00
335 	 336 	185	15.00
335 	 367 	132	12.00
336 	 337 	203	19.00
337 	 338 	254	14.00
337 	 369 	222	12.00
338 	 339 	243	18.00
338 	 370 	225	19.00
339 	 340 	280	25.00
340 	 341 	204	13.00
340 	 372 	153	21.00
341 	 342 	177	20.00
341 	 373 	168	22.00
342 	 343 	234	25.00
342 	 374 	127	17.00
343 	 344 	164	22.00
343 	 375 	192	22.00
344 	 345 	184	19.00
344 	 376 	163	20.00
345 	 346 	208	16.00
347 	 348 	241	27.00
347 	 379 	258	24.00
348 	 349 	236	26.00
349 	 350 	164	26.00
350 	 351 	198	20.00
351 	 383 	143	15.00
352 	 353 	152	12.00
352 	 384 	240	12.00
353 	 354 	201	26.00
353 	 385 	246	14.00
354 	 355 	142	24.00
354 	 386 	148	25.00
355 	 356 	179	15.00
355 	 387 	239	19.00
356 	 357 	200	12.00
357 	 358 	191	23.00
357 	 389 	254	23.00
359 	 360 	264	22.00
360 	 361 	157	21.00
360 	 392 	138	22.00
361 	 362 	204	15.00
361 	 393 	280	22.00
362 	 363 	249	28.00
363 	 364 	155	26.00
363 	 395 	172	24.00
364 	 365 	264	21.00
365 	 366 	147	17.00
365 	 397 	234	18.00
366 	 367 	176	18.00
366 	 398 	209	13.00
367 	 368 	200	13.00
368 	 369 	172	23.00
368 	 400 	265	19.00
369 	 370 	187	28.00
369 	 401 	132	20.00
370 	 371 	129	18.00
370 	 402 	263	18.00
371 	 372 	173	23.00
371 	 403 	252	19.00
372 	 373 	159	21.00
372 	 404 	231	25.00
373 	 374 	139	17.00
374 	 375 	137	23.00
374 	 406 	276	26.00
375 	 376 	259	22.00
375 	 407 	235	26.00
376 	 377 	219	27.00
376 	 408 	211	19.00
377 	 378 	277	25.00
377 	 409 	266	23.00
378 	 379 	210	23.00
378 	 410 	205	13.00
379 	 380 	221	19.00
379 	 411 	206	28.00
380 	 381 	146	17.00
380 	 412 	275	22.00
381 	 382 	259	12.00
381 	 413 	261	27.00
382 	 383 	247	17.00
383 	 415 	202	24.00
384 	 385 	276	16.00
384 	 416 	143	25.00
385 	 386 	195	18.00
385 	 417 	122	27.00
387 	 388 	193	25.00
387 	 419 	229	12.00
388 	 389 	163	16.00
389 	 390 	222	14.00
389 	 421 	134	23.00
390 	 391 	180	19.00
390 	 422 	211	19.00
391 	 392 	228	21.00
391 	 423 	131	24.00
392 	 393 	253	27.00
392 	 424 	158	22.00
393 	 394 	217	27.00
393 	 425 	279	27.00
394 	 395 	159	22.00
395 	 396 	273	20.00
395 	 427 	225	12.00
396 	 397 	253	13.00
396 	 428 	231	16.00
397 	 398 	231	18.00
397 	 429 	200	19.00
398 	 399 	225	15.00
398 	 430 	213	20.00
399 	 400 	120	22.00
399 	 431 	234	27.00
400 	 401 	206	23.00
400 	 432 	140	25.00
401 	 402 	156	26.00
401 	 433 	273	26.00
402 	 403 	267	19.00
402 	 434 	240	18.00
403 	 404 	123	23.00
403 	 435 	180	22.00
404 	 405 	274	21.00
404 	 436 	240	12.00
405 	 406 	148	22.00
405 	 437 	276	27.00
406 	 407 	158	12.00
407 	 408 	127	21.00
407 	 439 	256	19.00
408 	 409 	270	22.00
408 	 440 	182	18.00
409 	 410 	251	18.00
410 	 411 	238	21.00
410 	 442 	153	19.00
411 	 412 	189	18.00
411 	 443 	227	25.00
412 	 413 	186	15.00
412 	 444 	238	14.00
413 	 414 	275	17.00
413 	 445 	203	22.00
414 	 415 	153	22.00
414 	 446 	159	20.00
415 	 447 	227	21.00
416 	 417 	255	21.00
416 	 448 	147	24.00
417 	 418 	200	21.00
417 	 449 	139	28.00
418 	 419 	156	19.00
418 	 450 	191	13.00
419 	 420 	224	15.00
420 	 421 	207	22.00
420 	 452 	190	27.00
421 	 422 	208	13.00
421 	 453 	148	21.00
422 	 423 	154	20.00
422 	 454 	221	28.00
423 	 424 	254	21.00
423 	 455 	276	26.00
424 	 425 	168	15.00
424 	 456 	127	15.00
425 	 426 	234	28.00
427 	 428 	271	16.00
428 	 429 	144	18.00
429 	 430 	265	13.00
430 	 462 	120	20.00
432 	 433 	179	28.00
432 	 464 	158	21.00
433 	 434 	238	21.00
433 	 465 	271	16.00
434 	 435 	122	19.00
434 	 466 	155	12.00
435 	 436 	159	19.00
435 	 467 	181	15.00
436 	 437 	144	19.00
438 	 439 	189	16.00
438 	 470 	177	15.00
439 	 440 	218	24.00
439 	 471 	221	23.00
440 	 441 	254	21.00
440 	 472 	192	12.00
441 	 442 	208	14.00
441 	 473 	132	27.00
442 	 443 	170	17.00
442 	 474 	168	28.00
443 	 444 	220	14.00
443 	 475 	134	23.00
445 	 477 	158	15.00
447 	 479 	265	28.00
448 	 449 	175	20.00
448 	 480 	125	21.00
449 	 450 	182	18.00
449 	 481 	129	22.00
450 	 451 	232	19.00
450 	 482 	248	13.00
451 	 452 	259	24.00
451 	 483 	274	28.00
452 	 453 	251	14.00
452 	 484 	259	17.00
453 	 454 	251	25.00
454 	 455 	235	14.00
454 	 486 	121	23.00
455 	 456 	271	15.00
455 	 487 	268	20.00
456 	 457 	188	13.00
456 	 488 	122	28.00
457 	 458 	146	17.00
457 	 489 	198	24.00
458 	 459 	220	26.00
458 	 490 	249	13.00
459 	 460 	140	23.00
459 	 491 	210	25.00
460 	 461 	153	22.00
460 	 492 	207	17.00
461 	 462 	223	13.00
461 	 493 	170	15.00
462 	 463 	210	26.00
462 	 494 	134	19.00
463 	 464 	220	24.00
463 	 495 	144	22.00
464 	 465 	139	28.00
464 	 496 	254	13.00
465 	 466 	192	15.00
466 	 467 	212	26.00
466 	 498 	163	27.00
468 	 469 	141	25.00
468 	 500 	136	22.00
469 	 470 	217	27.00
470 	 471 	252	27.00
470 	 502 	220	28.00
471 	 472 	151	17.00
472 	 473 	196	15.00
474 	 475 	174	13.00
475 	 476 	121	26.00
475 	 507 	176	23.00
477 	 478 	175	24.00
477 	 509 	188	25.00
478 	 479 	150	25.00
478 	 510 	275	22.00
479 	 511 	208	15.00
480 	 481 	246	17.00
480 	 512 	147	27.00
481 	 482 	203	20.00
481 	 513 	141	18.00
482 	 483 	216	12.00
482 	 514 	215	17.00
483 	 484 	182	25.00
484 	 485 	179	23.00
485 	 486 	130	19.00
486 	 487 	226	22.00
486 	 518 	228	23.00
487 	 488 	141	15.00
488 	 489 	178	16.00
490 	 491 	167	21.00
493 	 494 	247	13.00
494 	 495 	157	16.00
494 	 526 	268	15.00
495 	 496 	220	28.00
496 	 497 	205	20.00
496 	 528 	235	13.00
499 	 500 	257	16.00
500 	 501 	228	26.00
500 	 532 	126	26.00
502 	 503 	211	27.00
502 	 534 	189	15.00
503 	 504 	231	21.00
503 	 535 	212	28.00
504 	 505 	203	21.00
504 	 536 	155	28.00
505 	 506 	273	13.00
508 	 509 	272	20.00
509 	 510 	160	19.00
509 	 541 	133	22.00
510 	 511 	204	28.00
510 	 542 	249	23.00
512 	 513 	149	13.00
512 	 544 	190	18.00
513 	 514 	177	22.00
513 	 545 	142	15.00
514 	 515 	128	12.00
514 	 546 	179	13.00
515 	 516 	248	16.00
515 	 547 	143	22.00
516 	 517 	144	25.00
516 	 548 	179	26.00
518 	 519 	126	16.00
518 	 550 	246	18.00
519 	 520 	123	15.00
521 	 522 	200	24.00
521 	 553 	192	26.00
522 	 523 	258	12.00
522 	 554 	266	22.00
523 	 524 	125	15.00
523 	 555 	171	24.00
524 	 525 	135	14.00
524 	 556 	140	14.00
525 	 526 	245	14.00
525 	 557 	164	12.00
526 	 527 	235	16.00
526 	 558 	182	28.00
527 	 528 	148	19.00
528 	 529 	280	13.00
528 	 560 	150	17.00
530 	 531 	252	25.00
530 	 562 	148	19.00
531 	 532 	160	28.00
531 	 563 	190	28.00
532 	 533 	207	27.00
532 	 564 	148	14.00
533 	 534 	247	24.00
533 	 565 	212	17.00
534 	 535 	219	16.00
534 	 566 	154	19.00
535 	 536 	227	20.00
535 	 567 	168	15.00
536 	 537 	178	20.00
537 	 538 	143	24.00
537 	 569 	187	12.00
538 	 539 	274	12.00
538 	 570 	127	13.00
540 	 541 	129	28.00
540 	 572 	264	20.00
541 	 542 	162	16.00
541 	 573 	216	24.00
542 	 543 	240	21.00
542 	 574 	208	22.00
545 	 546 	176	21.00
546 	 547 	257	12.00
546 	 578 	234	12.00
547 	 548 	146	18.00
549 	 550 	201	16.00
550 	 551 	131	22.00
550 	 582 	212	20.00
551 	 552 	204	27.00
551 	 583 	241	26.00
552 	 553 	178	14.00
552 	 584 	125	13.00
553 	 554 	194	16.00
554 	 555 	199	13.00
555 	 556 	216	23.00
556 	 557 	204	24.00
556 	 588 	196	21.00
557 	 558 	212	17.00
558 	 559 	177	20.00
558 	 590 	135	27.00
559 	 560 	210	19.00
559 	 591 	245	25.00
560 	 561 	199	25.00
565 	 566 	209	15.00
565 	 597 	133	25.00
566 	 567 	265	12.00
566 	 598 	156	23.00
567 	 568 	211	14.00
567 	 599 	279	19.00
568 	 569 	215	17.00
568 	 600 	180	19.00
569 	 570 	124	22.00
571 	 572 	193	19.00
571 	 603 	227	18.00
572 	 573 	181	17.00
572 	 604 	132	16.00
573 	 574 	155	14.00
575 	 607 	239	17.00
576 	 577 	184	20.00
576 	 608 	241	22.00
578 	 579 	151	19.00
578 	 610 	211	14.00
579 	 580 	156	13.00
579 	 611 	241	23.00
580 	 581 	126	19.00
580 	 612 	154	28.00
581 	 582 	266	16.00
581 	 613 	164	27.00
582 	 583 	210	13.00
582 	 614 	238	16.00
584 	 585 	165	24.00
585 	 586 	268	13.00
585 	 617 	220	28.00
586 	 587 	221	12.00
586 	 618 	136	26.00
587 	 588 	222	19.00
587 	 619 	227	17.00
588 	 589 	278	28.00
588 	 620 	156	25.00
589 	 590 	261	28.00
589 	 621 	228	14.00
590 	 591 	260	22.00
591 	 592 	245	15.00
591 	 623 	130	27.00
592 	 593 	152	23.00
592 	 624 	221	15.00
593 	 594 	191	14.00
593 	 625 	262	13.00
594 	 595 	238	15.00
594 	 626 	191	24.00
595 	 596 	173	26.00
595 	 627 	129	25.00
596 	 597 	192	12.00
597 	 598 	275	28.00
598 	 599 	227	27.00
598 	 630 	196	24.00
599 	 600 	152	21.00
600 	 601 	257	16.00
600 	 632 	231	20.00
601 	 602 	274	17.00
601 	 633 	269	14.00
603 	 604 	153	25.00
604 	 605 	195	28.00
604 	 636 	150	13.00
605 	 606 	133	12.00
605 	 637 	279	26.00
606 	 607 	243	26.00
606 	 638 	154	27.00
608 	 609 	255	28.00
608 	 640 	243	23.00
609 	 610 	220	23.00
610 	 611 	219	24.00
611 	 612 	138	28.00
612 	 613 	185	21.00
613 	 614 	173	22.00
614 	 615 	154	15.00
614 	 646 	246	12.00
615 	 616 	168	21.00
616 	 617 	249	20.00
616 	 648 	222	28.00
617 	 618 	144	17.00
618 	 619 	240	14.00
618 	 650 	255	26.00
619 	 620 	146	26.00
619 	 651 	189	27.00
620 	 621 	179	16.00
620 	 652 	273	19.00
621 	 622 	134	18.00
621 	 653 	223	25.00
622 	 623 	274	19.00
622 	 654 	134	26.00
623 	 624 	203	19.00
623 	 655 	183	18.00
624 	 625 	220	22.00
625 	 626 	206	18.00
625 	 657 	191	21.00
626 	 627 	198	17.00
626 	 658 	120	27.00
627 	 628 	123	15.00
627 	 659 	277	27.00
628 	 629 	246	15.00
628 	 660 	171	14.00
629 	 630 	209	18.00
630 	 631 	212	17.00
630 	 662 	234	28.00
631 	 632 	149	23.00
632 	 633 	132	12.00
633 	 634 	248	17.00
634 	 635 	244	26.00
634 	 666 	189	18.00
635 	 636 	140	12.00
636 	 637 	247	18.00
637 	 638 	194	15.00
637 	 669 	176	24.00
638 	 639 	147	12.00
640 	 641 	250	14.00
641 	 642 	222	14.00
641 	 673 	183	19.00
642 	 643 	227	16.00
643 	 644 	208	26.00
644 	 645 	205	22.00
644 	 676 	187	25.00
646 	 647 	167	13.00
646 	 678 	175	15.00
647 	 648 	175	12.00
648 	 649 	178	23.00
648 	 680 	267	27.00
649 	 650 	233	14.00
649 	 681 	206	21.00
650 	 651 	157	22.00
650 	 682 	257	16.00
651 	 652 	275	25.00
651 	 683 	214	26.00
652 	 653 	140	21.00
652 	 684 	198	15.00
653 	 654 	153	21.00
653 	 685 	151	23.00
654 	 655 	222	21.00
654 	 686 	193	16.00
655 	 656 	146	26.00
655 	 687 	184	13.00
656 	 657 	279	24.00
657 	 658 	171	18.00
657 	 689 	270	26.00
658 	 659 	149	18.00
658 	 690 	268	24.00
659 	 660 	138	27.00
659 	 691 	251	22.00
660 	 661 	225	15.00
660 	 692 	162	20.00
662 	 663 	147	25.00
662 	 694 	158	25.00
663 	 664 	190	17.00
664 	 665 	202	16.00
665 	 666 	140	22.00
666 	 667 	148	18.00
668 	 669 	179	16.00
668 	 700 	164	18.00
669 	 670 	273	12.00
669 	 701 	260	24.00
670 	 671 	241	26.00
671 	 703 	259	21.00
672 	 673 	168	13.00
672 	 704 	143	24.00
673 	 674 	201	27.00
674 	 675 	235	22.00
675 	 676 	162	23.00
676 	 677 	190	19.00
676 	 708 	120	12.00
677 	 678 	205	28.00
677 	 709 	155	17.00
678 	 679 	279	12.00
678 	 710 	142	25.00
679 	 680 	230	14.00
679 	 711 	271	21.00
681 	 682 	234	17.00
681 	 713 	279	26.00
682 	 683 	141	13.00
683 	 684 	275	16.00
683 	 715 	230	24.00
685 	 686 	164	26.00
685 	 717 	146	17.00
686 	 687 	162	13.00
686 	 718 	143	17.00
687 	 688 	226	28.00
687 	 719 	258	13.00
688 	 689 	197	27.00
688 	 720 	152	12.00
689 	 690 	135	22.00
689 	 721 	271	18.00
690 	 691 	274	23.00
691 	 692 	160	24.00
693 	 694 	156	27.00
693 	 725 	272	28.00
694 	 695 	158	22.00
694 	 726 	128	13.00
695 	 696 	183	16.00
695 	 727 	130	25.00
696 	 697 	147	14.00
697 	 698 	237	20.00
697 	 729 	192	20.00
698 	 699 	204	22.00
698 	 730 	276	28.00
701 	 702 	252	23.00
702 	 703 	122	24.00
702 	 734 	138	27.00
703 	 735 	196	22.00
704 	 705 	159	20.00
704 	 736 	244	28.00
705 	 706 	178	13.00
705 	 737 	213	13.00
706 	 707 	160	28.00
707 	 708 	279	17.00
707 	 739 	269	14.00
708 	 709 	133	27.00
708 	 740 	198	14.00
709 	 710 	147	20.00
710 	 711 	280	15.00
710 	 742 	250	20.00
711 	 712 	126	13.00
711 	 743 	246	12.00
712 	 713 	246	26.00
712 	 744 	164	23.00
713 	 714 	250	19.00
713 	 745 	193	18.00
714 	 715 	190	26.00
715 	 716 	145	23.00
716 	 717 	234	20.00
716 	 748 	224	26.00
717 	 718 	128	24.00
718 	 719 	172	27.00
718 	 750 	189	16.00
719 	 720 	211	19.00
720 	 721 	259	27.00
720 	 752 	151	24.00
721 	 722 	132	18.00
722 	 723 	239	12.00
723 	 724 	262	15.00
723 	 755 	201	16.00
724 	 725 	215	19.00
725 	 726 	280	28.00
725 	 757 	193	21.00
726 	 727 	219	20.00
726 	 758 	175	22.00
727 	 728 	263	27.00
727 	 759 	128	14.00
728 	 729 	253	17.00
728 	 760 	234	16.00
729 	 730 	163	16.00
730 	 731 	145	13.00
730 	 762 	271	14.00
731 	 732 	147	28.00
731 	 763 	265	22.00
732 	 733 	150	12.00
733 	 734 	226	24.00
733 	 765 	155	26.00
734 	 735 	160	22.00
735 	 767 	242	27.00
736 	 737 	222	26.00
736 	 768 	165	15.00
737 	 738 	130	21.00
738 	 739 	231	26.00
738 	 770 	268	13.00
740 	 741 	199	17.00
741 	 742 	201	24.00
742 	 743 	230	13.00
742 	 774 	253	12.00
743 	 744 	172	19.00
743 	 775 	249	27.00
744 	 745 	141	17.00
744 	 776 	138	19.00
745 	 746 	143	20.00
746 	 747 	269	25.00
746 	 778 	123	22.00
747 	 748 	200	20.00
747 	 779 	130	28.00
748 	 749 	245	12.00
749 	 750 	133	19.00
749 	 781 	276	23.00
750 	 751 	203	24.00
751 	 752 	254	16.00
751 	 783 	149	12.00
752 	 753 	253	15.00
752 	 784 	260	14.00
753 	 754 	268	27.00
754 	 755 	140	20.00
754 	 786 	139	26.00
755 	 756 	266	13.00
755 	 787 	120	24.00
756 	 757 	146	24.00
757 	 758 	276	13.00
757 	 789 	175	18.00
758 	 759 	238	23.00
759 	 760 	193	28.00
759 	 791 	209	24.00
760 	 761 	156	17.00
761 	 762 	120	27.00
761 	 793 	163	15.00
764 	 765 	261	12.00
764 	 796 	217	16.00
765 	 766 	171	26.00
766 	 767 	158	14.00
766 	 798 	142	23.00
767 	 799 	234	25.00
768 	 769 	126	17.00
769 	 770 	152	21.00
770 	 771 	161	13.00
771 	 772 	269	19.00
771 	 803 	178	20.00
772 	 773 	248	28.00
773 	 774 	122	20.00
773 	 805 	259	22.00
774 	 775 	176	22.00
774 	 806 	244	18.00
775 	 776 	140	25.00
775 	 807 	230	28.00
776 	 777 	243	25.00
776 	 808 	164	20.00
777 	 778 	218	13.00
777 	 809 	272	20.00
778 	 779 	233	28.00
778 	 810 	266	15.00
780 	 781 	182	18.00
781 	 782 	131	23.00
781 	 813 	198	24.00
782 	 783 	136	18.00
782 	 814 	198	19.00
783 	 784 	131	28.00
783 	 815 	217	13.00
784 	 785 	175	20.00
784 	 816 	177	13.00
785 	 786 	138	14.00
785 	 817 	132	22.00
786 	 787 	226	21.00
787 	 788 	217	12.00
788 	 789 	156	22.00
789 	 790 	182	16.00
790 	 791 	210	12.00
791 	 792 	280	15.00
792 	 793 	173	14.00
793 	 794 	120	27.00
793 	 825 	271	25.00
794 	 795 	221	21.00
794 	 826 	251	28.00
795 	 796 	135	13.00
796 	 797 	144	23.00
797 	 798 	176	20.00
797 	 829 	184	16.00
798 	 799 	231	15.00
800 	 801 	129	12.00
800 	 832 	167	21.00
801 	 802 	206	27.00
801 	 833 	156	26.00
802 	 803 	234	25.00
802 	 834 	219	23.00
803 	 804 	216	22.00
803 	 835 	162	24.00
804 	 805 	251	12.00
804 	 836 	193	16.00
805 	 806 	278	24.00
806 	 807 	280	27.00
806 	 838 	127	16.00
807 	 808 	132	26.00
808 	 809 	207	23.00
808 	 840 	250	23.00
810 	 811 	138	19.00
810 	 842 	219	26.00
811 	 812 	224	27.00
811 	 843 	185	14.00
812 	 813 	195	18.00
812 	 844 	194	26.00
813 	 814 	261	27.00
814 	 815 	155	15.00
814 	 846 	132	13.00
815 	 816 	161	12.00
816 	 817 	187	17.00
816 	 848 	182	26.00
817 	 818 	226	22.00
817 	 849 	249	25.00
818 	 819 	127	24.00
819 	 820 	192	23.00
819 	 851 	224	23.00
820 	 821 	215	21.00
820 	 852 	188	26.00
821 	 822 	180	26.00
822 	 823 	276	28.00
823 	 824 	203	19.00
823 	 855 	219	15.00
824 	 825 	178	15.00
824 	 856 	210	13.00
825 	 826 	165	13.00
825 	 857 	258	15.00
826 	 827 	188	18.00
827 	 828 	169	19.00
828 	 829 	156	23.00
828 	 860 	218	25.00
829 	 830 	130	18.00
829 	 861 	139	13.00
830 	 831 	166	14.00
830 	 862 	199	28.00
832 	 833 	146	20.00
832 	 864 	241	28.00
833 	 834 	175	25.00
833 	 865 	256	13.00
834 	 835 	204	28.00
835 	 836 	155	12.00
836 	 837 	173	20.00
836 	 868 	127	13.00
837 	 838 	243	22.00
837 	 869 	272	15.00
838 	 839 	206	12.00
838 	 870 	248	12.00
839 	 840 	240	28.00
839 	 871 	259	24.00
841 	 842 	238	22.00
842 	 843 	200	12.00
842 	 874 	121	14.00
843 	 844 	160	15.00
844 	 845 	139	13.00
845 	 877 	256	23.00
847 	 848 	196	12.00
848 	 849 	224	22.00
848 	 880 	185	13.00
849 	 850 	225	23.00
850 	 851 	224	20.00
850 	 882 	235	21.00
851 	 852 	280	23.00
852 	 853 	224	19.00
853 	 854 	186	28.00
853 	 885 	275	25.00
854 	 855 	146	23.00
854 	 886 	193	20.00
855 	 856 	200	15.00
856 	 857 	142	24.00
856 	 888 	188	24.00
857 	 858 	138	20.00
857 	 889 	150	19.00
858 	 859 	145	20.00
858 	 890 	252	25.00
859 	 860 	173	12.00
859 	 891 	277	23.00
861 	 862 	170	25.00
861 	 893 	256	22.00
862 	 863 	151	28.00
862 	 894 	264	26.00
863 	 895 	238	14.00
864 	 865 	151	21.00
865 	 866 	192	22.00
865 	 897 	127	18.00
866 	 867 	241	24.00
866 	 898 	171	26.00
867 	 868 	267	26.00
869 	 870 	233	26.00
869 	 901 	205	22.00
870 	 871 	186	15.00
871 	 872 	223	26.00
872 	 873 	267	14.00
872 	 904 	231	28.00
874 	 875 	227	13.00
874 	 906 	164	21.00
875 	 876 	130	27.00
876 	 877 	210	20.00
876 	 908 	252	17.00
877 	 878 	233	24.00
878 	 879 	269	26.00
878 	 910 	196	23.00
879 	 880 	261	12.00
879 	 911 	174	19.00
880 	 881 	231	28.00
881 	 882 	233	25.00
881 	 913 	198	17.00
882 	 883 	180	23.00
882 	 914 	259	13.00
884 	 885 	153	12.00
884 	 916 	141	26.00
885 	 886 	154	21.00
885 	 917 	205	28.00
887 	 888 	184	14.00
887 	 919 	180	17.00
888 	 889 	245	22.00
888 	 920 	122	28.00
889 	 890 	220	18.00
890 	 891 	232	27.00
890 	 922 	138	14.00
891 	 892 	212	27.00
891 	 923 	167	14.00
893 	 894 	218	25.00
893 	 925 	140	15.00
894 	 895 	245	21.00
896 	 897 	205	27.00
896 	 928 	181	22.00
897 	 898 	236	23.00
897 	 929 	166	13.00
898 	 899 	155	18.00
898 	 930 	164	26.00
899 	 900 	178	16.00
900 	 901 	186	27.00
901 	 902 	228	14.00
901 	 933 	271	16.00
903 	 904 	250	28.00
903 	 935 	274	20.00
904 	 905 	211	12.00
904 	 936 	196	18.00
905 	 906 	139	28.00
905 	 937 	135	22.00
906 	 907 	211	21.00
906 	 938 	233	16.00
907 	 908 	215	23.00
907 	 939 	140	12.00
908 	 909 	217	22.00
910 	 911 	208	14.00
911 	 912 	251	17.00
912 	 913 	170	21.00
912 	 944 	267	25.00
913 	 914 	153	18.00
913 	 945 	201	22.00
914 	 915 	155	17.00
914 	 946 	167	21.00
915 	 916 	143	28.00
917 	 918 	209	21.00
917 	 949 	229	27.00
918 	 919 	139	25.00
919 	 920 	142	17.00
919 	 951 	244	22.00
920 	 921 	122	21.00
921 	 922 	235	27.00
921 	 953 	211	13.00
922 	 923 	201	19.00
923 	 924 	275	12.00
924 	 925 	278	14.00
924 	 956 	274	20.00
925 	 926 	211	24.00
925 	 957 	228	17.00
926 	 927 	175	27.00
926 	 958 	261	22.00
928 	 929 	249	25.00
929 	 930 	214	14.00
929 	 961 	235	23.00
930 	 931 	271	18.00
930 	 962 	154	24.00
931 	 932 	198	25.00
931 	 963 	167	22.00
932 	 933 	177	20.00
932 	 964 	230	27.00
934 	 935 	185	12.00
934 	 966 	165	18.00
935 	 967 	279	14.00
937 	 938 	174	20.00
937 	 969 	177	21.00
938 	 939 	192	19.00
938 	 970 	230	20.00
939 	 940 	221	27.00
941 	 942 	173	21.00
942 	 943 	188	28.00
942 	 974 	199	13.00
943 	 944 	228	24.00
944 	 945 	164	26.00
944 	 976 	191	14.00
945 	 946 	199	23.00
946 	 947 	272	12.00
947 	 948 	223	17.00
948 	 949 	279	27.00
948 	 980 	232	17.00
949 	 950 	219	21.00
949 	 981 	255	15.00
950 	 951 	268	12.00
952 	 953 	271	15.00
952 	 984 	271	15.00
953 	 954 	236	23.00
953 	 985 	156	17.00
954 	 955 	268	18.00
954 	 986 	275	26.00
955 	 956 	230	23.00
956 	 957 	150	13.00
956 	 988 	277	25.00
957 	 958 	170	28.00
957 	 989 	273	28.00
958 	 959 	156	20.00
958 	 990 	252	19.00
959 	 991 	230	22.00
960 	 961 	125	17.00
962 	 963 	132	22.00
962 	 994 	129	13.00
963 	 964 	253	28.00
963 	 995 	252	12.00
964 	 965 	184	25.00
965 	 966 	201	13.00
965 	 997 	258	19.00
966 	 967 	222	23.00
967 	 968 	273	22.00
967 	 999 	140	14.00
968 	 969 	200	16.00
968 	 1000 	124	18.00
969 	 970 	274	13.00
969 	 1001 	164	15.00
970 	 971 	174	18.00
971 	 972 	120	19.00
972 	 973 	222	28.00
972 	 1004 	193	22.00
973 	 974 	198	22.00
974 	 975 	260	26.00
974 	 1006 	203	18.00
975 	 976 	180	13.00
975 	 1007 	255	17.00
977 	 978 	169	19.00
977 	 1009 	237	25.00
978 	 979 	188	23.00
978 	 1010 	222	14.00
979 	 980 	152	21.00
981 	 982 	208	21.00
981 	 1013 	128	19.00
982 	 983 	279	18.00
982 	 1014 	141	28.00
983 	 984 	124	19.00
983 	 1015 	162	13.00
984 	 985 	277	12.00
985 	 986 	246	12.00
985 	 1017 	278	27.00
986 	 987 	196	16.00
987 	 988 	138	17.00
988 	 989 	138	19.00
988 	 1020 	258	16.00
989 	 990 	257	16.00
989 	 1021 	192	26.00
990 	 991 	192	26.00
990 	 1022 	183	18.00
991 	 1023 	266	26.00
992 	 993 	157	14.00
993 	 994 	241	19.00
995 	 996 	198	13.00
997 	 998 	171	22.00
999 	 1000 	271	13.00
1002 	 1003 	158	16.00
1003 	 1004 	202	24.00
1005 	 1006 	198	16.00
1006 	 1007 	140	28.00
1007 	 1008 	267	20.00
1008 	 1009 	180	25.00
1009 	 1010 	210	15.00
1010 	 1011 	213	23.00
1011 	 1012 	123	23.00
1013 	 1014 	214	22.00
1014 	 1015 	274	19.00
1015 	 1016 	266	26.00
1017 	 1018 	249	18.00
1018 	 1019 	205	23.00
1019 	 1020 	224	17.00
1020 	 1021 	147	21.00
1021 	 1022 	210	18.00
1022 	 1023 	243	21.00
