1024 	 1488 	 20 	 0.30 
 
-21	23	0
82	-10	0
204	28	0
291	7	0
426	5	0
486	-46	0
568	12	0
717	-7	0
775	-12	0
876	-33	10
966	-5	10
1104	-1	10
1180	14	10
1311	-8	10
1396	-20	10
1484	-10	10
1632	-34	8
1739	18	8
1816	-14	8
1883	-22	8
1988	26	8
2141	-4	8
2226	13	8
2258	29	8
2407	44	8
2500	-35	3
2595	-13	3
2703	-14	3
2826	-21	3
2887	-9	3
3022	-29	3
3074	-13	3
-23	84	0
103	93	0
235	99	0
284	92	0
370	86	0
502	89	0
618	113	0
682	88	0
784	101	10
882	117	10
1015	72	10
1111	102	10
1185	84	10
1289	74	10
1382	108	10
1480	90	10
1613	101	8
1683	64	8
1788	109	8
1909	110	8
1981	91	8
2074	92	8
2213	66	8
2330	68	3
2412	131	3
2512	71	3
2594	116	3
2668	95	3
2777	91	3
2933	87	3
2981	119	3
3120	107	3
-2	181	0
82	200	0
205	232	0
304	184	0
400	204	0
491	186	0
633	174	0
707	173	0
781	222	0
914	206	10
1033	162	10
1146	158	10
1226	207	10
1321	231	10
1413	207	10
1498	225	10
1636	216	8
1701	198	8
1753	172	8
1860	164	8
2008	196	8
2068	178	8
2224	234	8
2263	212	3
2371	197	3
2528	206	3
2612	195	3
2703	181	3
2839	173	3
2905	163	3
3008	211	3
3113	164	3
-5	310	0
104	343	0
213	303	0
304	292	0
386	314	0
504	284	0
623	298	0
706	284	0
765	283	0
936	300	10
956	321	10
1080	295	10
1172	312	10
1269	260	10
1415	295	10
1499	328	8
1588	311	8
1726	343	8
1795	282	8
1884	272	8
1960	257	8
2124	312	8
2209	303	8
2263	284	3
2368	319	3
2475	299	3
2593	266	3
2717	293	3
2794	300	3
2898	272	3
3009	328	3
3080	300	3
0	368	0
108	397	0
213	372	0
295	399	0
385	393	0
543	400	0
598	354	0
731	379	10
793	368	0
891	414	10
1014	398	10
1105	434	10
1200	374	10
1304	365	10
1397	414	10
1488	387	10
1588	400	8
1680	416	8
1821	397	8
1888	409	8
2003	387	8
2125	399	8
2211	396	3
2337	392	3
2394	386	3
2478	365	3
2568	404	3
2682	386	3
2796	426	3
2899	427	3
3011	380	3
3091	371	3
-40	472	0
106	474	0
185	501	0
297	537	0
393	527	0
503	494	0
583	512	0
730	513	10
793	498	10
891	532	10
990	511	10
1095	496	10
1208	524	10
1314	486	10
1405	521	10
1502	516	10
1558	483	8
1698	490	8
1771	535	8
1884	506	8
1973	515	8
2132	496	8
2201	526	8
2268	498	8
2393	523	8
2493	524	3
2603	491	3
2694	519	3
2810	536	3
2896	504	3
2986	530	3
3131	492	3
-10	585	0
111	604	0
220	616	0
294	638	0
414	629	0
466	620	0
605	559	0
699	577	0
807	603	10
917	607	10
976	611	10
1083	597	10
1237	599	10
1291	579	10
1409	602	10
1497	632	10
1638	627	8
1728	584	8
1788	578	8
1885	593	8
2023	589	8
2093	577	8
2217	599	8
2329	604	8
2367	614	3
2524	626	3
2606	625	3
2674	572	3
2826	593	3
2855	609	3
3008	621	3
3094	568	3
-37	730	11
117	676	0
179	670	0
292	691	0
424	724	0
505	667	0
591	672	0
725	728	17
796	705	17
914	703	10
1036	690	10
1097	683	10
1215	737	10
1316	682	10
1390	689	10
1513	711	10
1613	697	16
1724	672	8
1804	749	8
1903	715	8
1988	677	8
2138	737	8
2197	696	8
2304	696	18
2408	710	18
2492	709	5
2628	731	3
2698	704	3
2789	711	3
2894	747	3
3024	702	3
3123	738	5
-5	810	11
80	802	11
191	786	11
332	777	0
413	816	0
511	809	0
592	785	11
709	811	11
834	807	12
895	836	12
1000	842	10
1116	815	10
1232	778	10
1291	793	10
1388	774	10
1497	810	12
1594	766	16
1721	818	16
1785	812	14
1931	825	14
2033	782	8
2082	803	8
2179	788	8
2302	822	8
2363	810	5
2537	834	5
2581	840	5
2737	835	3
2843	762	3
2884	781	3
3028	801	5
3108	820	5
9	876	11
85	904	11
208	888	11
269	884	11
400	917	11
494	942	11
612	901	11
715	893	11
809	883	11
898	864	12
983	902	12
1146	898	12
1183	904	10
1294	889	10
1415	918	12
1520	910	12
1612	870	12
1685	910	14
1806	898	14
1900	906	8
1959	867	8
2074	889	14
2193	890	8
2297	900	5
2397	878	5
2486	915	5
2618	864	5
2682	896	5
2785	908	5
2899	887	5
3020	892	5
3102	875	5
-46	1032	11
81	1026	11
222	1006	11
305	1005	11
442	975	11
509	1004	11
601	991	11
671	989	11
804	968	11
855	971	12
975	989	12
1096	1040	12
1196	964	12
1295	1001	12
1411	1011	12
1472	1019	12
1602	978	12
1683	976	12
1816	1027	14
1880	993	14
1998	986	14
2136	993	14
2221	971	5
2312	969	5
2429	1034	5
2483	999	5
2614	1012	5
2706	978	5
2845	981	5
2862	1035	5
3041	994	5
3081	967	5
6	1073	11
87	1110	11
178	1053	11
288	1099	11
417	1090	11
502	1095	11
602	1105	11
701	1083	11
825	1062	12
910	1117	12
997	1112	12
1138	1090	12
1194	1117	12
1288	1098	12
1413	1127	12
1473	1087	12
1568	1067	12
1743	1102	12
1824	1096	14
1868	1134	14
1975	1089	14
2099	1094	14
2228	1079	14
2299	1095	5
2437	1096	5
2492	1123	5
2633	1123	5
2714	1123	5
2786	1130	5
2879	1112	5
3031	1132	5
3125	1086	5
23	1187	11
100	1241	11
210	1236	11
304	1206	11
389	1161	11
484	1177	11
601	1208	11
676	1180	11
789	1207	11
906	1229	12
1040	1210	12
1106	1175	12
1153	1166	12
1253	1160	12
1383	1211	12
1468	1222	12
1598	1181	12
1682	1199	12
1807	1198	14
1919	1180	14
2031	1172	14
2112	1216	14
2232	1203	14
2298	1216	5
2407	1178	5
2493	1193	5
2585	1224	5
2686	1156	5
2799	1193	5
2894	1177	5
2975	1203	5
3067	1195	5
-4	1319	11
108	1320	11
214	1285	11
287	1322	11
406	1337	11
487	1306	11
624	1311	11
671	1275	11
834	1265	12
912	1291	12
985	1273	12
1101	1284	12
1211	1308	12
1284	1259	12
1391	1330	12
1509	1292	12
1598	1290	14
1698	1280	14
1787	1287	14
1899	1318	14
1985	1296	14
2086	1302	14
2209	1277	14
2305	1282	5
2368	1319	14
2515	1330	5
2589	1273	5
2683	1275	5
2804	1313	5
2918	1296	5
3033	1293	5
3126	1318	5
-28	1427	11
117	1402	11
176	1374	11
279	1423	11
426	1439	11
486	1425	11
594	1398	11
674	1421	11
824	1410	11
899	1381	12
972	1402	12
1097	1405	12
1191	1435	12
1264	1368	12
1410	1364	12
1510	1414	14
1610	1415	14
1697	1435	14
1813	1406	14
1907	1443	14
1978	1402	14
2134	1400	14
2244	1418	14
2333	1440	14
2393	1402	14
2500	1379	5
2621	1404	5
2668	1427	5
2765	1421	5
2876	1416	5
3003	1433	5
3089	1406	5
-3	1497	9
135	1489	9
213	1469	11
292	1495	11
391	1499	11
495	1530	11
565	1460	11
701	1504	11
774	1512	13
920	1485	12
1015	1470	12
1129	1530	12
1186	1522	12
1311	1475	12
1416	1495	12
1481	1509	12
1588	1472	14
1700	1497	14
1772	1487	14
1905	1493	14
2020	1516	14
2119	1490	14
2201	1510	14
2290	1537	7
2437	1486	7
2510	1472	7
2603	1490	7
2707	1505	5
2842	1506	5
2932	1520	5
2990	1530	5
3106	1506	7
3	1561	9
62	1620	9
219	1607	9
316	1633	9
413	1628	9
498	1591	9
606	1622	11
693	1598	11
838	1588	13
870	1611	13
965	1570	12
1060	1580	12
1202	1586	12
1328	1556	12
1364	1637	12
1483	1625	13
1598	1612	13
1735	1619	14
1797	1608	14
1899	1574	14
1982	1638	14
2101	1630	14
2225	1556	14
2312	1589	7
2423	1585	7
2486	1647	7
2593	1578	5
2686	1616	5
2773	1615	7
2911	1590	7
2989	1599	7
3076	1595	7
14	1693	9
125	1675	9
215	1668	9
296	1703	9
432	1732	9
494	1663	9
604	1682	9
675	1679	13
835	1683	13
886	1682	13
994	1674	13
1098	1691	12
1235	1700	13
1296	1689	13
1411	1704	13
1509	1726	13
1559	1683	13
1728	1697	13
1763	1736	14
1882	1727	14
2024	1697	14
2138	1693	14
2193	1688	14
2314	1741	7
2413	1723	7
2506	1692	7
2609	1724	7
2668	1717	7
2772	1701	7
2894	1698	7
3014	1717	7
3111	1696	7
-27	1811	9
99	1784	9
218	1805	9
261	1782	9
398	1802	9
489	1781	9
589	1842	9
716	1815	9
795	1808	9
896	1772	13
991	1815	13
1126	1778	13
1189	1779	13
1255	1806	13
1395	1774	13
1504	1842	13
1592	1821	13
1698	1799	13
1815	1838	14
1919	1814	14
2034	1776	14
2098	1798	14
2232	1820	7
2284	1844	7
2408	1820	7
2463	1842	7
2564	1819	7
2712	1810	7
2789	1806	7
2928	1796	7
3005	1840	7
3140	1818	7
29	1907	9
104	1866	9
189	1894	9
344	1918	9
404	1922	9
491	1917	9
619	1904	9
699	1879	9
803	1884	9
893	1887	13
968	1900	13
1084	1929	13
1198	1927	13
1322	1879	13
1390	1930	13
1493	1941	13
1596	1940	13
1690	1941	13
1808	1886	13
1897	1887	14
1999	1896	14
2087	1904	14
2200	1912	7
2309	1896	7
2378	1881	7
2499	1914	7
2556	1920	7
2670	1909	7
2804	1914	7
2879	1856	7
3020	1915	7
3120	1876	7
22	1987	9
75	1992	9
185	2004	9
301	1998	9
377	2043	9
460	2002	9
572	2002	9
694	2007	9
754	2008	9
875	1989	13
997	2041	13
1100	1998	13
1181	2005	13
1305	1988	13
1427	1968	13
1488	2005	13
1563	2037	13
1680	1981	13
1802	2009	14
1879	1998	14
1988	1999	14
2115	2015	15
2213	2000	15
2332	1961	15
2403	2005	7
2547	1970	7
2590	1971	7
2682	1990	7
2838	2028	7
2895	1976	7
2983	2047	7
3062	2021	7
11	2068	9
118	2112	9
197	2108	9
288	2107	9
380	2065	9
533	2106	9
583	2104	9
730	2109	9
813	2089	9
866	2102	9
1009	2084	13
1066	2107	13
1217	2093	13
1298	2130	13
1407	2106	13
1493	2076	13
1628	2055	13
1686	2104	13
1825	2131	15
1892	2081	15
2006	2066	15
2122	2112	15
2183	2094	15
2275	2112	15
2393	2089	7
2483	2073	7
2605	2088	7
2696	2081	7
2832	2099	7
2883	2062	7
2979	2097	7
3114	2126	7
-36	2161	9
98	2214	9
176	2203	9
285	2195	9
394	2194	9
484	2193	9
623	2201	9
666	2212	9
791	2157	9
932	2178	13
1021	2202	13
1073	2218	13
1213	2166	13
1256	2212	6
1395	2176	13
1469	2175	13
1575	2177	13
1673	2177	15
1801	2211	15
1893	2184	15
1992	2190	15
2096	2195	15
2201	2167	15
2287	2198	15
2368	2184	7
2461	2189	7
2614	2150	7
2716	2191	7
2845	2215	2
2943	2193	7
3037	2185	7
3091	2210	2
-10	2301	9
101	2300	9
240	2306	9
331	2274	1
429	2315	1
474	2317	1
619	2329	9
710	2290	9
823	2329	13
888	2314	13
1035	2326	6
1115	2315	6
1209	2286	6
1317	2307	6
1431	2306	6
1524	2301	13
1604	2308	13
1692	2283	15
1827	2317	4
1908	2294	4
1971	2271	15
2088	2273	4
2170	2279	4
2282	2300	4
2415	2338	7
2465	2271	7
2568	2335	2
2692	2313	2
2837	2283	2
2891	2316	2
2979	2295	2
3089	2325	2
15	2426	9
112	2372	9
201	2400	1
308	2422	1
406	2360	1
502	2439	1
604	2421	1
738	2364	13
779	2394	13
917	2384	6
965	2406	6
1128	2383	6
1207	2413	6
1285	2380	6
1386	2413	6
1474	2439	6
1624	2408	13
1733	2396	4
1776	2378	4
1898	2429	4
1967	2391	4
2082	2384	4
2167	2415	4
2285	2406	4
2436	2405	2
2508	2373	2
2591	2396	2
2735	2419	2
2816	2401	2
2915	2378	2
2988	2370	19
3119	2365	2
-11	2500	9
90	2510	1
226	2473	1
276	2495	1
439	2493	1
502	2493	1
569	2499	1
699	2467	1
818	2497	6
890	2510	6
1029	2502	6
1121	2468	6
1193	2466	6
1331	2477	6
1381	2530	6
1475	2509	6
1620	2474	6
1730	2502	6
1823	2490	4
1916	2495	4
1968	2495	4
2126	2479	4
2187	2494	4
2268	2493	4
2423	2530	2
2484	2490	2
2597	2501	2
2673	2548	2
2806	2502	2
2903	2536	2
3016	2471	2
3123	2503	2
29	2593	1
74	2593	1
198	2581	1
274	2575	1
385	2589	1
483	2577	1
589	2586	1
689	2594	1
803	2616	6
896	2571	6
1044	2644	6
1097	2609	6
1184	2582	6
1283	2596	6
1388	2622	6
1532	2594	6
1575	2605	6
1685	2595	4
1783	2593	4
1944	2608	4
2011	2589	4
2065	2602	4
2207	2604	4
2287	2566	4
2386	2599	2
2495	2586	2
2605	2614	2
2695	2567	2
2832	2568	2
2911	2591	2
3009	2608	2
3141	2597	2
22	2696	1
114	2713	1
232	2701	1
272	2696	1
414	2695	1
481	2687	1
572	2683	1
708	2719	1
833	2717	6
891	2706	6
1008	2713	6
1087	2726	6
1204	2657	6
1308	2685	6
1416	2673	6
1536	2704	6
1620	2717	4
1709	2690	4
1792	2696	4
1923	2702	4
1986	2719	4
2112	2747	4
2196	2710	4
2289	2677	2
2405	2665	2
2516	2660	2
2552	2708	2
2686	2669	2
2799	2693	2
2860	2703	2
2981	2710	2
3084	2709	2
0	2826	1
114	2791	1
210	2830	1
322	2768	1
437	2796	1
483	2767	1
560	2772	1
686	2839	1
826	2830	1
921	2781	6
1024	2817	6
1109	2782	6
1208	2793	6
1305	2817	6
1391	2810	6
1466	2800	6
1625	2845	4
1729	2766	4
1790	2799	4
1887	2814	4
2028	2789	4
2105	2818	4
2183	2768	4
2282	2763	4
2386	2798	2
2496	2834	2
2609	2786	2
2684	2787	2
2806	2795	2
2882	2783	2
3005	2758	2
3075	2779	2
4	2920	1
63	2885	1
183	2924	1
309	2931	1
416	2902	1
494	2868	1
598	2901	1
702	2889	1
786	2928	1
890	2872	6
1024	2916	6
1088	2863	6
1206	2939	6
1332	2862	6
1409	2938	6
1529	2929	4
1610	2898	4
1706	2912	4
1837	2878	4
1879	2889	4
2002	2854	4
2095	2886	4
2193	2913	4
2284	2899	4
2407	2918	2
2483	2886	2
2597	2908	2
2736	2900	2
2832	2905	2
2918	2885	2
2983	2921	2
3121	2899	2
2	2996	1
71	3003	1
213	2985	1
306	2988	1
396	3000	1
477	2991	1
613	3004	1
725	3034	1
798	2988	1
883	3004	1
1017	3029	6
1114	2992	6
1194	2994	6
1268	2983	6
1406	3009	6
1505	2988	4
1630	3031	4
1726	3028	4
1788	3024	4
1902	2979	4
1999	3013	4
2080	2971	4
2155	3030	4
2299	2988	4
2411	3008	4
2487	2993	2
2611	3025	2
2687	3021	2
2826	3016	2
2885	3000	2
3031	3024	2
3085	3002	2
30	3141	1
145	3095	1
226	3083	1
259	3122	1
436	3081	1
497	3096	1
579	3107	1
713	3099	1
804	3123	1
945	3100	6
982	3070	6
1071	3085	6
1165	3099	6
1309	3111	6
1392	3087	6
1504	3107	6
1582	3084	4
1709	3089	4
1809	3093	4
1890	3070	4
2012	3127	4
2079	3101	4
2207	3120	4
2311	3066	4
2402	3070	4
2503	3106	4
2597	3126	2
2722	3110	2
2775	3083	2
2891	3130	2
3011	3087	2
3076	3086	2

0 	 1 	232	21.00
0 	 32 	123	21.00
1 	 2 	180	12.00
2 	 3 	205	24.00
2 	 34 	249	14.00
3 	 4 	277	16.00
3 	 35 	250	18.00
4 	 5 	204	22.00
4 	 36 	214	15.00
5 	 6 	125	24.00
6 	 7 	192	23.00
7 	 8 	180	14.00
8 	 9 	215	20.00
8 	 40 	238	14.00
9 	 10 	232	16.00
9 	 41 	169	15.00
10 	 11 	129	12.00
12 	 13 	238	24.00
12 	 44 	245	14.00
13 	 14 	141	24.00
14 	 15 	253	15.00
15 	 16 	168	17.00
15 	 47 	130	26.00
16 	 17 	143	20.00
16 	 48 	243	16.00
17 	 18 	177	20.00
17 	 49 	160	27.00
18 	 19 	224	26.00
18 	 50 	133	28.00
19 	 20 	145	12.00
19 	 51 	255	23.00
20 	 21 	124	25.00
21 	 22 	254	14.00
21 	 53 	200	16.00
22 	 23 	210	17.00
22 	 54 	232	16.00
23 	 24 	261	24.00
23 	 55 	148	27.00
24 	 25 	234	23.00
24 	 56 	146	26.00
25 	 26 	201	18.00
25 	 57 	203	19.00
27 	 28 	197	26.00
27 	 59 	254	19.00
28 	 29 	274	16.00
29 	 30 	250	17.00
29 	 61 	241	21.00
30 	 31 	223	18.00
30 	 62 	166	18.00
31 	 63 	187	19.00
32 	 33 	136	17.00
32 	 64 	206	22.00
33 	 34 	245	28.00
33 	 65 	275	23.00
35 	 36 	203	16.00
36 	 37 	271	19.00
36 	 68 	129	19.00
37 	 38 	227	19.00
37 	 69 	123	14.00
38 	 39 	123	27.00
38 	 70 	208	15.00
39 	 40 	241	13.00
39 	 71 	126	19.00
40 	 41 	241	24.00
40 	 72 	273	22.00
41 	 42 	187	22.00
42 	 43 	279	18.00
42 	 74 	145	15.00
43 	 44 	273	21.00
43 	 75 	232	18.00
44 	 45 	271	14.00
44 	 76 	257	27.00
45 	 46 	279	14.00
46 	 47 	173	12.00
46 	 78 	243	25.00
47 	 48 	196	17.00
47 	 79 	204	18.00
48 	 49 	155	23.00
48 	 80 	231	16.00
49 	 50 	228	13.00
49 	 81 	254	25.00
50 	 51 	140	22.00
50 	 82 	241	13.00
51 	 52 	268	15.00
52 	 53 	147	19.00
52 	 84 	177	12.00
53 	 54 	231	22.00
53 	 85 	240	22.00
54 	 55 	235	14.00
54 	 86 	227	20.00
55 	 56 	225	27.00
55 	 87 	189	16.00
56 	 57 	139	21.00
57 	 58 	122	15.00
57 	 89 	135	16.00
58 	 59 	194	28.00
58 	 90 	237	19.00
60 	 61 	141	15.00
60 	 92 	211	20.00
61 	 62 	188	14.00
61 	 93 	250	24.00
62 	 63 	260	18.00
63 	 95 	172	22.00
64 	 65 	207	27.00
64 	 96 	248	18.00
65 	 66 	216	28.00
65 	 97 	248	13.00
66 	 67 	173	17.00
66 	 98 	241	24.00
67 	 99 	185	14.00
69 	 70 	270	26.00
69 	 101 	236	18.00
70 	 71 	249	15.00
70 	 102 	133	27.00
71 	 72 	248	20.00
72 	 73 	256	28.00
72 	 104 	215	17.00
73 	 74 	240	24.00
73 	 105 	155	28.00
75 	 76 	269	15.00
75 	 107 	244	17.00
76 	 77 	193	17.00
76 	 108 	140	23.00
77 	 78 	187	15.00
78 	 79 	254	28.00
78 	 110 	165	22.00
79 	 80 	173	19.00
79 	 111 	239	26.00
80 	 81 	220	16.00
82 	 83 	229	27.00
82 	 114 	169	16.00
83 	 115 	171	24.00
85 	 86 	194	25.00
85 	 117 	166	15.00
86 	 87 	164	26.00
86 	 118 	272	21.00
87 	 88 	150	25.00
87 	 119 	177	28.00
89 	 90 	259	12.00
89 	 121 	122	14.00
90 	 91 	193	23.00
90 	 122 	211	15.00
91 	 92 	262	17.00
91 	 123 	230	24.00
93 	 94 	205	18.00
93 	 125 	267	24.00
95 	 127 	236	17.00
96 	 97 	173	21.00
96 	 128 	157	25.00
97 	 98 	156	13.00
98 	 99 	212	16.00
100 	 101 	244	18.00
100 	 132 	131	25.00
101 	 102 	247	16.00
101 	 133 	275	24.00
102 	 103 	242	26.00
103 	 104 	259	13.00
104 	 105 	201	22.00
104 	 136 	160	25.00
105 	 106 	128	15.00
106 	 107 	228	13.00
106 	 138 	180	19.00
107 	 108 	271	21.00
107 	 139 	196	16.00
108 	 109 	254	18.00
109 	 110 	126	25.00
109 	 141 	157	23.00
110 	 111 	138	26.00
110 	 142 	160	18.00
111 	 112 	146	22.00
111 	 143 	146	18.00
113 	 114 	132	18.00
113 	 145 	238	17.00
114 	 115 	160	25.00
114 	 146 	138	17.00
115 	 116 	239	22.00
116 	 117 	130	16.00
117 	 118 	184	22.00
117 	 149 	231	13.00
118 	 119 	143	18.00
118 	 150 	147	25.00
119 	 120 	219	25.00
120 	 121 	216	13.00
120 	 152 	133	15.00
121 	 122 	174	26.00
121 	 153 	145	16.00
122 	 123 	225	12.00
122 	 154 	260	19.00
123 	 124 	162	20.00
123 	 155 	254	26.00
125 	 126 	143	19.00
126 	 127 	268	13.00
126 	 158 	175	27.00
127 	 159 	162	18.00
128 	 129 	163	19.00
129 	 130 	198	23.00
129 	 161 	279	12.00
130 	 131 	153	18.00
130 	 162 	225	27.00
131 	 132 	246	17.00
131 	 163 	218	18.00
132 	 133 	189	16.00
132 	 164 	253	23.00
133 	 134 	224	22.00
134 	 135 	208	22.00
135 	 136 	120	15.00
136 	 137 	127	16.00
136 	 168 	233	18.00
138 	 139 	188	18.00
139 	 140 	157	22.00
139 	 171 	121	23.00
140 	 141 	180	21.00
140 	 172 	192	19.00
141 	 142 	183	25.00
141 	 173 	260	15.00
142 	 143 	147	16.00
142 	 174 	128	19.00
143 	 144 	152	14.00
143 	 175 	272	15.00
144 	 145 	255	17.00
144 	 176 	239	22.00
145 	 146 	239	13.00
145 	 177 	138	17.00
146 	 147 	268	12.00
146 	 178 	273	20.00
147 	 148 	178	26.00
147 	 179 	166	20.00
149 	 150 	209	15.00
150 	 151 	171	26.00
151 	 152 	140	18.00
151 	 183 	221	12.00
152 	 153 	185	15.00
152 	 184 	220	27.00
153 	 154 	213	18.00
154 	 155 	157	16.00
154 	 186 	121	19.00
155 	 156 	202	27.00
156 	 157 	232	16.00
156 	 188 	219	13.00
157 	 158 	259	19.00
158 	 159 	173	21.00
159 	 191 	247	18.00
160 	 161 	260	15.00
160 	 192 	276	27.00
161 	 162 	244	16.00
162 	 163 	167	15.00
162 	 194 	267	27.00
163 	 164 	206	20.00
164 	 165 	270	19.00
165 	 166 	261	14.00
165 	 197 	244	14.00
166 	 167 	208	19.00
166 	 198 	275	12.00
167 	 168 	185	19.00
167 	 199 	259	27.00
168 	 169 	155	28.00
168 	 200 	238	14.00
169 	 170 	180	25.00
169 	 201 	220	26.00
170 	 171 	275	13.00
171 	 172 	213	19.00
171 	 203 	273	26.00
172 	 173 	280	13.00
172 	 204 	153	18.00
173 	 174 	184	22.00
173 	 205 	199	20.00
174 	 175 	233	26.00
174 	 206 	203	19.00
176 	 177 	195	17.00
177 	 178 	127	16.00
177 	 209 	153	24.00
179 	 180 	123	17.00
180 	 181 	264	25.00
180 	 212 	250	26.00
181 	 182 	220	16.00
181 	 213 	274	16.00
182 	 183 	248	23.00
182 	 214 	240	22.00
183 	 184 	235	21.00
183 	 215 	255	17.00
184 	 185 	262	24.00
184 	 216 	161	16.00
187 	 188 	126	15.00
187 	 219 	217	28.00
188 	 189 	277	28.00
189 	 190 	278	20.00
189 	 221 	166	14.00
190 	 191 	203	22.00
190 	 222 	258	17.00
191 	 223 	124	25.00
192 	 193 	252	15.00
192 	 224 	184	22.00
193 	 194 	178	13.00
193 	 225 	158	17.00
194 	 195 	124	12.00
194 	 226 	163	16.00
195 	 196 	229	13.00
196 	 197 	262	20.00
197 	 198 	134	21.00
197 	 229 	157	21.00
198 	 199 	188	13.00
199 	 200 	135	18.00
200 	 201 	179	16.00
200 	 232 	138	26.00
201 	 202 	186	25.00
202 	 203 	127	17.00
202 	 234 	155	24.00
203 	 204 	253	18.00
203 	 235 	140	12.00
204 	 205 	157	23.00
204 	 236 	171	12.00
206 	 207 	276	17.00
206 	 238 	162	25.00
207 	 208 	228	25.00
207 	 239 	257	24.00
208 	 209 	265	15.00
209 	 210 	126	24.00
209 	 241 	159	27.00
210 	 211 	181	24.00
210 	 242 	130	22.00
211 	 243 	186	15.00
213 	 214 	144	18.00
213 	 245 	280	23.00
214 	 215 	169	28.00
214 	 246 	166	17.00
215 	 216 	162	18.00
215 	 247 	195	19.00
217 	 218 	262	18.00
217 	 249 	148	14.00
218 	 219 	248	13.00
218 	 250 	231	17.00
219 	 220 	273	26.00
219 	 251 	252	15.00
220 	 221 	178	19.00
220 	 252 	247	24.00
221 	 222 	192	24.00
221 	 253 	174	27.00
222 	 223 	210	25.00
223 	 255 	211	23.00
224 	 225 	231	14.00
225 	 226 	250	27.00
226 	 227 	240	17.00
227 	 228 	204	15.00
227 	 259 	255	21.00
228 	 229 	173	23.00
228 	 260 	253	26.00
229 	 230 	271	23.00
229 	 261 	129	19.00
230 	 231 	134	13.00
231 	 232 	262	26.00
231 	 263 	240	25.00
232 	 233 	165	19.00
233 	 234 	251	13.00
234 	 235 	135	20.00
234 	 266 	264	22.00
235 	 236 	147	18.00
235 	 267 	241	17.00
237 	 238 	178	26.00
237 	 269 	210	13.00
238 	 239 	163	22.00
238 	 270 	244	28.00
239 	 240 	143	14.00
240 	 241 	239	24.00
242 	 243 	225	18.00
242 	 274 	236	14.00
243 	 244 	246	23.00
243 	 275 	218	28.00
244 	 245 	152	14.00
244 	 276 	214	25.00
245 	 246 	238	19.00
245 	 277 	205	23.00
246 	 247 	172	17.00
247 	 248 	137	13.00
247 	 279 	239	22.00
248 	 249 	209	22.00
249 	 250 	142	12.00
249 	 281 	260	25.00
250 	 251 	239	26.00
250 	 282 	267	18.00
251 	 252 	232	20.00
252 	 253 	256	12.00
253 	 254 	248	24.00
253 	 285 	123	17.00
254 	 255 	192	17.00
256 	 257 	250	14.00
256 	 288 	273	27.00
257 	 258 	182	13.00
257 	 289 	196	19.00
258 	 259 	142	24.00
259 	 260 	172	26.00
259 	 291 	244	13.00
262 	 263 	211	15.00
262 	 294 	166	26.00
263 	 264 	206	12.00
263 	 295 	247	22.00
264 	 265 	238	22.00
264 	 296 	215	17.00
266 	 267 	126	13.00
267 	 268 	224	25.00
267 	 299 	121	22.00
268 	 269 	137	15.00
268 	 300 	189	24.00
269 	 270 	244	23.00
269 	 301 	208	17.00
270 	 271 	158	27.00
271 	 272 	261	20.00
271 	 303 	199	18.00
273 	 274 	227	21.00
274 	 275 	217	15.00
274 	 306 	279	24.00
275 	 276 	155	13.00
275 	 307 	213	14.00
276 	 277 	257	20.00
276 	 308 	176	28.00
277 	 278 	230	28.00
278 	 279 	195	26.00
278 	 310 	172	25.00
279 	 280 	179	27.00
280 	 281 	278	17.00
280 	 312 	280	28.00
281 	 282 	149	21.00
283 	 284 	144	23.00
283 	 315 	142	17.00
284 	 285 	166	24.00
285 	 286 	228	24.00
285 	 317 	255	18.00
286 	 287 	175	16.00
286 	 318 	129	13.00
288 	 289 	166	15.00
288 	 320 	267	15.00
289 	 290 	175	27.00
290 	 291 	167	20.00
290 	 322 	230	24.00
292 	 293 	137	27.00
292 	 324 	226	12.00
293 	 294 	148	24.00
294 	 295 	125	15.00
294 	 326 	159	19.00
295 	 296 	208	20.00
295 	 327 	276	24.00
296 	 297 	205	19.00
296 	 328 	193	18.00
297 	 298 	129	27.00
298 	 299 	173	27.00
298 	 330 	228	25.00
299 	 300 	251	25.00
299 	 331 	156	28.00
300 	 301 	260	20.00
300 	 332 	242	20.00
301 	 302 	241	23.00
301 	 333 	274	15.00
302 	 303 	235	24.00
303 	 304 	234	18.00
303 	 335 	240	12.00
304 	 305 	200	23.00
304 	 336 	215	17.00
305 	 306 	142	17.00
305 	 337 	160	22.00
306 	 307 	214	22.00
307 	 308 	126	24.00
307 	 339 	164	16.00
308 	 309 	203	14.00
308 	 340 	257	19.00
309 	 310 	269	15.00
310 	 311 	193	13.00
310 	 342 	141	24.00
311 	 312 	170	16.00
311 	 343 	196	18.00
312 	 313 	205	24.00
313 	 314 	258	28.00
313 	 345 	214	19.00
314 	 315 	223	14.00
315 	 316 	175	18.00
317 	 318 	241	20.00
318 	 319 	261	26.00
318 	 350 	193	25.00
319 	 351 	195	16.00
320 	 321 	134	16.00
320 	 352 	131	12.00
321 	 322 	158	26.00
321 	 353 	178	23.00
322 	 323 	246	20.00
322 	 354 	224	26.00
323 	 324 	250	18.00
323 	 355 	244	28.00
324 	 325 	213	23.00
325 	 326 	197	28.00
326 	 327 	246	26.00
327 	 328 	142	28.00
327 	 359 	151	26.00
328 	 329 	159	26.00
329 	 330 	150	23.00
330 	 331 	162	22.00
330 	 362 	272	12.00
331 	 332 	141	23.00
331 	 363 	160	25.00
332 	 333 	142	16.00
333 	 334 	280	24.00
333 	 365 	260	27.00
334 	 335 	207	23.00
334 	 366 	254	28.00
335 	 336 	206	17.00
335 	 367 	248	20.00
336 	 337 	170	22.00
337 	 338 	232	20.00
337 	 369 	228	23.00
338 	 339 	140	15.00
338 	 370 	264	12.00
339 	 340 	155	14.00
340 	 341 	185	23.00
340 	 372 	248	15.00
341 	 342 	262	18.00
341 	 373 	275	14.00
342 	 343 	229	20.00
342 	 374 	226	12.00
343 	 344 	125	12.00
343 	 375 	208	19.00
344 	 345 	263	28.00
344 	 376 	260	24.00
345 	 346 	229	21.00
347 	 348 	263	28.00
347 	 379 	265	28.00
348 	 349 	254	13.00
349 	 350 	258	26.00
350 	 351 	226	23.00
351 	 383 	205	15.00
352 	 353 	193	13.00
352 	 384 	178	27.00
353 	 354 	198	23.00
353 	 385 	214	22.00
354 	 355 	209	14.00
354 	 386 	168	27.00
355 	 356 	197	26.00
355 	 387 	209	17.00
356 	 357 	228	18.00
357 	 358 	153	26.00
357 	 389 	129	14.00
359 	 360 	262	21.00
360 	 361 	272	20.00
360 	 392 	253	26.00
361 	 362 	221	21.00
361 	 393 	166	18.00
362 	 363 	197	16.00
363 	 364 	275	24.00
363 	 395 	203	18.00
364 	 365 	163	12.00
365 	 366 	240	26.00
365 	 397 	230	27.00
366 	 367 	256	18.00
366 	 398 	239	21.00
367 	 368 	162	25.00
368 	 369 	258	17.00
368 	 400 	209	12.00
369 	 370 	192	17.00
369 	 401 	238	16.00
370 	 371 	226	15.00
370 	 402 	279	15.00
371 	 372 	252	23.00
371 	 403 	144	21.00
372 	 373 	186	15.00
372 	 404 	207	20.00
373 	 374 	209	28.00
374 	 375 	196	17.00
374 	 406 	199	14.00
375 	 376 	164	14.00
375 	 407 	250	19.00
376 	 377 	249	12.00
376 	 408 	141	26.00
377 	 378 	230	22.00
377 	 409 	165	22.00
378 	 379 	171	13.00
378 	 410 	206	27.00
379 	 380 	207	18.00
379 	 411 	233	13.00
380 	 381 	227	14.00
380 	 412 	152	28.00
381 	 382 	227	18.00
381 	 413 	221	22.00
382 	 383 	190	22.00
383 	 415 	273	15.00
384 	 385 	132	14.00
384 	 416 	242	15.00
385 	 386 	171	22.00
385 	 417 	142	16.00
387 	 388 	145	19.00
387 	 419 	223	16.00
388 	 389 	126	27.00
389 	 390 	195	27.00
389 	 421 	158	21.00
390 	 391 	155	28.00
390 	 422 	278	22.00
391 	 392 	280	25.00
391 	 423 	270	14.00
392 	 393 	271	27.00
392 	 424 	223	13.00
393 	 394 	147	20.00
393 	 425 	248	22.00
394 	 395 	219	13.00
395 	 396 	227	17.00
395 	 427 	167	17.00
396 	 397 	263	17.00
396 	 428 	140	21.00
397 	 398 	161	16.00
397 	 429 	210	28.00
398 	 399 	223	28.00
398 	 430 	149	12.00
399 	 400 	162	13.00
399 	 431 	267	20.00
400 	 401 	224	14.00
400 	 432 	220	21.00
401 	 402 	272	16.00
401 	 433 	160	18.00
402 	 403 	212	22.00
402 	 434 	138	24.00
403 	 404 	206	12.00
403 	 435 	170	28.00
404 	 405 	132	19.00
404 	 436 	245	13.00
405 	 406 	143	18.00
405 	 437 	270	26.00
406 	 407 	121	18.00
407 	 408 	172	25.00
407 	 439 	152	24.00
408 	 409 	278	17.00
408 	 440 	174	16.00
409 	 410 	217	22.00
410 	 411 	123	22.00
410 	 442 	196	21.00
411 	 412 	121	15.00
411 	 443 	130	19.00
412 	 413 	252	24.00
412 	 444 	189	12.00
413 	 414 	205	25.00
413 	 445 	262	23.00
414 	 415 	260	13.00
414 	 446 	215	28.00
415 	 447 	279	16.00
416 	 417 	247	14.00
416 	 448 	154	28.00
417 	 418 	229	25.00
417 	 449 	261	20.00
418 	 419 	154	15.00
418 	 450 	235	16.00
419 	 420 	130	24.00
420 	 421 	125	27.00
420 	 452 	253	16.00
421 	 422 	277	25.00
421 	 453 	198	17.00
422 	 423 	122	27.00
422 	 454 	244	28.00
423 	 424 	156	13.00
423 	 455 	263	21.00
424 	 425 	158	23.00
424 	 456 	121	25.00
425 	 426 	121	18.00
427 	 428 	146	19.00
428 	 429 	176	23.00
429 	 430 	217	22.00
430 	 462 	238	19.00
432 	 433 	144	27.00
432 	 464 	139	17.00
433 	 434 	184	18.00
433 	 465 	186	27.00
434 	 435 	161	14.00
434 	 466 	209	28.00
435 	 436 	203	25.00
435 	 467 	194	28.00
436 	 437 	241	21.00
438 	 439 	214	20.00
438 	 470 	161	28.00
439 	 440 	192	22.00
439 	 471 	175	27.00
440 	 441 	258	21.00
440 	 472 	236	16.00
441 	 442 	195	23.00
441 	 473 	167	26.00
442 	 443 	168	15.00
442 	 474 	235	21.00
443 	 444 	217	18.00
443 	 475 	191	18.00
445 	 477 	166	13.00
447 	 479 	221	23.00
448 	 449 	161	14.00
448 	 480 	232	14.00
449 	 450 	201	27.00
449 	 481 	121	14.00
450 	 451 	125	15.00
450 	 482 	173	22.00
451 	 452 	149	23.00
451 	 483 	263	24.00
452 	 453 	233	15.00
452 	 484 	133	22.00
453 	 454 	126	24.00
454 	 455 	151	28.00
454 	 486 	218	13.00
455 	 456 	128	21.00
455 	 487 	198	26.00
456 	 457 	219	24.00
456 	 488 	233	25.00
457 	 458 	226	19.00
457 	 489 	253	20.00
458 	 459 	127	27.00
458 	 490 	136	16.00
459 	 460 	231	14.00
459 	 491 	221	16.00
460 	 461 	272	16.00
460 	 492 	127	19.00
461 	 462 	120	22.00
461 	 493 	198	28.00
462 	 463 	142	15.00
462 	 494 	144	25.00
463 	 464 	159	25.00
463 	 495 	202	13.00
464 	 465 	219	17.00
464 	 496 	271	24.00
465 	 466 	245	15.00
466 	 467 	195	15.00
466 	 498 	142	22.00
468 	 469 	202	28.00
468 	 500 	202	27.00
469 	 470 	258	13.00
470 	 471 	222	22.00
470 	 502 	149	19.00
471 	 472 	191	12.00
472 	 473 	168	17.00
474 	 475 	141	24.00
475 	 476 	232	19.00
475 	 507 	161	20.00
477 	 478 	160	13.00
477 	 509 	121	21.00
478 	 479 	192	22.00
478 	 510 	206	27.00
479 	 511 	205	19.00
480 	 481 	211	13.00
480 	 512 	261	26.00
481 	 482 	212	14.00
481 	 513 	131	22.00
482 	 483 	279	16.00
482 	 514 	150	16.00
483 	 484 	219	13.00
484 	 485 	124	15.00
485 	 486 	231	14.00
486 	 487 	213	27.00
486 	 518 	202	26.00
487 	 488 	155	13.00
488 	 489 	246	17.00
490 	 491 	177	23.00
493 	 494 	239	20.00
494 	 495 	124	22.00
494 	 526 	123	28.00
495 	 496 	161	22.00
496 	 497 	207	25.00
496 	 528 	256	23.00
499 	 500 	123	28.00
500 	 501 	259	22.00
500 	 532 	183	26.00
502 	 503 	178	18.00
502 	 534 	192	25.00
503 	 504 	173	16.00
503 	 535 	255	27.00
504 	 505 	131	19.00
504 	 536 	178	17.00
505 	 506 	264	25.00
508 	 509 	192	17.00
509 	 510 	243	25.00
509 	 541 	237	16.00
510 	 511 	258	21.00
510 	 542 	273	18.00
512 	 513 	136	25.00
512 	 544 	273	24.00
513 	 514 	130	26.00
513 	 545 	247	16.00
514 	 515 	120	19.00
514 	 546 	187	28.00
515 	 516 	183	17.00
515 	 547 	164	22.00
516 	 517 	213	22.00
516 	 548 	188	27.00
518 	 519 	198	18.00
518 	 550 	161	22.00
519 	 520 	266	24.00
521 	 522 	248	12.00
521 	 553 	152	18.00
522 	 523 	199	20.00
522 	 554 	264	28.00
523 	 524 	124	12.00
523 	 555 	176	13.00
524 	 525 	142	19.00
524 	 556 	182	22.00
525 	 526 	169	28.00
525 	 557 	261	23.00
526 	 527 	227	18.00
526 	 558 	206	27.00
527 	 528 	280	22.00
528 	 529 	123	23.00
528 	 560 	206	27.00
530 	 531 	141	22.00
530 	 562 	279	13.00
531 	 532 	207	12.00
531 	 563 	136	22.00
532 	 533 	209	27.00
532 	 564 	178	16.00
533 	 534 	248	28.00
533 	 565 	154	17.00
534 	 535 	245	28.00
534 	 566 	221	13.00
535 	 536 	211	27.00
535 	 567 	157	28.00
536 	 537 	257	23.00
537 	 538 	165	27.00
537 	 569 	131	16.00
538 	 539 	187	12.00
538 	 570 	194	25.00
540 	 541 	266	18.00
540 	 572 	152	17.00
541 	 542 	130	18.00
541 	 573 	180	12.00
542 	 543 	259	27.00
542 	 574 	170	28.00
545 	 546 	249	28.00
546 	 547 	245	27.00
546 	 578 	254	12.00
547 	 548 	122	26.00
549 	 550 	137	18.00
550 	 551 	218	20.00
550 	 582 	262	21.00
551 	 552 	231	21.00
551 	 583 	178	23.00
552 	 553 	122	24.00
552 	 584 	159	25.00
553 	 554 	145	23.00
554 	 555 	209	26.00
555 	 556 	159	24.00
556 	 557 	232	14.00
556 	 588 	127	24.00
557 	 558 	235	12.00
558 	 559 	251	24.00
558 	 590 	254	24.00
559 	 560 	239	18.00
559 	 591 	121	14.00
560 	 561 	159	18.00
565 	 566 	188	12.00
565 	 597 	272	24.00
566 	 567 	266	13.00
566 	 598 	143	17.00
567 	 568 	252	27.00
567 	 599 	277	22.00
568 	 569 	273	22.00
568 	 600 	158	25.00
569 	 570 	206	24.00
571 	 572 	132	12.00
571 	 603 	263	24.00
572 	 573 	148	28.00
572 	 604 	166	28.00
573 	 574 	120	26.00
575 	 607 	218	19.00
576 	 577 	252	25.00
576 	 608 	166	17.00
578 	 579 	185	13.00
578 	 610 	190	27.00
579 	 580 	150	22.00
579 	 611 	142	23.00
580 	 581 	215	20.00
580 	 612 	157	15.00
581 	 582 	156	24.00
581 	 613 	144	13.00
582 	 583 	138	23.00
582 	 614 	159	17.00
584 	 585 	174	16.00
585 	 586 	261	18.00
585 	 617 	238	27.00
586 	 587 	248	14.00
586 	 618 	228	25.00
587 	 588 	140	20.00
587 	 619 	139	12.00
588 	 589 	169	25.00
588 	 620 	154	13.00
589 	 590 	224	26.00
589 	 621 	263	27.00
590 	 591 	273	25.00
591 	 592 	125	22.00
591 	 623 	188	25.00
592 	 593 	202	16.00
592 	 624 	278	19.00
593 	 594 	138	21.00
593 	 625 	279	28.00
594 	 595 	186	28.00
594 	 626 	138	27.00
595 	 596 	258	24.00
595 	 627 	262	28.00
596 	 597 	267	21.00
597 	 598 	206	21.00
598 	 599 	130	21.00
598 	 630 	127	15.00
599 	 600 	200	13.00
600 	 601 	142	14.00
600 	 632 	155	25.00
601 	 602 	268	26.00
601 	 633 	192	28.00
603 	 604 	159	17.00
604 	 605 	210	24.00
604 	 636 	185	18.00
605 	 606 	172	28.00
605 	 637 	269	18.00
606 	 607 	164	17.00
606 	 638 	205	27.00
608 	 609 	123	15.00
608 	 640 	222	13.00
609 	 610 	179	24.00
610 	 611 	201	18.00
611 	 612 	218	20.00
612 	 613 	196	20.00
613 	 614 	250	26.00
614 	 615 	212	17.00
614 	 646 	234	23.00
615 	 616 	202	25.00
616 	 617 	195	24.00
616 	 648 	244	14.00
617 	 618 	210	18.00
618 	 619 	198	13.00
618 	 650 	160	21.00
619 	 620 	270	17.00
619 	 651 	187	13.00
620 	 621 	169	12.00
620 	 652 	277	23.00
621 	 622 	212	21.00
621 	 653 	251	18.00
622 	 623 	270	25.00
622 	 654 	232	21.00
623 	 624 	236	18.00
623 	 655 	170	27.00
624 	 625 	264	26.00
625 	 626 	232	14.00
625 	 657 	192	25.00
626 	 627 	199	17.00
626 	 658 	132	16.00
627 	 628 	192	17.00
627 	 659 	183	24.00
628 	 629 	263	21.00
628 	 660 	148	21.00
629 	 630 	171	19.00
630 	 631 	176	21.00
630 	 662 	171	23.00
631 	 632 	206	13.00
632 	 633 	200	17.00
633 	 634 	147	13.00
634 	 635 	203	19.00
634 	 666 	151	19.00
635 	 636 	207	26.00
636 	 637 	190	22.00
637 	 638 	170	22.00
637 	 669 	255	16.00
638 	 639 	194	17.00
640 	 641 	194	17.00
641 	 642 	222	23.00
641 	 673 	122	25.00
642 	 643 	240	20.00
643 	 644 	209	15.00
644 	 645 	163	12.00
644 	 676 	180	14.00
646 	 647 	237	18.00
646 	 678 	174	22.00
647 	 648 	172	16.00
648 	 649 	275	16.00
648 	 680 	179	26.00
649 	 650 	223	19.00
649 	 681 	182	26.00
650 	 651 	156	20.00
650 	 682 	263	22.00
651 	 652 	243	13.00
651 	 683 	241	19.00
652 	 653 	241	27.00
652 	 684 	138	20.00
653 	 654 	135	22.00
653 	 685 	266	23.00
654 	 655 	178	26.00
654 	 686 	260	13.00
655 	 656 	126	14.00
655 	 687 	198	20.00
656 	 657 	168	25.00
657 	 658 	185	23.00
657 	 689 	128	22.00
658 	 659 	237	26.00
658 	 690 	123	16.00
659 	 660 	238	24.00
659 	 691 	143	22.00
660 	 661 	146	27.00
660 	 692 	174	20.00
662 	 663 	130	15.00
662 	 694 	161	22.00
663 	 664 	194	12.00
664 	 665 	157	17.00
665 	 666 	200	24.00
666 	 667 	258	18.00
668 	 669 	157	20.00
668 	 700 	230	17.00
669 	 670 	166	28.00
669 	 701 	199	23.00
670 	 671 	222	20.00
671 	 703 	178	12.00
672 	 673 	268	28.00
672 	 704 	202	18.00
673 	 674 	174	25.00
674 	 675 	265	23.00
675 	 676 	176	18.00
676 	 677 	164	16.00
676 	 708 	153	16.00
677 	 678 	128	23.00
677 	 709 	270	28.00
678 	 679 	196	15.00
678 	 710 	186	19.00
679 	 680 	203	26.00
679 	 711 	232	16.00
681 	 682 	221	27.00
681 	 713 	187	24.00
682 	 683 	137	18.00
683 	 684 	276	28.00
683 	 715 	133	20.00
685 	 686 	163	13.00
685 	 717 	222	14.00
686 	 687 	262	26.00
686 	 718 	145	22.00
687 	 688 	149	14.00
687 	 719 	227	26.00
688 	 689 	227	24.00
688 	 720 	129	20.00
689 	 690 	232	19.00
689 	 721 	227	24.00
690 	 691 	158	18.00
691 	 692 	141	25.00
693 	 694 	195	19.00
693 	 725 	218	20.00
694 	 695 	154	12.00
694 	 726 	220	24.00
695 	 696 	256	21.00
695 	 727 	234	28.00
696 	 697 	213	23.00
697 	 698 	133	13.00
697 	 729 	219	13.00
698 	 699 	219	28.00
698 	 730 	171	28.00
701 	 702 	152	25.00
702 	 703 	143	23.00
702 	 734 	138	22.00
703 	 735 	203	24.00
704 	 705 	203	28.00
704 	 736 	210	12.00
705 	 706 	137	22.00
705 	 737 	241	28.00
706 	 707 	214	12.00
707 	 708 	201	19.00
707 	 739 	259	21.00
708 	 709 	139	23.00
708 	 740 	126	12.00
709 	 710 	277	12.00
710 	 711 	168	22.00
710 	 742 	170	28.00
711 	 712 	253	20.00
711 	 743 	142	21.00
712 	 713 	196	28.00
712 	 744 	216	22.00
713 	 714 	260	18.00
713 	 745 	127	12.00
714 	 715 	208	14.00
715 	 716 	273	20.00
716 	 717 	181	15.00
716 	 748 	223	17.00
717 	 718 	215	15.00
718 	 719 	131	28.00
718 	 750 	137	16.00
719 	 720 	121	25.00
720 	 721 	242	21.00
720 	 752 	144	18.00
721 	 722 	145	24.00
722 	 723 	169	25.00
723 	 724 	131	12.00
723 	 755 	254	15.00
724 	 725 	268	22.00
725 	 726 	236	24.00
725 	 757 	131	13.00
726 	 727 	234	15.00
726 	 758 	272	21.00
727 	 728 	175	17.00
727 	 759 	220	18.00
728 	 729 	159	18.00
728 	 760 	193	28.00
729 	 730 	140	22.00
730 	 731 	257	22.00
730 	 762 	190	16.00
731 	 732 	258	17.00
731 	 763 	257	19.00
732 	 733 	161	18.00
733 	 734 	212	21.00
733 	 765 	159	13.00
734 	 735 	139	28.00
735 	 767 	211	13.00
736 	 737 	131	12.00
736 	 768 	121	12.00
737 	 738 	241	23.00
738 	 739 	270	22.00
738 	 770 	270	13.00
740 	 741 	122	27.00
741 	 742 	193	22.00
742 	 743 	188	25.00
742 	 774 	259	21.00
743 	 744 	128	23.00
743 	 775 	169	12.00
744 	 745 	153	12.00
744 	 776 	271	27.00
745 	 746 	261	18.00
746 	 747 	259	28.00
746 	 778 	277	26.00
747 	 748 	166	16.00
747 	 779 	126	12.00
748 	 749 	168	15.00
749 	 750 	201	16.00
749 	 781 	235	22.00
750 	 751 	164	23.00
751 	 752 	244	26.00
751 	 783 	163	25.00
752 	 753 	150	12.00
752 	 784 	214	22.00
753 	 754 	257	25.00
754 	 755 	252	14.00
754 	 786 	239	12.00
755 	 756 	131	20.00
755 	 787 	166	13.00
756 	 757 	145	12.00
757 	 758 	237	28.00
757 	 789 	151	17.00
758 	 759 	260	14.00
759 	 760 	262	26.00
759 	 791 	211	18.00
760 	 761 	216	12.00
761 	 762 	242	24.00
761 	 793 	196	22.00
764 	 765 	242	16.00
764 	 796 	194	19.00
765 	 766 	163	27.00
766 	 767 	214	27.00
766 	 798 	247	23.00
767 	 799 	178	21.00
768 	 769 	172	27.00
769 	 770 	214	14.00
770 	 771 	182	25.00
771 	 772 	168	25.00
771 	 803 	259	26.00
772 	 773 	202	15.00
773 	 774 	171	27.00
773 	 805 	186	27.00
774 	 775 	270	20.00
774 	 806 	146	24.00
775 	 776 	144	19.00
775 	 807 	255	27.00
776 	 777 	152	21.00
776 	 808 	240	16.00
777 	 778 	160	25.00
777 	 809 	167	24.00
778 	 779 	279	20.00
778 	 810 	259	26.00
780 	 781 	239	24.00
781 	 782 	256	27.00
781 	 813 	121	18.00
782 	 783 	160	24.00
782 	 814 	232	14.00
783 	 784 	181	16.00
783 	 815 	198	16.00
784 	 785 	240	14.00
784 	 816 	182	23.00
785 	 786 	172	26.00
785 	 817 	226	25.00
786 	 787 	249	20.00
787 	 788 	273	21.00
788 	 789 	251	28.00
789 	 790 	150	20.00
790 	 791 	239	13.00
791 	 792 	123	15.00
792 	 793 	213	26.00
793 	 794 	127	21.00
793 	 825 	267	16.00
794 	 795 	183	19.00
794 	 826 	199	24.00
795 	 796 	185	25.00
796 	 797 	133	20.00
797 	 798 	152	18.00
797 	 829 	214	17.00
798 	 799 	189	17.00
800 	 801 	160	12.00
800 	 832 	162	21.00
801 	 802 	180	21.00
801 	 833 	187	15.00
802 	 803 	148	18.00
802 	 834 	155	22.00
803 	 804 	200	12.00
803 	 835 	228	18.00
804 	 805 	223	26.00
804 	 836 	170	28.00
805 	 806 	148	25.00
806 	 807 	251	13.00
806 	 838 	249	16.00
807 	 808 	163	16.00
808 	 809 	165	16.00
808 	 840 	171	22.00
810 	 811 	240	28.00
810 	 842 	243	25.00
811 	 812 	255	19.00
811 	 843 	224	28.00
812 	 813 	167	26.00
812 	 844 	177	28.00
813 	 814 	227	18.00
814 	 815 	214	21.00
814 	 846 	170	16.00
815 	 816 	131	27.00
816 	 817 	190	21.00
816 	 848 	170	18.00
817 	 818 	136	17.00
817 	 849 	151	16.00
818 	 819 	273	21.00
819 	 820 	120	18.00
819 	 851 	259	12.00
820 	 821 	184	27.00
820 	 852 	195	23.00
821 	 822 	235	13.00
822 	 823 	240	12.00
823 	 824 	170	21.00
823 	 855 	219	14.00
824 	 825 	271	27.00
824 	 856 	245	26.00
825 	 826 	248	18.00
825 	 857 	157	12.00
826 	 827 	242	25.00
827 	 828 	166	17.00
828 	 829 	128	22.00
828 	 860 	267	18.00
829 	 830 	189	25.00
829 	 861 	232	15.00
830 	 831 	259	23.00
830 	 862 	229	18.00
832 	 833 	272	21.00
832 	 864 	146	23.00
833 	 834 	228	13.00
833 	 865 	146	13.00
834 	 835 	237	12.00
835 	 836 	192	13.00
836 	 837 	127	18.00
836 	 868 	260	25.00
837 	 838 	191	24.00
837 	 869 	241	16.00
838 	 839 	175	18.00
838 	 870 	211	12.00
839 	 840 	260	20.00
839 	 871 	130	15.00
841 	 842 	204	21.00
842 	 843 	172	22.00
842 	 874 	218	27.00
843 	 844 	196	22.00
844 	 845 	167	14.00
845 	 877 	129	23.00
847 	 848 	120	19.00
848 	 849 	166	28.00
848 	 880 	159	23.00
849 	 850 	169	27.00
850 	 851 	262	22.00
850 	 882 	146	20.00
851 	 852 	191	19.00
852 	 853 	197	19.00
853 	 854 	223	23.00
853 	 885 	203	23.00
854 	 855 	152	26.00
854 	 886 	161	23.00
855 	 856 	188	17.00
856 	 857 	172	14.00
856 	 888 	182	17.00
857 	 858 	192	25.00
857 	 889 	130	27.00
858 	 859 	215	28.00
858 	 890 	162	15.00
859 	 860 	156	24.00
859 	 891 	195	22.00
861 	 862 	236	28.00
861 	 893 	157	18.00
862 	 863 	139	24.00
862 	 894 	130	24.00
863 	 895 	128	25.00
864 	 865 	145	13.00
865 	 866 	165	20.00
865 	 897 	186	27.00
866 	 867 	156	13.00
866 	 898 	239	28.00
867 	 868 	191	21.00
869 	 870 	238	27.00
869 	 901 	233	13.00
870 	 871 	126	13.00
871 	 872 	211	20.00
872 	 873 	248	13.00
872 	 904 	234	21.00
874 	 875 	191	17.00
874 	 906 	120	25.00
875 	 876 	171	26.00
876 	 877 	159	14.00
876 	 908 	139	21.00
877 	 878 	174	15.00
878 	 879 	166	26.00
878 	 910 	254	28.00
879 	 880 	273	14.00
879 	 911 	255	21.00
880 	 881 	172	13.00
881 	 882 	135	16.00
881 	 913 	121	24.00
882 	 883 	225	12.00
882 	 914 	145	17.00
884 	 885 	257	12.00
884 	 916 	160	20.00
885 	 886 	265	22.00
885 	 917 	135	28.00
887 	 888 	274	25.00
887 	 919 	150	27.00
888 	 889 	195	23.00
888 	 920 	131	24.00
889 	 890 	224	22.00
890 	 891 	140	20.00
890 	 922 	243	23.00
891 	 892 	162	24.00
891 	 923 	168	13.00
893 	 894 	183	15.00
893 	 925 	247	18.00
894 	 895 	257	20.00
896 	 897 	140	23.00
896 	 928 	274	27.00
897 	 898 	268	12.00
897 	 929 	241	21.00
898 	 899 	253	21.00
898 	 930 	222	27.00
899 	 900 	229	19.00
900 	 901 	199	14.00
901 	 902 	189	17.00
901 	 933 	257	22.00
903 	 904 	186	28.00
903 	 935 	235	27.00
904 	 905 	195	27.00
904 	 936 	159	15.00
905 	 906 	178	27.00
905 	 937 	239	26.00
906 	 907 	120	25.00
906 	 938 	139	26.00
907 	 908 	179	27.00
907 	 939 	242	13.00
908 	 909 	127	22.00
910 	 911 	240	19.00
911 	 912 	135	22.00
912 	 913 	193	17.00
912 	 944 	234	18.00
913 	 914 	186	28.00
913 	 945 	216	19.00
914 	 915 	253	28.00
914 	 946 	120	19.00
915 	 916 	147	15.00
917 	 918 	221	25.00
917 	 949 	257	19.00
918 	 919 	156	12.00
919 	 920 	139	21.00
919 	 951 	243	14.00
920 	 921 	183	20.00
921 	 922 	255	13.00
921 	 953 	258	12.00
922 	 923 	221	20.00
923 	 924 	124	13.00
924 	 925 	245	17.00
924 	 956 	200	26.00
925 	 926 	250	13.00
925 	 957 	201	12.00
926 	 927 	194	21.00
926 	 958 	257	14.00
928 	 929 	157	25.00
929 	 930 	269	23.00
929 	 961 	218	26.00
930 	 931 	233	27.00
930 	 962 	239	28.00
931 	 932 	177	21.00
931 	 963 	235	26.00
932 	 933 	150	15.00
932 	 964 	120	22.00
934 	 935 	185	13.00
934 	 966 	206	18.00
935 	 967 	201	21.00
937 	 938 	152	14.00
937 	 969 	278	17.00
938 	 939 	189	21.00
938 	 970 	189	13.00
939 	 940 	262	26.00
941 	 942 	163	21.00
942 	 943 	212	22.00
942 	 974 	279	26.00
943 	 944 	244	12.00
944 	 945 	243	20.00
944 	 976 	190	20.00
945 	 946 	149	24.00
946 	 947 	187	22.00
947 	 948 	194	21.00
948 	 949 	145	16.00
948 	 980 	240	13.00
949 	 950 	139	14.00
949 	 981 	134	19.00
950 	 951 	246	20.00
952 	 953 	126	13.00
952 	 984 	219	19.00
953 	 954 	207	27.00
953 	 985 	211	15.00
954 	 955 	145	20.00
954 	 986 	167	16.00
955 	 956 	248	19.00
956 	 957 	194	12.00
956 	 988 	158	14.00
957 	 958 	268	15.00
957 	 989 	203	26.00
958 	 959 	246	28.00
958 	 990 	218	21.00
959 	 991 	159	25.00
960 	 961 	233	13.00
962 	 963 	184	21.00
962 	 994 	164	13.00
963 	 964 	197	16.00
963 	 995 	269	19.00
964 	 965 	215	19.00
965 	 966 	238	15.00
965 	 997 	147	17.00
966 	 967 	151	27.00
967 	 968 	247	17.00
967 	 999 	249	25.00
968 	 969 	141	22.00
968 	 1000 	121	19.00
969 	 970 	184	13.00
969 	 1001 	181	22.00
970 	 971 	132	26.00
971 	 972 	246	25.00
972 	 973 	140	13.00
972 	 1004 	261	24.00
973 	 974 	182	28.00
974 	 975 	220	23.00
974 	 1006 	195	21.00
975 	 976 	256	16.00
975 	 1007 	140	19.00
977 	 978 	177	25.00
977 	 1009 	194	16.00
978 	 979 	198	16.00
978 	 1010 	231	28.00
979 	 980 	120	16.00
981 	 982 	176	15.00
981 	 1013 	124	15.00
982 	 983 	209	21.00
982 	 1014 	254	17.00
983 	 984 	244	12.00
983 	 1015 	135	28.00
984 	 985 	151	22.00
985 	 986 	266	12.00
985 	 1017 	148	14.00
986 	 987 	157	17.00
987 	 988 	249	27.00
988 	 989 	211	17.00
988 	 1020 	271	27.00
989 	 990 	246	17.00
989 	 1021 	172	26.00
990 	 991 	123	23.00
990 	 1022 	253	22.00
991 	 1023 	202	25.00
992 	 993 	127	16.00
993 	 994 	206	20.00
995 	 996 	229	21.00
997 	 998 	240	24.00
999 	 1000 	259	17.00
1002 	 1003 	218	23.00
1003 	 1004 	250	15.00
1005 	 1006 	237	28.00
1006 	 1007 	249	25.00
1007 	 1008 	122	24.00
1008 	 1009 	222	12.00
1009 	 1010 	279	27.00
1010 	 1011 	273	24.00
1011 	 1012 	164	27.00
1013 	 1014 	213	24.00
1014 	 1015 	149	22.00
1015 	 1016 	187	19.00
1017 	 1018 	265	27.00
1018 	 1019 	177	15.00
1019 	 1020 	205	25.00
1020 	 1021 	216	22.00
1021 	 1022 	230	14.00
1022 	 1023 	236	15.00
