1024 	 1488 	 20 	 0.30 
 
-1	-19	0
73	14	0
166	-12	0
315	-15	0
436	4	0
492	-31	0
554	32	0
691	-13	0
797	25	0
856	-39	7
980	-23	7
1108	-21	7
1211	19	7
1299	-18	7
1379	-15	6
1506	-2	6
1614	-32	6
1730	2	6
1794	-4	6
1901	-18	6
1999	1	6
2143	-11	6
2183	17	6
2280	42	3
2428	35	3
2527	-5	3
2559	-41	3
2728	-18	3
2801	-27	3
2890	-12	3
3018	-30	3
3103	11	3
0	100	0
127	88	0
234	137	0
301	74	0
397	77	0
495	87	0
636	96	0
684	130	0
792	76	7
916	98	7
989	68	7
1072	118	7
1190	82	7
1301	68	7
1398	98	6
1478	100	6
1609	117	6
1708	89	6
1780	92	6
1931	95	6
1989	87	6
2071	86	6
2179	100	6
2305	72	6
2373	109	3
2488	53	3
2620	101	3
2696	89	3
2813	113	3
2918	83	3
2991	78	3
3124	104	3
2	174	0
71	221	0
216	230	0
295	213	0
395	225	0
470	206	0
601	178	0
710	197	0
799	200	0
908	192	7
1001	201	7
1114	200	7
1225	234	7
1319	232	7
1435	210	6
1497	233	6
1615	209	6
1674	234	6
1795	199	6
1885	200	6
2004	178	6
2083	176	6
2174	225	6
2264	181	3
2391	197	3
2505	231	3
2631	187	3
2715	217	3
2809	205	3
2929	161	3
2986	190	3
3102	176	3
12	330	0
102	345	0
201	287	0
296	274	0
377	276	0
504	283	0
640	331	0
680	254	0
785	266	0
907	275	0
958	312	7
1115	270	7
1201	310	7
1271	282	7
1415	292	6
1506	341	6
1625	311	6
1707	348	6
1813	293	6
1920	263	6
1971	305	6
2098	310	6
2163	266	6
2252	293	3
2407	299	3
2497	299	3
2599	258	3
2721	298	3
2783	296	3
2903	276	3
2987	328	3
3090	298	3
-37	402	0
124	397	0
202	387	0
304	377	0
413	405	0
544	400	0
596	363	0
734	363	0
820	397	0
891	377	7
997	391	7
1084	417	7
1183	392	7
1323	369	7
1369	403	6
1483	394	6
1600	431	6
1687	409	6
1814	409	6
1873	393	6
1979	391	6
2079	434	6
2218	399	6
2302	389	3
2416	391	3
2487	370	3
2598	370	3
2717	373	3
2761	425	3
2915	387	3
3041	420	3
3129	365	3
5	507	0
97	493	0
212	512	0
339	506	0
412	513	0
523	508	0
583	536	0
722	494	0
759	465	0
879	498	7
964	512	7
1125	486	7
1188	540	7
1297	490	7
1374	525	7
1467	495	6
1568	513	6
1710	496	6
1794	510	6
1871	510	6
1977	494	6
2102	480	6
2215	495	15
2284	532	15
2365	492	3
2511	523	3
2633	533	3
2714	509	3
2807	494	3
2861	507	3
2993	536	3
3135	493	3
-9	601	0
130	600	0
195	610	0
281	630	0
389	640	0
492	603	0
627	571	0
701	602	0
797	588	7
884	575	7
1017	608	7
1068	622	7
1231	618	7
1273	629	7
1416	584	6
1512	620	6
1630	586	6
1701	589	6
1786	565	6
1873	594	6
2034	607	6
2120	584	15
2196	588	15
2292	591	15
2402	593	3
2505	591	3
2577	620	3
2699	595	3
2810	607	3
2882	593	3
3006	627	3
3116	598	3
-18	718	11
74	699	0
169	686	0
264	670	0
414	712	0
493	694	11
604	705	0
685	723	7
769	685	7
904	734	7
1048	690	7
1103	656	7
1195	731	7
1341	665	7
1402	682	7
1479	714	7
1607	705	6
1690	706	6
1826	716	6
1912	734	6
1981	685	6
2092	715	6
2172	688	15
2283	722	15
2412	700	5
2508	733	5
2603	718	3
2677	671	3
2777	734	3
2894	740	3
3030	700	3
3139	701	5
4	801	11
96	796	11
231	794	0
296	762	0
422	812	11
495	809	11
584	794	7
726	824	7
820	823	7
901	838	7
1003	829	7
1101	817	7
1217	773	7
1267	813	7
1363	791	7
1524	803	13
1570	794	13
1711	798	13
1783	787	6
1906	808	6
2031	813	6
2097	807	15
2165	800	15
2294	802	5
2393	770	18
2540	845	5
2595	836	5
2742	839	3
2845	808	3
2914	807	3
3017	790	5
3137	780	5
7	904	11
131	874	11
203	854	11
300	912	11
398	914	11
468	919	11
645	904	11
713	914	11
788	888	7
857	867	7
964	922	7
1127	895	7
1200	886	7
1309	867	7
1410	933	7
1491	912	7
1639	888	13
1698	906	13
1800	899	13
1898	923	13
1998	863	15
2069	897	15
2185	903	15
2274	897	5
2400	919	5
2518	906	5
2609	892	5
2693	874	3
2813	905	5
2877	904	5
2979	875	5
3118	874	5
-32	1003	11
106	1035	11
227	998	11
263	1019	11
409	965	11
501	1003	11
557	973	11
704	1015	11
827	988	11
900	1011	13
984	1030	13
1112	1013	7
1215	962	7
1313	973	13
1434	976	13
1475	1023	13
1590	960	13
1670	967	13
1794	1003	13
1907	1021	13
2045	987	13
2113	976	15
2181	1013	5
2336	973	5
2427	1016	5
2470	988	5
2584	1024	5
2683	1008	5
2811	1002	5
2876	1037	5
3033	989	5
3089	988	5
22	1074	11
130	1085	11
179	1067	11
308	1119	11
397	1068	11
519	1076	11
568	1093	11
725	1124	11
799	1086	11
899	1099	13
1028	1104	13
1117	1094	13
1206	1122	13
1302	1114	13
1394	1085	13
1496	1094	13
1589	1081	13
1735	1068	13
1822	1083	13
1874	1138	13
1990	1117	13
2057	1062	13
2188	1076	5
2294	1138	5
2397	1114	5
2536	1122	5
2627	1080	5
2716	1095	5
2775	1110	5
2885	1116	5
3024	1120	5
3140	1061	5
-22	1170	11
100	1203	11
197	1236	11
329	1203	11
417	1156	11
504	1213	11
615	1206	11
694	1186	11
784	1248	11
890	1214	11
993	1184	13
1083	1198	13
1187	1169	13
1293	1162	13
1378	1179	13
1507	1229	13
1628	1170	13
1685	1200	13
1826	1231	13
1936	1196	13
1989	1211	13
2091	1188	5
2217	1184	5
2320	1206	5
2398	1196	5
2502	1215	5
2556	1217	5
2699	1186	5
2807	1160	5
2872	1174	5
2995	1207	5
3070	1226	5
10	1309	11
101	1308	11
205	1275	11
277	1318	11
388	1338	11
493	1328	11
605	1339	11
659	1291	11
803	1292	11
881	1291	11
977	1292	13
1096	1299	13
1193	1338	12
1303	1283	12
1384	1307	13
1497	1298	13
1635	1268	13
1683	1311	13
1830	1285	13
1886	1302	13
1958	1279	13
2108	1307	16
2180	1296	16
2282	1261	5
2380	1293	5
2507	1293	5
2565	1268	5
2661	1257	5
2801	1294	5
2935	1302	5
3016	1273	5
3107	1311	5
-25	1433	11
93	1409	11
208	1382	11
272	1441	11
408	1409	11
472	1397	11
597	1380	11
701	1387	11
790	1370	11
879	1361	12
1018	1406	12
1108	1426	12
1223	1396	12
1295	1386	12
1371	1380	12
1546	1379	13
1604	1415	13
1678	1413	13
1819	1423	13
1880	1426	13
1977	1395	13
2128	1414	14
2204	1389	16
2324	1409	5
2366	1385	5
2515	1398	5
2614	1396	5
2684	1415	5
2768	1432	5
2868	1404	5
3032	1403	5
3090	1440	5
3	1484	10
100	1519	10
194	1462	11
305	1496	11
388	1536	11
495	1500	11
562	1452	11
693	1497	11
799	1545	12
899	1473	12
1007	1484	12
1082	1522	12
1215	1492	12
1317	1497	12
1378	1480	12
1462	1531	12
1573	1490	13
1673	1521	13
1777	1511	13
1905	1542	13
2025	1499	14
2143	1474	14
2168	1491	14
2279	1535	14
2397	1469	14
2494	1471	5
2607	1478	5
2740	1516	4
2832	1506	4
2907	1482	4
2999	1512	4
3101	1469	5
-1	1597	10
91	1597	10
220	1599	10
303	1611	10
385	1628	10
515	1560	10
623	1627	11
715	1611	17
802	1559	12
882	1584	12
983	1595	12
1057	1557	12
1187	1626	12
1339	1562	12
1402	1621	12
1498	1618	12
1620	1615	12
1716	1603	13
1795	1600	13
1858	1565	13
1987	1638	14
2069	1592	14
2223	1578	14
2299	1604	14
2409	1576	14
2495	1629	14
2638	1600	4
2700	1596	4
2804	1596	4
2903	1597	4
3019	1615	4
3111	1606	4
12	1733	10
138	1686	10
242	1701	10
305	1709	10
397	1725	10
510	1666	10
596	1710	10
696	1657	17
830	1700	12
905	1662	12
960	1670	12
1058	1725	12
1222	1704	12
1303	1684	12
1400	1727	12
1484	1730	12
1569	1717	12
1712	1733	13
1771	1733	14
1900	1703	14
2022	1661	14
2135	1704	14
2192	1700	14
2314	1745	14
2430	1701	4
2479	1654	4
2604	1717	4
2677	1703	4
2767	1688	4
2898	1703	4
3022	1714	4
3130	1726	4
-6	1838	10
106	1793	10
206	1799	10
269	1815	10
433	1818	10
491	1790	10
615	1803	10
703	1806	10
791	1788	12
915	1794	12
984	1772	12
1124	1780	12
1215	1758	12
1263	1776	12
1407	1803	12
1489	1819	12
1597	1788	12
1723	1827	13
1797	1843	14
1920	1819	14
1997	1762	14
2088	1775	14
2204	1792	14
2297	1832	4
2401	1842	19
2496	1817	4
2573	1802	4
2686	1814	4
2770	1816	4
2934	1786	4
3007	1832	4
3114	1843	4
-3	1896	10
104	1876	10
230	1857	10
313	1879	10
380	1938	10
485	1909	10
616	1873	10
657	1919	10
781	1906	10
909	1909	12
963	1878	12
1109	1935	12
1207	1931	12
1308	1876	12
1378	1900	12
1455	1940	12
1593	1902	14
1705	1908	14
1792	1873	14
1880	1893	14
1963	1862	14
2106	1874	14
2201	1927	14
2302	1892	4
2388	1888	4
2514	1904	4
2603	1881	4
2662	1899	4
2794	1934	4
2903	1866	4
3006	1926	4
3078	1895	4
-11	1976	10
84	1980	10
217	2000	10
301	1997	10
391	2038	10
470	2027	10
591	1999	10
683	2028	10
769	2028	10
895	2014	12
1000	2022	12
1134	1965	12
1184	1986	12
1306	2031	12
1440	1999	12
1521	2008	12
1588	2034	12
1690	1998	14
1828	2015	14
1874	2010	14
1988	2003	14
2079	2004	14
2191	1998	14
2330	1978	4
2408	1986	4
2532	1978	4
2610	1973	4
2696	2001	4
2802	2002	4
2859	1961	4
3003	2040	4
3096	1986	4
38	2078	10
90	2134	10
218	2099	10
316	2104	10
402	2085	10
532	2102	10
583	2109	10
738	2090	10
808	2090	10
890	2079	12
994	2076	12
1063	2114	9
1214	2088	12
1262	2123	12
1415	2104	12
1468	2094	14
1638	2101	14
1701	2108	14
1808	2110	14
1882	2107	14
2041	2071	14
2088	2121	14
2214	2130	14
2271	2125	4
2388	2104	4
2491	2081	4
2619	2087	4
2674	2117	4
2812	2112	4
2920	2091	4
2991	2111	4
3107	2117	4
-37	2163	10
102	2208	10
182	2205	10
295	2197	10
398	2238	10
494	2194	10
585	2226	10
672	2191	10
760	2203	10
903	2168	9
1006	2206	9
1113	2240	9
1214	2201	9
1267	2188	9
1377	2176	12
1487	2179	14
1586	2188	14
1691	2195	14
1829	2200	14
1928	2222	8
1965	2158	14
2069	2185	14
2198	2170	14
2312	2221	14
2364	2188	4
2463	2182	4
2613	2169	4
2745	2176	4
2829	2228	2
2927	2224	4
3013	2220	4
3078	2214	4
0	2286	10
122	2293	10
233	2316	1
337	2289	10
410	2317	1
460	2333	1
620	2300	10
697	2277	10
794	2326	9
911	2292	9
1002	2319	9
1111	2278	9
1223	2282	9
1290	2319	9
1421	2311	9
1523	2304	14
1619	2275	14
1686	2286	14
1791	2308	14
1897	2337	8
1974	2272	8
2106	2266	14
2200	2304	14
2308	2295	14
2400	2327	14
2484	2258	4
2570	2308	4
2665	2297	4
2810	2314	2
2929	2275	2
2958	2308	4
3100	2341	4
5	2447	10
129	2383	10
217	2416	1
306	2411	1
395	2366	1
534	2426	1
614	2387	9
701	2379	9
779	2396	9
885	2402	9
969	2389	9
1089	2394	9
1213	2429	9
1282	2407	9
1406	2381	9
1478	2426	9
1595	2414	14
1732	2399	8
1806	2389	8
1930	2417	8
1968	2358	8
2083	2360	8
2159	2435	8
2275	2389	14
2398	2395	2
2503	2378	2
2602	2410	4
2699	2385	2
2788	2401	2
2927	2384	2
2973	2379	2
3117	2368	4
-7	2465	10
83	2526	1
222	2509	1
296	2456	1
405	2496	1
509	2498	1
606	2486	1
685	2476	1
796	2507	9
918	2511	9
1021	2520	9
1093	2497	9
1214	2484	9
1320	2524	9
1394	2509	9
1498	2509	8
1628	2488	14
1728	2494	8
1819	2493	8
1933	2509	8
1982	2508	8
2094	2463	8
2201	2492	8
2267	2483	14
2443	2489	14
2496	2513	2
2571	2471	2
2704	2542	2
2807	2520	2
2891	2515	2
3001	2473	2
3119	2522	2
-4	2629	1
82	2599	1
207	2594	1
291	2579	1
374	2577	1
462	2555	1
586	2615	1
697	2593	1
795	2593	1
870	2593	9
1032	2596	9
1104	2593	9
1205	2601	9
1305	2605	9
1428	2586	9
1531	2617	8
1607	2600	8
1706	2582	8
1784	2619	8
1901	2580	8
2002	2576	8
2084	2558	8
2200	2591	8
2298	2560	14
2380	2620	2
2542	2586	2
2604	2609	2
2728	2601	2
2795	2612	2
2909	2597	2
2976	2641	2
3142	2624	2
29	2682	1
131	2738	1
223	2719	1
272	2723	1
411	2724	1
503	2711	1
586	2689	1
689	2693	1
813	2686	1
866	2723	9
965	2744	9
1118	2691	9
1242	2695	9
1317	2673	9
1412	2660	9
1488	2691	8
1596	2684	8
1707	2722	8
1824	2707	8
1896	2675	8
2000	2703	8
2106	2716	8
2177	2699	8
2300	2672	2
2429	2688	2
2500	2688	2
2554	2719	2
2697	2699	2
2834	2683	2
2888	2694	2
2967	2743	2
3101	2705	2
1	2804	1
103	2809	1
226	2795	1
301	2761	1
422	2807	1
464	2785	1
558	2796	1
693	2845	1
804	2797	1
881	2774	9
988	2839	9
1067	2822	9
1208	2803	9
1291	2811	9
1402	2800	8
1503	2830	8
1613	2837	8
1697	2760	8
1798	2818	8
1883	2829	8
2021	2764	8
2089	2801	8
2195	2774	8
2281	2776	2
2379	2797	2
2512	2839	2
2604	2810	2
2724	2795	2
2790	2789	2
2910	2766	2
2985	2794	2
3066	2818	2
-4	2901	1
68	2868	1
200	2888	1
307	2936	1
405	2866	1
529	2894	1
602	2890	1
669	2889	1
803	2901	9
881	2881	9
1002	2925	9
1097	2866	9
1197	2934	9
1306	2864	9
1396	2905	8
1525	2906	8
1626	2932	8
1697	2887	8
1798	2905	8
1869	2880	8
2000	2871	8
2109	2913	8
2168	2904	8
2259	2884	2
2411	2947	2
2486	2910	2
2618	2903	2
2699	2862	2
2821	2927	2
2900	2908	2
2972	2925	2
3113	2867	2
-16	3033	1
110	3023	1
195	2994	1
307	2994	1
380	3030	1
471	2957	1
571	3047	1
709	2994	1
801	2990	1
855	3020	9
1000	3018	9
1122	2981	9
1220	3023	9
1287	3000	9
1412	2997	8
1531	3025	8
1637	3034	8
1740	3005	8
1756	3021	8
1889	2987	8
1997	2991	8
2127	2990	8
2187	3004	8
2323	3013	2
2405	2981	2
2496	3003	2
2588	2992	2
2720	3007	2
2799	3042	2
2885	2994	2
2998	3007	2
3073	3003	2
31	3148	1
112	3109	1
197	3116	1
271	3116	1
411	3093	1
483	3100	1
599	3132	1
723	3104	1
786	3136	9
898	3078	9
992	3075	9
1075	3102	9
1188	3069	9
1288	3102	9
1381	3103	9
1456	3092	8
1600	3095	8
1704	3113	8
1800	3090	8
1880	3067	8
1996	3116	8
2070	3135	8
2243	3125	8
2325	3064	2
2379	3068	2
2479	3108	2
2624	3119	2
2725	3081	2
2808	3060	2
2899	3111	2
2981	3060	2
3089	3107	2

0 	 1 	233	27.00
0 	 32 	277	27.00
1 	 2 	155	26.00
2 	 3 	278	24.00
2 	 34 	269	23.00
3 	 4 	171	12.00
3 	 35 	122	15.00
4 	 5 	139	15.00
4 	 36 	279	14.00
5 	 6 	153	15.00
6 	 7 	127	15.00
7 	 8 	239	25.00
8 	 9 	220	24.00
8 	 40 	197	12.00
9 	 10 	225	25.00
9 	 41 	151	13.00
10 	 11 	160	18.00
12 	 13 	197	17.00
12 	 44 	202	22.00
13 	 14 	250	21.00
14 	 15 	247	14.00
15 	 16 	181	20.00
15 	 47 	179	26.00
16 	 17 	245	19.00
16 	 48 	175	26.00
17 	 18 	243	17.00
17 	 49 	220	26.00
18 	 19 	152	15.00
18 	 50 	150	20.00
19 	 20 	197	22.00
19 	 51 	151	20.00
20 	 21 	219	17.00
21 	 22 	270	22.00
21 	 53 	270	23.00
22 	 23 	151	26.00
22 	 54 	170	26.00
23 	 24 	265	14.00
23 	 55 	225	15.00
24 	 25 	165	24.00
24 	 56 	182	18.00
25 	 26 	267	17.00
25 	 57 	250	21.00
27 	 28 	126	14.00
27 	 59 	140	14.00
28 	 29 	187	23.00
29 	 30 	135	13.00
29 	 61 	209	21.00
30 	 31 	211	15.00
30 	 62 	241	15.00
31 	 63 	204	27.00
32 	 33 	197	20.00
32 	 64 	241	17.00
33 	 34 	172	25.00
33 	 65 	252	20.00
35 	 36 	165	17.00
36 	 37 	252	25.00
36 	 68 	161	16.00
37 	 38 	235	22.00
37 	 69 	213	22.00
38 	 39 	173	28.00
38 	 70 	227	14.00
39 	 40 	175	13.00
39 	 71 	212	24.00
40 	 41 	133	17.00
40 	 72 	247	19.00
41 	 42 	235	21.00
42 	 43 	274	19.00
42 	 74 	158	28.00
43 	 44 	183	23.00
43 	 75 	235	15.00
44 	 45 	258	14.00
44 	 76 	269	22.00
45 	 46 	199	21.00
46 	 47 	124	22.00
46 	 78 	166	22.00
47 	 48 	245	28.00
47 	 79 	154	28.00
48 	 49 	259	19.00
48 	 80 	276	26.00
49 	 50 	125	21.00
49 	 81 	124	20.00
50 	 51 	279	22.00
50 	 82 	261	19.00
51 	 52 	124	25.00
52 	 53 	264	20.00
52 	 84 	243	17.00
53 	 54 	255	12.00
53 	 85 	242	14.00
54 	 55 	130	27.00
54 	 86 	228	14.00
55 	 56 	207	27.00
55 	 87 	247	21.00
56 	 57 	170	15.00
57 	 58 	125	24.00
57 	 89 	250	15.00
58 	 59 	186	16.00
58 	 90 	217	25.00
60 	 61 	242	26.00
60 	 92 	135	21.00
61 	 62 	152	26.00
61 	 93 	225	26.00
62 	 63 	260	20.00
63 	 95 	201	22.00
64 	 65 	264	12.00
64 	 96 	276	24.00
65 	 66 	274	23.00
65 	 97 	182	16.00
66 	 67 	163	26.00
66 	 98 	234	16.00
67 	 99 	131	18.00
69 	 70 	144	19.00
69 	 101 	191	14.00
70 	 71 	249	18.00
70 	 102 	222	22.00
71 	 72 	226	24.00
72 	 73 	178	27.00
72 	 104 	210	23.00
73 	 74 	173	17.00
73 	 105 	133	26.00
75 	 76 	139	23.00
75 	 107 	267	17.00
76 	 77 	245	27.00
76 	 108 	130	17.00
77 	 78 	242	14.00
78 	 79 	137	19.00
78 	 110 	202	15.00
79 	 80 	148	12.00
79 	 111 	255	21.00
80 	 81 	162	16.00
82 	 83 	158	17.00
82 	 114 	173	20.00
83 	 115 	231	22.00
85 	 86 	144	20.00
85 	 117 	215	12.00
86 	 87 	246	17.00
86 	 118 	176	25.00
87 	 88 	247	28.00
87 	 119 	160	12.00
89 	 90 	194	13.00
89 	 121 	257	22.00
90 	 91 	131	26.00
90 	 122 	171	26.00
91 	 92 	273	26.00
91 	 123 	172	13.00
93 	 94 	128	16.00
93 	 125 	276	13.00
95 	 127 	234	15.00
96 	 97 	276	28.00
96 	 128 	234	22.00
97 	 98 	212	28.00
98 	 99 	241	25.00
100 	 101 	207	20.00
100 	 132 	254	12.00
101 	 102 	147	27.00
101 	 133 	151	25.00
102 	 103 	224	17.00
103 	 104 	165	20.00
104 	 105 	137	16.00
104 	 136 	210	28.00
105 	 106 	126	14.00
106 	 107 	218	19.00
106 	 138 	143	20.00
107 	 108 	279	25.00
107 	 139 	273	26.00
108 	 109 	271	20.00
109 	 110 	265	20.00
109 	 141 	169	12.00
110 	 111 	233	12.00
110 	 142 	151	22.00
111 	 112 	131	23.00
111 	 143 	277	14.00
113 	 114 	217	23.00
113 	 145 	234	23.00
114 	 115 	162	19.00
114 	 146 	220	14.00
115 	 116 	208	22.00
116 	 117 	191	22.00
117 	 118 	279	24.00
117 	 149 	130	26.00
118 	 119 	221	12.00
118 	 150 	157	12.00
119 	 120 	155	21.00
120 	 121 	241	20.00
120 	 152 	127	28.00
121 	 122 	211	15.00
121 	 153 	269	14.00
122 	 123 	174	12.00
122 	 154 	190	13.00
123 	 124 	189	21.00
123 	 155 	250	20.00
125 	 126 	134	21.00
126 	 127 	165	28.00
126 	 158 	120	12.00
127 	 159 	219	13.00
128 	 129 	132	24.00
129 	 130 	180	15.00
129 	 161 	263	24.00
130 	 131 	227	19.00
130 	 162 	183	16.00
131 	 132 	135	17.00
131 	 163 	214	28.00
132 	 133 	201	23.00
132 	 164 	123	19.00
133 	 134 	124	12.00
134 	 135 	152	18.00
135 	 136 	137	26.00
136 	 137 	195	16.00
136 	 168 	157	25.00
138 	 139 	179	28.00
139 	 140 	243	12.00
139 	 171 	212	18.00
140 	 141 	179	25.00
140 	 172 	245	26.00
141 	 142 	246	12.00
141 	 173 	202	23.00
142 	 143 	267	15.00
142 	 174 	189	28.00
143 	 144 	175	19.00
143 	 175 	219	18.00
144 	 145 	173	15.00
144 	 176 	163	22.00
145 	 146 	238	13.00
145 	 177 	138	27.00
146 	 147 	261	12.00
146 	 178 	169	19.00
147 	 148 	261	19.00
147 	 179 	122	26.00
149 	 150 	208	12.00
150 	 151 	181	18.00
151 	 152 	248	21.00
151 	 183 	127	28.00
152 	 153 	162	21.00
152 	 184 	170	19.00
153 	 154 	259	22.00
154 	 155 	215	20.00
154 	 186 	201	26.00
155 	 156 	218	18.00
156 	 157 	239	28.00
156 	 188 	232	22.00
157 	 158 	267	20.00
158 	 159 	152	13.00
159 	 191 	233	15.00
160 	 161 	171	17.00
160 	 192 	245	20.00
161 	 162 	211	14.00
162 	 163 	225	23.00
162 	 194 	258	19.00
163 	 164 	257	23.00
164 	 165 	184	20.00
165 	 166 	156	17.00
165 	 197 	215	26.00
166 	 167 	269	15.00
166 	 198 	202	13.00
167 	 168 	139	20.00
167 	 199 	222	24.00
168 	 169 	247	16.00
168 	 200 	274	24.00
169 	 170 	210	13.00
169 	 201 	205	21.00
170 	 171 	225	26.00
171 	 172 	152	23.00
171 	 203 	246	21.00
172 	 173 	231	25.00
172 	 204 	263	13.00
173 	 174 	145	13.00
173 	 205 	223	23.00
174 	 175 	124	21.00
174 	 206 	184	22.00
176 	 177 	212	24.00
177 	 178 	229	12.00
177 	 209 	133	25.00
179 	 180 	152	22.00
180 	 181 	220	21.00
180 	 212 	234	12.00
181 	 182 	254	19.00
181 	 213 	249	26.00
182 	 183 	254	25.00
182 	 214 	180	21.00
183 	 184 	127	18.00
183 	 215 	233	25.00
184 	 185 	161	19.00
184 	 216 	243	26.00
187 	 188 	265	28.00
187 	 219 	251	12.00
188 	 189 	184	14.00
189 	 190 	267	16.00
189 	 221 	202	22.00
190 	 191 	253	23.00
190 	 222 	130	14.00
191 	 223 	123	27.00
192 	 193 	127	12.00
192 	 224 	134	16.00
193 	 194 	182	18.00
193 	 225 	163	17.00
194 	 195 	154	23.00
194 	 226 	271	17.00
195 	 196 	127	17.00
196 	 197 	180	13.00
197 	 198 	258	14.00
197 	 229 	195	25.00
198 	 199 	201	21.00
199 	 200 	194	19.00
200 	 201 	173	20.00
200 	 232 	193	15.00
201 	 202 	142	17.00
202 	 203 	153	19.00
202 	 234 	130	14.00
203 	 204 	261	14.00
203 	 235 	253	14.00
204 	 205 	272	25.00
204 	 236 	242	27.00
206 	 207 	234	27.00
206 	 238 	224	13.00
207 	 208 	212	26.00
207 	 239 	177	18.00
208 	 209 	235	28.00
209 	 210 	192	13.00
209 	 241 	159	14.00
210 	 211 	198	17.00
210 	 242 	154	19.00
211 	 243 	192	16.00
213 	 214 	141	14.00
213 	 245 	280	21.00
214 	 215 	252	18.00
214 	 246 	214	28.00
215 	 216 	192	18.00
215 	 247 	195	13.00
217 	 218 	241	22.00
217 	 249 	233	28.00
218 	 219 	132	21.00
218 	 250 	133	19.00
219 	 220 	187	19.00
219 	 251 	123	19.00
220 	 221 	156	27.00
220 	 252 	205	22.00
221 	 222 	164	24.00
221 	 253 	181	20.00
222 	 223 	246	25.00
223 	 255 	129	21.00
224 	 225 	197	16.00
225 	 226 	263	15.00
226 	 227 	241	22.00
227 	 228 	185	23.00
227 	 259 	210	20.00
228 	 229 	179	17.00
228 	 260 	160	14.00
229 	 230 	157	25.00
229 	 261 	120	20.00
230 	 231 	205	22.00
231 	 232 	255	14.00
231 	 263 	261	20.00
232 	 233 	183	22.00
233 	 234 	214	13.00
234 	 235 	256	18.00
234 	 266 	143	21.00
235 	 236 	132	17.00
235 	 267 	167	23.00
237 	 238 	155	20.00
237 	 269 	152	12.00
238 	 239 	245	27.00
238 	 270 	267	12.00
239 	 240 	276	25.00
240 	 241 	213	24.00
242 	 243 	241	25.00
242 	 274 	261	27.00
243 	 244 	218	25.00
243 	 275 	164	26.00
244 	 245 	130	19.00
244 	 276 	211	26.00
245 	 246 	189	19.00
245 	 277 	158	25.00
246 	 247 	178	13.00
247 	 248 	212	13.00
247 	 279 	188	25.00
248 	 249 	160	12.00
249 	 250 	257	21.00
249 	 281 	171	23.00
250 	 251 	212	19.00
250 	 282 	192	20.00
251 	 252 	132	12.00
252 	 253 	185	22.00
253 	 254 	280	28.00
253 	 285 	201	13.00
254 	 255 	174	13.00
256 	 257 	126	23.00
256 	 288 	209	20.00
257 	 258 	202	16.00
257 	 289 	209	28.00
258 	 259 	150	24.00
259 	 260 	218	17.00
259 	 291 	237	25.00
262 	 263 	181	13.00
262 	 294 	142	19.00
263 	 264 	216	15.00
263 	 295 	217	28.00
264 	 265 	135	22.00
264 	 296 	186	20.00
266 	 267 	261	16.00
267 	 268 	248	14.00
267 	 299 	177	27.00
268 	 269 	132	25.00
268 	 300 	257	13.00
269 	 270 	196	24.00
269 	 301 	265	26.00
270 	 271 	143	13.00
271 	 272 	159	13.00
271 	 303 	142	26.00
273 	 274 	267	28.00
274 	 275 	154	14.00
274 	 306 	192	21.00
275 	 276 	150	12.00
275 	 307 	183	28.00
276 	 277 	170	14.00
276 	 308 	215	28.00
277 	 278 	273	27.00
278 	 279 	141	17.00
278 	 310 	227	16.00
279 	 280 	230	21.00
280 	 281 	136	27.00
280 	 312 	271	14.00
281 	 282 	123	22.00
283 	 284 	242	28.00
283 	 315 	186	14.00
284 	 285 	133	25.00
285 	 286 	137	26.00
285 	 317 	223	12.00
286 	 287 	233	15.00
286 	 318 	213	14.00
288 	 289 	279	12.00
288 	 320 	169	21.00
289 	 290 	247	21.00
290 	 291 	203	26.00
290 	 322 	130	14.00
292 	 293 	126	25.00
292 	 324 	277	12.00
293 	 294 	191	17.00
294 	 295 	151	26.00
294 	 326 	211	22.00
295 	 296 	216	19.00
295 	 327 	241	18.00
296 	 297 	213	22.00
296 	 328 	193	19.00
297 	 298 	133	13.00
298 	 299 	251	28.00
298 	 330 	139	14.00
299 	 300 	234	13.00
299 	 331 	219	16.00
300 	 301 	202	20.00
300 	 332 	135	20.00
301 	 302 	166	26.00
301 	 333 	243	13.00
302 	 303 	160	16.00
303 	 304 	273	26.00
303 	 335 	145	14.00
304 	 305 	175	23.00
304 	 336 	175	22.00
305 	 306 	141	24.00
305 	 337 	134	21.00
306 	 307 	241	12.00
307 	 308 	139	15.00
307 	 339 	194	18.00
308 	 309 	242	12.00
308 	 340 	202	12.00
309 	 310 	128	26.00
310 	 311 	147	24.00
310 	 342 	269	27.00
311 	 312 	156	14.00
311 	 343 	183	28.00
312 	 313 	271	12.00
313 	 314 	200	26.00
313 	 345 	178	19.00
314 	 315 	230	18.00
315 	 316 	205	13.00
317 	 318 	204	24.00
318 	 319 	188	12.00
318 	 350 	185	18.00
319 	 351 	177	19.00
320 	 321 	153	16.00
320 	 352 	151	14.00
321 	 322 	159	23.00
321 	 353 	144	25.00
322 	 323 	125	14.00
322 	 354 	144	23.00
323 	 324 	146	23.00
323 	 355 	245	15.00
324 	 325 	235	21.00
325 	 326 	123	17.00
326 	 327 	195	12.00
327 	 328 	153	27.00
327 	 359 	148	24.00
328 	 329 	126	18.00
329 	 330 	168	17.00
330 	 331 	168	28.00
330 	 362 	234	21.00
331 	 332 	263	21.00
331 	 363 	213	15.00
332 	 333 	132	21.00
333 	 334 	222	17.00
333 	 365 	129	27.00
334 	 335 	126	25.00
334 	 366 	144	13.00
335 	 336 	133	15.00
335 	 367 	168	14.00
336 	 337 	213	26.00
337 	 338 	249	17.00
337 	 369 	124	17.00
338 	 339 	218	19.00
338 	 370 	220	14.00
339 	 340 	253	17.00
340 	 341 	212	13.00
340 	 372 	171	21.00
341 	 342 	239	12.00
341 	 373 	193	12.00
342 	 343 	163	22.00
342 	 374 	211	14.00
343 	 344 	150	18.00
343 	 375 	165	19.00
344 	 345 	167	21.00
344 	 376 	138	28.00
345 	 346 	121	28.00
347 	 348 	150	28.00
347 	 379 	149	23.00
348 	 349 	204	26.00
349 	 350 	162	21.00
350 	 351 	271	22.00
351 	 383 	233	25.00
352 	 353 	276	12.00
352 	 384 	166	13.00
353 	 354 	261	19.00
353 	 385 	144	12.00
354 	 355 	149	23.00
354 	 386 	160	20.00
355 	 356 	177	15.00
355 	 387 	138	27.00
356 	 357 	231	26.00
357 	 358 	155	13.00
357 	 389 	159	18.00
359 	 360 	274	23.00
360 	 361 	224	22.00
360 	 392 	278	19.00
361 	 362 	252	14.00
361 	 393 	191	17.00
362 	 363 	270	26.00
363 	 364 	230	27.00
363 	 395 	242	26.00
364 	 365 	167	23.00
365 	 366 	146	18.00
365 	 397 	135	15.00
366 	 367 	227	14.00
366 	 398 	193	12.00
367 	 368 	279	12.00
368 	 369 	262	27.00
368 	 400 	126	26.00
369 	 370 	262	23.00
369 	 401 	141	26.00
370 	 371 	259	12.00
370 	 402 	147	12.00
371 	 372 	246	22.00
371 	 403 	167	24.00
372 	 373 	127	14.00
372 	 404 	126	15.00
373 	 374 	163	12.00
374 	 375 	254	18.00
374 	 406 	215	12.00
375 	 376 	202	17.00
375 	 407 	276	18.00
376 	 377 	220	18.00
376 	 408 	245	19.00
377 	 378 	217	14.00
377 	 409 	182	19.00
378 	 379 	186	26.00
378 	 410 	273	15.00
379 	 380 	273	16.00
379 	 411 	175	17.00
380 	 381 	244	20.00
380 	 412 	188	21.00
381 	 382 	255	15.00
381 	 413 	169	19.00
382 	 383 	279	26.00
383 	 415 	254	15.00
384 	 385 	235	14.00
384 	 416 	231	24.00
385 	 386 	173	19.00
385 	 417 	232	19.00
387 	 388 	259	24.00
387 	 419 	211	16.00
388 	 389 	277	15.00
389 	 390 	162	17.00
389 	 421 	264	27.00
390 	 391 	278	17.00
390 	 422 	222	24.00
391 	 392 	147	20.00
391 	 423 	182	19.00
392 	 393 	133	20.00
392 	 424 	248	15.00
393 	 394 	201	21.00
393 	 425 	177	22.00
394 	 395 	240	20.00
395 	 396 	270	15.00
395 	 427 	136	23.00
396 	 397 	171	24.00
396 	 428 	222	24.00
397 	 398 	237	23.00
397 	 429 	270	16.00
398 	 399 	242	23.00
398 	 430 	139	21.00
399 	 400 	169	26.00
399 	 431 	235	20.00
400 	 401 	138	25.00
400 	 432 	190	16.00
401 	 402 	185	16.00
401 	 433 	123	26.00
402 	 403 	152	13.00
402 	 434 	226	15.00
403 	 404 	120	15.00
403 	 435 	141	26.00
404 	 405 	277	12.00
404 	 436 	251	26.00
405 	 406 	247	19.00
405 	 437 	153	12.00
406 	 407 	209	25.00
407 	 408 	279	25.00
407 	 439 	267	13.00
408 	 409 	267	24.00
408 	 440 	202	22.00
409 	 410 	255	24.00
410 	 411 	170	20.00
410 	 442 	249	20.00
411 	 412 	139	25.00
411 	 443 	181	25.00
412 	 413 	275	14.00
412 	 444 	220	16.00
413 	 414 	137	14.00
413 	 445 	195	15.00
414 	 415 	231	13.00
414 	 446 	127	20.00
415 	 447 	185	23.00
416 	 417 	171	28.00
416 	 448 	121	26.00
417 	 418 	166	13.00
417 	 449 	249	20.00
418 	 419 	249	15.00
418 	 450 	239	19.00
419 	 420 	268	22.00
420 	 421 	143	23.00
420 	 452 	257	23.00
421 	 422 	248	18.00
421 	 453 	132	26.00
422 	 423 	222	26.00
422 	 454 	213	13.00
423 	 424 	124	17.00
423 	 455 	269	24.00
424 	 425 	239	23.00
424 	 456 	196	17.00
425 	 426 	261	14.00
427 	 428 	219	26.00
428 	 429 	260	15.00
429 	 430 	173	13.00
430 	 462 	200	15.00
432 	 433 	223	25.00
432 	 464 	254	26.00
433 	 434 	237	28.00
433 	 465 	236	22.00
434 	 435 	239	14.00
434 	 466 	176	28.00
435 	 436 	191	27.00
435 	 467 	248	17.00
436 	 437 	210	20.00
438 	 439 	249	14.00
438 	 470 	251	20.00
439 	 440 	221	18.00
439 	 471 	145	15.00
440 	 441 	228	15.00
440 	 472 	129	14.00
441 	 442 	235	18.00
441 	 473 	271	13.00
442 	 443 	246	25.00
442 	 474 	149	23.00
443 	 444 	151	19.00
443 	 475 	169	22.00
445 	 477 	126	18.00
447 	 479 	197	28.00
448 	 449 	252	28.00
448 	 480 	274	27.00
449 	 450 	147	20.00
449 	 481 	200	18.00
450 	 451 	232	18.00
450 	 482 	256	18.00
451 	 452 	138	21.00
451 	 483 	141	12.00
452 	 453 	221	17.00
452 	 484 	204	14.00
453 	 454 	255	14.00
454 	 455 	184	22.00
454 	 486 	221	19.00
455 	 456 	255	23.00
455 	 487 	269	23.00
456 	 457 	210	13.00
456 	 488 	175	22.00
457 	 458 	143	17.00
457 	 489 	228	23.00
458 	 459 	153	14.00
458 	 490 	131	24.00
459 	 460 	149	21.00
459 	 491 	253	13.00
460 	 461 	235	18.00
460 	 492 	262	26.00
461 	 462 	266	21.00
461 	 493 	231	26.00
462 	 463 	275	26.00
462 	 494 	221	15.00
463 	 464 	140	25.00
463 	 495 	159	21.00
464 	 465 	275	27.00
464 	 496 	162	23.00
465 	 466 	191	28.00
466 	 467 	268	23.00
466 	 498 	159	12.00
468 	 469 	245	24.00
468 	 500 	193	20.00
469 	 470 	172	24.00
470 	 471 	203	19.00
470 	 502 	236	19.00
471 	 472 	272	17.00
472 	 473 	171	24.00
474 	 475 	206	13.00
475 	 476 	166	27.00
475 	 507 	217	14.00
477 	 478 	128	28.00
477 	 509 	145	15.00
478 	 479 	227	16.00
478 	 510 	132	27.00
479 	 511 	127	27.00
480 	 481 	255	21.00
480 	 512 	147	19.00
481 	 482 	234	19.00
481 	 513 	244	27.00
482 	 483 	145	15.00
482 	 514 	270	15.00
483 	 484 	192	18.00
484 	 485 	219	16.00
485 	 486 	208	14.00
486 	 487 	237	20.00
486 	 518 	144	24.00
487 	 488 	197	23.00
488 	 489 	263	24.00
490 	 491 	189	28.00
493 	 494 	213	18.00
494 	 495 	276	15.00
494 	 526 	197	26.00
495 	 496 	253	26.00
496 	 497 	273	28.00
496 	 528 	239	18.00
499 	 500 	225	12.00
500 	 501 	208	19.00
500 	 532 	223	26.00
502 	 503 	139	28.00
502 	 534 	271	21.00
503 	 504 	213	27.00
503 	 535 	242	14.00
504 	 505 	212	26.00
504 	 536 	232	24.00
505 	 506 	248	16.00
508 	 509 	127	21.00
509 	 510 	129	14.00
509 	 541 	227	20.00
510 	 511 	261	24.00
510 	 542 	278	12.00
512 	 513 	146	21.00
512 	 544 	143	18.00
513 	 514 	144	19.00
513 	 545 	196	15.00
514 	 515 	267	25.00
514 	 546 	202	17.00
515 	 516 	277	22.00
515 	 547 	172	17.00
516 	 517 	225	16.00
516 	 548 	268	18.00
518 	 519 	190	22.00
518 	 550 	150	13.00
519 	 520 	172	17.00
521 	 522 	256	25.00
521 	 553 	216	14.00
522 	 523 	218	26.00
522 	 554 	196	15.00
523 	 524 	165	22.00
523 	 555 	244	28.00
524 	 525 	240	27.00
524 	 556 	135	22.00
525 	 526 	258	19.00
525 	 557 	247	15.00
526 	 527 	164	14.00
526 	 558 	273	27.00
527 	 528 	268	23.00
528 	 529 	271	14.00
528 	 560 	222	24.00
530 	 531 	164	12.00
530 	 562 	274	23.00
531 	 532 	163	22.00
531 	 563 	138	17.00
532 	 533 	130	21.00
532 	 564 	267	14.00
533 	 534 	218	20.00
533 	 565 	164	21.00
534 	 535 	133	16.00
534 	 566 	255	27.00
535 	 536 	197	14.00
535 	 567 	209	22.00
536 	 537 	216	20.00
537 	 538 	194	28.00
537 	 569 	274	26.00
538 	 539 	151	12.00
538 	 570 	212	15.00
540 	 541 	207	21.00
540 	 572 	208	13.00
541 	 542 	137	13.00
541 	 573 	133	16.00
542 	 543 	140	28.00
542 	 574 	269	19.00
545 	 546 	271	15.00
546 	 547 	220	21.00
546 	 578 	150	27.00
547 	 548 	168	27.00
549 	 550 	121	14.00
550 	 551 	160	23.00
550 	 582 	235	21.00
551 	 552 	153	22.00
551 	 583 	258	20.00
552 	 553 	276	18.00
552 	 584 	150	14.00
553 	 554 	218	13.00
554 	 555 	203	25.00
555 	 556 	128	20.00
556 	 557 	267	23.00
556 	 588 	256	20.00
557 	 558 	235	16.00
558 	 559 	273	19.00
558 	 590 	218	27.00
559 	 560 	263	12.00
559 	 591 	239	28.00
560 	 561 	236	26.00
565 	 566 	183	28.00
565 	 597 	266	13.00
566 	 567 	121	15.00
566 	 598 	141	13.00
567 	 568 	153	15.00
567 	 599 	142	27.00
568 	 569 	247	14.00
568 	 600 	174	18.00
569 	 570 	262	15.00
571 	 572 	170	15.00
571 	 603 	180	15.00
572 	 573 	172	20.00
572 	 604 	182	12.00
573 	 574 	225	14.00
575 	 607 	220	28.00
576 	 577 	271	27.00
576 	 608 	141	14.00
578 	 579 	176	28.00
578 	 610 	130	27.00
579 	 580 	230	27.00
579 	 611 	176	21.00
580 	 581 	267	28.00
580 	 612 	248	16.00
581 	 582 	150	24.00
581 	 613 	197	21.00
582 	 583 	167	18.00
582 	 614 	153	17.00
584 	 585 	237	26.00
585 	 586 	133	18.00
585 	 617 	184	17.00
586 	 587 	233	27.00
586 	 618 	251	18.00
587 	 588 	228	28.00
587 	 619 	272	22.00
588 	 589 	271	18.00
588 	 620 	142	24.00
589 	 590 	138	13.00
589 	 621 	229	28.00
590 	 591 	211	24.00
591 	 592 	229	16.00
591 	 623 	135	17.00
592 	 593 	174	18.00
592 	 624 	231	16.00
593 	 594 	176	22.00
593 	 625 	191	21.00
594 	 595 	245	23.00
594 	 626 	209	15.00
595 	 596 	242	27.00
595 	 627 	157	17.00
596 	 597 	151	27.00
597 	 598 	185	25.00
598 	 599 	156	19.00
598 	 630 	249	19.00
599 	 600 	269	24.00
600 	 601 	255	28.00
600 	 632 	264	13.00
601 	 602 	236	26.00
601 	 633 	238	27.00
603 	 604 	221	19.00
604 	 605 	209	20.00
604 	 636 	187	23.00
605 	 606 	167	21.00
605 	 637 	257	23.00
606 	 607 	189	26.00
606 	 638 	276	15.00
608 	 609 	229	20.00
608 	 640 	124	26.00
609 	 610 	188	18.00
610 	 611 	199	19.00
611 	 612 	230	27.00
612 	 613 	184	21.00
613 	 614 	236	18.00
614 	 615 	245	21.00
614 	 646 	220	22.00
615 	 616 	270	14.00
616 	 617 	182	23.00
616 	 648 	185	21.00
617 	 618 	159	28.00
618 	 619 	172	28.00
618 	 650 	186	12.00
619 	 620 	184	26.00
619 	 651 	191	20.00
620 	 621 	186	15.00
620 	 652 	205	22.00
621 	 622 	128	22.00
621 	 653 	262	16.00
622 	 623 	121	13.00
622 	 654 	193	24.00
623 	 624 	238	23.00
623 	 655 	204	18.00
624 	 625 	252	20.00
625 	 626 	131	24.00
625 	 657 	198	18.00
626 	 627 	141	21.00
626 	 658 	154	25.00
627 	 628 	256	23.00
627 	 659 	232	16.00
628 	 629 	256	14.00
628 	 660 	232	26.00
629 	 630 	248	19.00
630 	 631 	223	12.00
630 	 662 	163	19.00
631 	 632 	209	19.00
632 	 633 	124	15.00
633 	 634 	131	27.00
634 	 635 	241	26.00
634 	 666 	177	18.00
635 	 636 	240	26.00
636 	 637 	148	18.00
637 	 638 	210	28.00
637 	 669 	142	22.00
638 	 639 	231	22.00
640 	 641 	253	24.00
641 	 642 	139	20.00
641 	 673 	226	22.00
642 	 643 	247	25.00
643 	 644 	213	22.00
644 	 645 	221	18.00
644 	 676 	241	28.00
646 	 647 	268	19.00
646 	 678 	199	14.00
647 	 648 	133	24.00
648 	 649 	125	21.00
648 	 680 	139	22.00
649 	 650 	250	24.00
649 	 681 	240	26.00
650 	 651 	166	22.00
650 	 682 	271	28.00
651 	 652 	250	28.00
651 	 683 	230	18.00
652 	 653 	199	23.00
652 	 684 	157	28.00
653 	 654 	182	26.00
653 	 685 	170	19.00
654 	 655 	200	28.00
654 	 686 	237	13.00
655 	 656 	279	25.00
655 	 687 	145	16.00
656 	 657 	238	12.00
657 	 658 	264	12.00
657 	 689 	195	25.00
658 	 659 	210	23.00
658 	 690 	261	21.00
659 	 660 	242	25.00
659 	 691 	234	12.00
660 	 661 	136	14.00
660 	 692 	221	28.00
662 	 663 	212	23.00
662 	 694 	278	21.00
663 	 664 	161	28.00
664 	 665 	207	20.00
665 	 666 	248	16.00
666 	 667 	278	24.00
668 	 669 	201	17.00
668 	 700 	173	28.00
669 	 670 	242	19.00
669 	 701 	264	20.00
670 	 671 	239	24.00
671 	 703 	191	21.00
672 	 673 	142	24.00
672 	 704 	195	24.00
673 	 674 	124	24.00
674 	 675 	279	20.00
675 	 676 	242	21.00
676 	 677 	134	25.00
676 	 708 	242	16.00
677 	 678 	226	22.00
677 	 709 	239	18.00
678 	 679 	234	23.00
678 	 710 	217	26.00
679 	 680 	215	22.00
679 	 711 	168	20.00
681 	 682 	197	23.00
681 	 713 	194	19.00
682 	 683 	203	17.00
683 	 684 	236	24.00
683 	 715 	123	15.00
685 	 686 	225	28.00
685 	 717 	198	16.00
686 	 687 	140	25.00
686 	 718 	168	23.00
687 	 688 	180	26.00
687 	 719 	261	25.00
688 	 689 	216	14.00
688 	 720 	271	17.00
689 	 690 	191	19.00
689 	 721 	243	20.00
690 	 691 	208	20.00
691 	 692 	231	13.00
693 	 694 	254	22.00
693 	 725 	132	16.00
694 	 695 	267	25.00
694 	 726 	182	13.00
695 	 696 	201	20.00
695 	 727 	186	18.00
696 	 697 	134	14.00
697 	 698 	172	28.00
697 	 729 	276	26.00
698 	 699 	142	20.00
698 	 730 	122	23.00
701 	 702 	123	20.00
702 	 703 	208	16.00
702 	 734 	189	18.00
703 	 735 	178	19.00
704 	 705 	266	18.00
704 	 736 	181	23.00
705 	 706 	179	26.00
705 	 737 	262	17.00
706 	 707 	150	16.00
707 	 708 	122	20.00
707 	 739 	157	16.00
708 	 709 	201	16.00
708 	 740 	143	26.00
709 	 710 	188	22.00
710 	 711 	183	12.00
710 	 742 	210	27.00
711 	 712 	196	18.00
711 	 743 	144	19.00
712 	 713 	210	18.00
712 	 744 	236	14.00
713 	 714 	268	19.00
713 	 745 	160	12.00
714 	 715 	244	26.00
715 	 716 	146	19.00
716 	 717 	255	19.00
716 	 748 	185	28.00
717 	 718 	162	26.00
718 	 719 	168	20.00
718 	 750 	211	22.00
719 	 720 	136	20.00
720 	 721 	174	20.00
720 	 752 	200	20.00
721 	 722 	150	23.00
722 	 723 	162	12.00
723 	 724 	245	16.00
723 	 755 	141	12.00
724 	 725 	187	14.00
725 	 726 	277	22.00
725 	 757 	244	23.00
726 	 727 	185	21.00
726 	 758 	252	21.00
727 	 728 	244	23.00
727 	 759 	234	15.00
728 	 729 	189	21.00
728 	 760 	141	27.00
729 	 730 	139	20.00
730 	 731 	124	13.00
730 	 762 	179	28.00
731 	 732 	131	23.00
731 	 763 	120	13.00
732 	 733 	207	17.00
733 	 734 	198	23.00
733 	 765 	198	23.00
734 	 735 	176	25.00
735 	 767 	209	12.00
736 	 737 	157	24.00
736 	 768 	167	14.00
737 	 738 	162	17.00
738 	 739 	233	21.00
738 	 770 	134	28.00
740 	 741 	254	13.00
741 	 742 	203	25.00
742 	 743 	157	21.00
742 	 774 	216	12.00
743 	 744 	148	20.00
743 	 775 	262	12.00
744 	 745 	226	14.00
744 	 776 	126	15.00
745 	 746 	202	14.00
746 	 747 	144	27.00
746 	 778 	235	12.00
747 	 748 	278	28.00
747 	 779 	161	28.00
748 	 749 	280	17.00
749 	 750 	222	13.00
749 	 781 	228	27.00
750 	 751 	204	17.00
751 	 752 	168	13.00
751 	 783 	158	16.00
752 	 753 	122	21.00
752 	 784 	214	27.00
753 	 754 	155	23.00
754 	 755 	189	28.00
754 	 786 	188	16.00
755 	 756 	178	12.00
755 	 787 	132	12.00
756 	 757 	229	18.00
757 	 758 	271	15.00
757 	 789 	226	22.00
758 	 759 	232	26.00
759 	 760 	172	26.00
759 	 791 	140	19.00
760 	 761 	142	24.00
761 	 762 	164	16.00
761 	 793 	178	19.00
764 	 765 	180	16.00
764 	 796 	220	13.00
765 	 766 	264	27.00
766 	 767 	279	13.00
766 	 798 	221	28.00
767 	 799 	198	25.00
768 	 769 	270	15.00
769 	 770 	167	25.00
770 	 771 	251	28.00
771 	 772 	253	20.00
771 	 803 	150	17.00
772 	 773 	158	23.00
773 	 774 	183	17.00
773 	 805 	128	28.00
774 	 775 	249	28.00
774 	 806 	194	23.00
775 	 776 	251	13.00
775 	 807 	154	19.00
776 	 777 	137	17.00
776 	 808 	142	20.00
777 	 778 	272	25.00
777 	 809 	212	18.00
778 	 779 	169	20.00
778 	 810 	125	28.00
780 	 781 	180	23.00
781 	 782 	120	14.00
781 	 813 	224	13.00
782 	 783 	152	20.00
782 	 814 	120	18.00
783 	 784 	177	25.00
783 	 815 	203	14.00
784 	 785 	130	13.00
784 	 816 	126	18.00
785 	 786 	249	26.00
785 	 817 	151	20.00
786 	 787 	234	25.00
787 	 788 	224	18.00
788 	 789 	144	25.00
789 	 790 	266	14.00
790 	 791 	215	23.00
791 	 792 	213	16.00
792 	 793 	153	16.00
793 	 794 	273	13.00
793 	 825 	177	27.00
794 	 795 	175	14.00
794 	 826 	191	13.00
795 	 796 	238	17.00
796 	 797 	148	12.00
797 	 798 	243	22.00
797 	 829 	158	24.00
798 	 799 	171	19.00
800 	 801 	126	23.00
800 	 832 	188	27.00
801 	 802 	150	20.00
801 	 833 	226	13.00
802 	 803 	208	25.00
802 	 834 	205	18.00
803 	 804 	182	20.00
803 	 835 	268	27.00
804 	 805 	193	24.00
804 	 836 	209	22.00
805 	 806 	277	20.00
806 	 807 	148	16.00
806 	 838 	228	12.00
807 	 808 	171	16.00
808 	 809 	249	26.00
808 	 840 	124	24.00
810 	 811 	166	13.00
810 	 842 	204	18.00
811 	 812 	219	27.00
811 	 843 	255	15.00
812 	 813 	249	15.00
812 	 844 	184	23.00
813 	 814 	178	15.00
814 	 815 	252	14.00
814 	 846 	273	19.00
815 	 816 	231	21.00
816 	 817 	253	27.00
816 	 848 	267	18.00
817 	 818 	132	14.00
817 	 849 	237	23.00
818 	 819 	164	16.00
819 	 820 	270	27.00
819 	 851 	270	18.00
820 	 821 	150	17.00
820 	 852 	250	20.00
821 	 822 	235	26.00
822 	 823 	184	19.00
823 	 824 	224	15.00
823 	 855 	259	18.00
824 	 825 	146	20.00
824 	 856 	186	25.00
825 	 826 	162	17.00
825 	 857 	255	15.00
826 	 827 	248	16.00
827 	 828 	201	19.00
828 	 829 	189	16.00
828 	 860 	182	27.00
829 	 830 	206	20.00
829 	 861 	236	15.00
830 	 831 	239	21.00
830 	 862 	251	27.00
832 	 833 	278	19.00
832 	 864 	204	19.00
833 	 834 	256	13.00
833 	 865 	169	27.00
834 	 835 	211	28.00
835 	 836 	173	27.00
836 	 837 	245	16.00
836 	 868 	131	28.00
837 	 838 	142	24.00
837 	 869 	133	26.00
838 	 839 	260	16.00
838 	 870 	247	26.00
839 	 840 	191	20.00
839 	 871 	140	17.00
841 	 842 	277	25.00
842 	 843 	266	18.00
842 	 874 	209	13.00
843 	 844 	257	15.00
844 	 845 	195	20.00
845 	 877 	279	25.00
847 	 848 	276	28.00
848 	 849 	242	13.00
848 	 880 	264	28.00
849 	 850 	141	23.00
850 	 851 	131	24.00
850 	 882 	270	26.00
851 	 852 	277	17.00
852 	 853 	153	27.00
853 	 854 	185	15.00
853 	 885 	244	27.00
854 	 855 	188	16.00
854 	 886 	174	16.00
855 	 856 	144	19.00
856 	 857 	209	13.00
856 	 888 	254	20.00
857 	 858 	209	19.00
857 	 889 	120	15.00
858 	 859 	190	21.00
858 	 890 	202	20.00
859 	 860 	188	19.00
859 	 891 	230	15.00
861 	 862 	278	25.00
861 	 893 	253	17.00
862 	 863 	235	17.00
862 	 894 	159	24.00
863 	 895 	227	21.00
864 	 865 	227	25.00
865 	 866 	130	17.00
865 	 897 	208	24.00
866 	 867 	237	15.00
866 	 898 	241	25.00
867 	 868 	227	14.00
869 	 870 	149	15.00
869 	 901 	171	14.00
870 	 871 	259	22.00
871 	 872 	163	13.00
872 	 873 	141	23.00
872 	 904 	143	24.00
874 	 875 	240	26.00
874 	 906 	185	22.00
875 	 876 	249	15.00
876 	 877 	207	22.00
876 	 908 	211	12.00
877 	 878 	147	22.00
878 	 879 	275	16.00
878 	 910 	169	17.00
879 	 880 	174	19.00
879 	 911 	180	26.00
880 	 881 	168	16.00
881 	 882 	257	25.00
881 	 913 	205	20.00
882 	 883 	252	21.00
882 	 914 	203	18.00
884 	 885 	154	24.00
884 	 916 	277	22.00
885 	 886 	233	24.00
885 	 917 	164	26.00
887 	 888 	135	22.00
887 	 919 	185	21.00
888 	 889 	176	23.00
888 	 920 	221	19.00
889 	 890 	232	25.00
890 	 891 	210	13.00
890 	 922 	198	28.00
891 	 892 	259	12.00
891 	 923 	228	28.00
893 	 894 	121	25.00
893 	 925 	246	22.00
894 	 895 	276	16.00
896 	 897 	268	15.00
896 	 928 	144	13.00
897 	 898 	267	14.00
897 	 929 	173	25.00
898 	 899 	173	27.00
898 	 930 	195	18.00
899 	 900 	268	28.00
900 	 901 	138	24.00
901 	 902 	224	19.00
901 	 933 	276	18.00
903 	 904 	141	12.00
903 	 935 	202	26.00
904 	 905 	199	22.00
904 	 936 	214	27.00
905 	 906 	198	27.00
905 	 937 	196	23.00
906 	 907 	164	17.00
906 	 938 	184	19.00
907 	 908 	224	21.00
907 	 939 	261	15.00
908 	 909 	159	19.00
910 	 911 	139	18.00
911 	 912 	197	16.00
912 	 913 	162	16.00
912 	 944 	247	22.00
913 	 914 	226	18.00
913 	 945 	180	28.00
914 	 915 	192	16.00
914 	 946 	126	19.00
915 	 916 	166	21.00
917 	 918 	226	13.00
917 	 949 	237	28.00
918 	 919 	157	28.00
919 	 920 	225	26.00
919 	 951 	211	18.00
920 	 921 	249	23.00
921 	 922 	123	13.00
921 	 953 	178	19.00
922 	 923 	199	20.00
923 	 924 	145	26.00
924 	 925 	200	24.00
924 	 956 	124	22.00
925 	 926 	242	15.00
925 	 957 	249	26.00
926 	 927 	148	26.00
926 	 958 	201	23.00
928 	 929 	195	25.00
929 	 930 	213	21.00
929 	 961 	255	14.00
930 	 931 	280	18.00
930 	 962 	131	21.00
931 	 932 	131	25.00
931 	 963 	243	24.00
932 	 933 	169	27.00
932 	 964 	159	19.00
934 	 935 	205	23.00
934 	 966 	249	28.00
935 	 967 	276	19.00
937 	 938 	250	16.00
937 	 969 	226	22.00
938 	 939 	255	27.00
938 	 970 	245	23.00
939 	 940 	223	27.00
941 	 942 	143	27.00
942 	 943 	168	12.00
942 	 974 	204	14.00
943 	 944 	120	27.00
944 	 945 	175	19.00
944 	 976 	230	20.00
945 	 946 	135	16.00
946 	 947 	130	14.00
947 	 948 	259	14.00
948 	 949 	202	19.00
948 	 980 	160	14.00
949 	 950 	187	25.00
949 	 981 	158	28.00
950 	 951 	223	25.00
952 	 953 	148	17.00
952 	 984 	183	22.00
953 	 954 	274	23.00
953 	 985 	234	12.00
954 	 955 	208	21.00
954 	 986 	276	19.00
955 	 956 	149	13.00
956 	 957 	228	20.00
956 	 988 	206	12.00
957 	 958 	157	14.00
957 	 989 	133	19.00
958 	 959 	142	27.00
958 	 990 	192	13.00
959 	 991 	185	21.00
960 	 961 	185	24.00
962 	 963 	145	20.00
962 	 994 	225	23.00
963 	 964 	138	23.00
963 	 995 	200	19.00
964 	 965 	278	21.00
965 	 966 	179	24.00
965 	 997 	177	22.00
966 	 967 	148	21.00
967 	 968 	247	18.00
967 	 999 	230	28.00
968 	 969 	183	28.00
968 	 1000 	272	26.00
969 	 970 	230	14.00
969 	 1001 	127	18.00
970 	 971 	217	12.00
971 	 972 	230	23.00
972 	 973 	257	25.00
972 	 1004 	156	22.00
973 	 974 	230	23.00
974 	 975 	174	18.00
974 	 1006 	234	20.00
975 	 976 	196	14.00
975 	 1007 	137	20.00
977 	 978 	239	25.00
977 	 1009 	280	18.00
978 	 979 	247	22.00
978 	 1010 	138	15.00
979 	 980 	154	16.00
981 	 982 	125	14.00
981 	 1013 	268	20.00
982 	 983 	231	18.00
982 	 1014 	128	24.00
983 	 984 	244	20.00
983 	 1015 	188	14.00
984 	 985 	247	20.00
985 	 986 	241	28.00
985 	 1017 	122	22.00
986 	 987 	223	12.00
987 	 988 	157	19.00
988 	 989 	237	20.00
988 	 1020 	261	14.00
989 	 990 	169	12.00
989 	 1021 	144	24.00
990 	 991 	199	25.00
990 	 1022 	220	12.00
991 	 1023 	272	15.00
992 	 993 	239	24.00
993 	 994 	134	28.00
995 	 996 	214	14.00
997 	 998 	257	19.00
999 	 1000 	162	16.00
1002 	 1003 	227	26.00
1003 	 1004 	280	17.00
1005 	 1006 	252	22.00
1006 	 1007 	224	13.00
1007 	 1008 	154	21.00
1008 	 1009 	205	12.00
1009 	 1010 	136	13.00
1010 	 1011 	186	17.00
1011 	 1012 	235	16.00
1013 	 1014 	170	24.00
1014 	 1015 	216	19.00
1015 	 1016 	163	24.00
1017 	 1018 	238	17.00
1018 	 1019 	167	23.00
1019 	 1020 	274	21.00
1020 	 1021 	210	26.00
1021 	 1022 	197	14.00
1022 	 1023 	258	20.00
