1024 	 1023 	 20 	 0.30 
 
4	-27	0
124	9	0
189	-42	0
311	-33	0
430	-10	0
483	-10	0
622	16	0
729	33	7
818	-4	7
935	1	7
991	-29	7
1083	29	7
1231	4	7
1306	21	7
1412	11	5
1524	28	5
1590	4	5
1695	-30	5
1797	10	5
1866	40	5
2023	-21	5
2128	20	5
2202	-45	5
2319	21	3
2396	5	3
2485	-40	3
2616	8	3
2693	16	3
2806	-11	3
2905	4	3
2985	-29	3
3095	12	3
-18	125	0
101	85	0
223	94	0
310	60	0
363	115	0
503	106	0
626	85	0
689	126	0
800	82	7
893	106	7
1037	86	7
1124	149	7
1196	110	7
1331	78	7
1395	91	5
1503	106	5
1620	86	5
1651	90	5
1782	120	5
1895	107	5
2000	135	5
2103	87	5
2179	94	5
2295	85	3
2423	112	3
2503	73	3
2590	94	3
2704	147	3
2818	115	3
2895	93	3
2993	108	3
3097	141	3
29	205	0
64	235	0
195	174	0
310	178	0
390	229	0
487	182	0
602	204	0
689	195	0
817	175	0
918	197	7
997	192	7
1129	221	7
1194	209	7
1343	164	7
1419	193	5
1509	224	5
1596	198	5
1709	170	5
1783	218	5
1895	176	5
2002	216	5
2075	200	5
2196	241	5
2278	224	5
2397	186	3
2522	168	3
2564	191	3
2726	232	3
2784	205	3
2863	201	3
3013	227	3
3079	228	3
-16	262	0
58	299	0
227	276	0
306	275	0
408	305	0
525	285	0
573	316	0
687	329	0
794	310	0
856	303	0
993	303	7
1088	280	7
1158	283	7
1306	291	7
1369	320	5
1489	312	5
1632	297	5
1692	316	5
1782	304	5
1901	272	5
2019	274	5
2070	276	5
2184	279	3
2325	290	3
2401	311	3
2520	304	3
2596	328	3
2702	251	3
2781	320	3
2888	297	3
3004	336	3
3067	285	3
-19	423	0
122	407	0
175	409	0
296	429	0
447	377	0
482	426	0
564	414	0
677	419	0
832	374	0
942	415	7
1001	435	7
1137	433	7
1228	390	7
1289	381	7
1396	408	5
1486	409	5
1576	368	5
1698	375	5
1766	368	5
1915	435	5
1992	411	5
2097	400	5
2200	360	5
2317	423	3
2399	398	3
2492	406	3
2631	368	3
2690	390	3
2799	393	3
2909	405	3
3003	440	3
3099	408	3
-3	496	0
102	508	0
202	491	0
295	496	0
399	496	0
521	490	0
577	514	0
686	496	0
807	481	0
890	463	7
975	484	7
1106	487	7
1212	513	7
1282	473	7
1409	512	5
1467	464	5
1567	518	5
1691	512	5
1815	498	5
1890	488	5
2001	479	5
2076	521	5
2188	480	5
2309	534	16
2385	522	3
2533	534	3
2616	500	3
2708	512	3
2790	500	3
2904	516	3
2964	479	3
3069	486	3
-12	586	0
89	623	0
200	596	0
337	622	0
389	594	0
509	593	0
580	602	0
728	603	7
812	587	7
906	605	7
988	578	7
1108	579	7
1208	603	7
1285	565	7
1424	577	7
1464	597	7
1582	634	5
1662	595	5
1826	595	5
1946	625	5
2006	636	5
2122	620	5
2187	602	5
2324	601	16
2398	581	3
2514	565	3
2568	568	3
2689	616	3
2795	595	3
2893	614	3
3009	583	3
3066	633	3
-8	687	11
129	706	11
230	696	0
293	696	0
435	699	0
490	723	0
604	667	0
672	711	7
807	694	7
857	695	7
1016	672	7
1071	708	7
1208	706	7
1283	687	7
1383	712	7
1541	668	7
1583	744	14
1704	710	5
1813	699	5
1886	667	5
2041	703	5
2086	678	5
2215	742	16
2316	660	16
2397	723	16
2539	689	3
2589	707	3
2676	700	3
2784	700	3
2911	704	3
3015	675	3
3116	659	3
9	786	0
116	795	0
190	802	0
332	796	12
408	840	12
546	805	12
607	784	7
694	784	7
810	816	7
854	823	7
962	833	7
1138	795	7
1225	815	7
1315	823	7
1391	790	7
1516	790	14
1609	807	14
1700	781	14
1796	803	14
1935	828	5
1987	800	5
2089	831	16
2197	776	16
2327	804	16
2370	775	16
2534	833	8
2633	785	3
2680	801	3
2772	763	8
2940	837	8
2997	832	8
3085	798	8
22	920	12
120	934	12
168	899	12
277	919	12
438	891	12
530	920	12
561	900	12
709	891	7
798	857	7
919	898	7
988	944	7
1064	909	7
1196	905	7
1286	868	7
1400	900	14
1499	853	14
1611	913	14
1687	884	14
1757	869	14
1929	862	16
1993	861	16
2113	882	16
2216	884	15
2299	906	16
2401	931	8
2488	888	8
2622	872	8
2713	867	8
2779	919	8
2872	930	8
2998	890	8
3095	889	8
20	983	12
90	1017	12
220	1003	12
301	1003	12
411	1006	12
497	993	12
619	1015	12
670	984	12
796	1024	12
896	964	12
1015	972	14
1126	993	7
1201	963	14
1259	997	14
1408	992	14
1498	1023	14
1607	1000	14
1676	1020	14
1833	970	14
1901	1028	14
1981	997	14
2090	997	14
2216	1000	15
2291	998	8
2420	1021	8
2477	1007	8
2623	981	8
2688	1004	8
2799	1009	8
2889	990	8
3040	972	8
3126	1002	8
-37	1081	12
88	1095	12
212	1055	12
310	1095	12
383	1088	12
496	1086	12
579	1087	12
729	1122	12
809	1109	12
922	1094	12
1026	1124	14
1134	1106	14
1178	1103	14
1319	1119	14
1386	1099	14
1474	1091	14
1613	1068	14
1666	1136	14
1796	1111	14
1903	1126	14
2008	1099	15
2070	1070	15
2181	1065	15
2301	1062	15
2415	1114	8
2544	1133	8
2578	1100	8
2669	1088	8
2769	1122	8
2923	1101	8
2991	1103	8
3058	1098	8
-6	1177	12
102	1215	12
173	1209	12
293	1194	12
426	1216	12
530	1213	12
573	1234	12
680	1212	12
804	1194	12
886	1213	12
997	1231	12
1071	1209	14
1200	1178	14
1302	1187	14
1418	1203	14
1511	1182	14
1632	1213	14
1683	1192	14
1774	1238	14
1896	1227	14
1968	1202	15
2072	1223	15
2207	1165	15
2300	1218	8
2370	1208	8
2515	1197	8
2646	1208	8
2674	1204	8
2803	1219	8
2918	1195	8
3020	1197	8
3126	1203	8
-1	1292	12
109	1274	12
193	1340	12
292	1292	12
414	1306	12
480	1308	12
644	1299	12
689	1323	12
802	1312	12
885	1298	12
983	1314	12
1076	1286	14
1207	1302	14
1257	1300	14
1358	1321	14
1471	1298	14
1606	1256	14
1694	1324	14
1817	1302	14
1883	1273	14
2037	1267	15
2093	1290	15
2202	1312	15
2324	1271	8
2414	1272	8
2489	1316	8
2610	1284	8
2657	1327	8
2776	1315	8
2886	1274	8
2994	1321	8
3135	1316	8
16	1384	12
124	1370	12
196	1431	12
307	1399	12
423	1402	12
489	1429	12
594	1361	12
693	1404	12
812	1421	12
902	1382	12
979	1438	13
1083	1427	13
1225	1371	14
1292	1417	14
1428	1355	14
1505	1357	14
1610	1367	14
1690	1419	14
1768	1368	14
1935	1398	15
2012	1360	15
2139	1399	15
2216	1397	15
2340	1422	15
2383	1372	9
2499	1404	8
2604	1421	8
2702	1354	8
2783	1423	8
2897	1383	8
2980	1423	8
3085	1383	8
-12	1469	12
93	1529	10
243	1498	10
310	1478	10
433	1499	10
502	1481	10
609	1536	10
711	1543	12
822	1514	12
907	1508	13
1016	1473	13
1109	1478	13
1210	1468	13
1305	1524	14
1409	1467	14
1533	1486	14
1610	1459	14
1686	1509	14
1850	1502	15
1892	1512	15
2013	1487	15
2136	1511	15
2218	1490	15
2314	1457	9
2418	1469	9
2486	1498	8
2623	1463	8
2693	1468	8
2771	1495	8
2901	1510	8
2963	1466	8
3116	1489	9
-15	1603	10
98	1589	10
216	1631	10
280	1570	10
422	1581	10
538	1579	10
634	1559	10
722	1578	12
820	1563	12
875	1576	13
1024	1576	13
1122	1613	13
1202	1612	13
1335	1617	13
1355	1583	13
1518	1623	13
1585	1627	14
1698	1603	14
1771	1614	15
1895	1622	15
1973	1604	15
2066	1626	15
2194	1615	15
2258	1629	9
2411	1560	9
2516	1582	9
2604	1580	8
2696	1588	9
2796	1619	8
2904	1624	8
2995	1615	9
3088	1612	9
-25	1686	10
124	1688	10
207	1688	10
323	1657	10
394	1685	10
491	1665	10
566	1700	10
704	1667	13
834	1700	13
907	1726	13
1021	1681	13
1065	1683	13
1196	1687	13
1271	1690	13
1433	1687	13
1462	1694	13
1605	1733	13
1729	1670	14
1791	1693	14
1876	1716	15
2016	1725	15
2110	1692	15
2189	1714	9
2284	1717	9
2402	1724	9
2491	1743	9
2634	1672	9
2684	1705	9
2781	1718	9
2880	1675	8
2999	1730	9
3114	1651	9
-16	1752	10
69	1766	10
205	1773	10
271	1784	10
394	1794	10
519	1833	10
613	1810	10
655	1804	10
786	1766	10
898	1777	13
974	1781	13
1086	1833	13
1228	1799	13
1304	1766	13
1398	1813	13
1521	1797	13
1590	1780	13
1734	1821	15
1770	1845	15
1894	1777	15
1990	1822	15
2122	1759	15
2204	1800	9
2313	1760	9
2401	1819	9
2514	1818	9
2617	1773	9
2662	1802	9
2753	1818	9
2913	1820	9
3047	1772	9
3121	1759	9
-43	1884	10
117	1906	10
225	1942	10
329	1887	10
376	1894	10
489	1934	10
640	1928	10
727	1883	10
790	1911	10
859	1877	13
1015	1871	13
1098	1926	13
1173	1893	13
1335	1883	13
1357	1906	13
1538	1896	13
1571	1869	13
1725	1899	15
1760	1893	15
1893	1922	15
2029	1895	15
2088	1886	15
2217	1936	9
2334	1915	9
2406	1898	9
2516	1899	9
2591	1873	9
2733	1913	9
2795	1885	9
2912	1880	9
3021	1896	9
3074	1908	9
-15	1992	10
125	2004	10
209	1971	10
288	2029	10
372	1969	10
466	1985	10
624	2000	10
738	2009	10
819	1992	10
883	2049	13
995	2032	13
1113	1965	13
1202	1995	13
1294	2010	13
1397	2015	13
1499	1991	13
1589	2040	13
1700	1983	13
1823	1983	15
1909	1975	15
1972	1984	15
2132	2013	15
2192	2008	9
2268	1959	9
2421	1984	9
2480	1991	9
2610	1994	9
2715	2013	9
2778	2030	9
2901	1990	9
2974	2027	9
3102	1989	9
24	2129	10
63	2122	10
177	2089	10
337	2106	10
442	2098	10
537	2086	10
604	2101	10
723	2100	10
789	2127	10
878	2101	13
1001	2131	13
1084	2129	13
1209	2114	13
1312	2083	13
1376	2086	13
1483	2052	13
1635	2125	15
1658	2144	15
1792	2089	15
1926	2087	15
1985	2123	15
2120	2096	15
2238	2082	9
2302	2073	9
2386	2074	9
2499	2107	9
2600	2100	9
2681	2075	9
2804	2094	9
2880	2107	9
3000	2112	9
3107	2121	9
26	2174	10
130	2206	10
177	2195	10
257	2204	1
408	2177	10
499	2180	10
610	2239	10
675	2195	10
819	2215	13
878	2220	13
1001	2224	13
1119	2204	6
1211	2210	6
1326	2243	6
1385	2245	13
1535	2234	13
1579	2203	13
1658	2183	15
1795	2204	15
1873	2184	15
2038	2205	15
2071	2227	15
2194	2210	15
2284	2210	15
2370	2229	15
2474	2220	9
2595	2208	9
2671	2231	9
2798	2203	9
2914	2172	2
3012	2196	2
3104	2207	9
15	2311	10
122	2303	10
173	2281	10
290	2306	1
426	2293	1
493	2326	1
594	2323	10
702	2293	13
804	2324	13
915	2304	6
1015	2303	6
1072	2295	6
1199	2277	6
1312	2276	6
1360	2313	6
1501	2296	15
1601	2275	15
1731	2320	15
1818	2292	15
1882	2309	4
2014	2276	4
2083	2277	4
2193	2327	4
2318	2315	4
2359	2283	15
2519	2339	9
2607	2324	9
2727	2305	9
2788	2263	2
2881	2261	17
3019	2318	2
3052	2319	2
12	2395	1
94	2364	10
233	2376	1
275	2413	1
397	2416	18
490	2432	1
578	2405	1
674	2417	13
815	2413	13
923	2379	13
986	2395	6
1101	2440	6
1172	2414	6
1303	2408	6
1382	2402	6
1525	2422	6
1632	2408	15
1678	2399	15
1820	2415	4
1930	2426	4
1989	2367	4
2101	2408	4
2158	2434	4
2317	2399	4
2428	2396	4
2460	2428	2
2598	2391	2
2711	2400	2
2783	2395	2
2914	2415	2
3021	2396	2
3141	2366	2
-29	2504	1
112	2514	1
246	2482	1
294	2488	1
430	2519	1
535	2503	1
629	2474	19
698	2489	1
809	2482	13
925	2517	6
995	2505	6
1097	2514	6
1194	2499	6
1301	2477	6
1402	2528	6
1493	2483	6
1624	2491	15
1736	2504	4
1806	2491	4
1905	2474	4
2029	2539	4
2090	2489	4
2192	2501	4
2318	2525	4
2412	2507	2
2502	2527	2
2616	2488	2
2701	2543	2
2786	2499	2
2867	2529	2
2988	2505	2
3075	2498	2
3	2602	1
115	2627	1
188	2600	1
318	2626	1
426	2596	1
459	2604	1
619	2624	1
702	2621	1
832	2621	1
889	2635	6
1000	2596	6
1118	2631	6
1202	2606	6
1312	2606	6
1393	2574	6
1464	2638	6
1611	2571	4
1660	2620	4
1772	2567	4
1891	2600	4
2009	2608	4
2104	2587	4
2184	2605	4
2275	2600	2
2409	2556	2
2513	2580	2
2595	2574	2
2691	2600	2
2775	2630	2
2926	2576	2
3026	2609	2
3092	2624	2
-33	2672	1
139	2696	1
158	2683	1
311	2666	1
407	2685	1
522	2674	1
608	2697	1
718	2693	1
765	2711	1
907	2665	6
1021	2690	6
1098	2682	6
1213	2691	6
1283	2708	6
1386	2708	6
1461	2699	6
1616	2717	4
1678	2729	4
1793	2723	4
1912	2697	4
2012	2705	4
2145	2693	4
2205	2711	4
2289	2671	2
2417	2698	2
2494	2679	2
2620	2697	2
2724	2678	2
2777	2700	2
2908	2690	2
2985	2716	2
3092	2705	2
17	2816	1
80	2809	1
189	2808	1
333	2813	1
410	2787	1
480	2798	1
645	2808	1
700	2798	1
833	2790	6
892	2791	6
1018	2782	6
1104	2802	6
1197	2820	6
1338	2841	6
1386	2808	6
1518	2810	6
1633	2783	4
1702	2812	4
1796	2783	4
1902	2767	4
2033	2831	4
2094	2778	4
2179	2784	4
2295	2780	2
2397	2756	2
2505	2767	2
2602	2802	2
2698	2767	2
2802	2768	2
2898	2779	2
3009	2800	2
3139	2828	2
9	2868	1
116	2906	1
233	2935	1
285	2903	1
364	2910	1
471	2878	1
582	2919	1
744	2898	1
822	2940	6
938	2892	6
1024	2904	6
1137	2914	6
1219	2879	6
1282	2911	6
1393	2920	6
1457	2877	6
1603	2899	4
1710	2883	4
1801	2868	4
1898	2878	4
1999	2887	4
2115	2911	4
2234	2905	4
2294	2910	4
2410	2898	2
2531	2882	2
2585	2902	2
2725	2922	2
2796	2914	2
2905	2915	2
2988	2872	2
3124	2912	2
13	3013	1
117	2997	1
214	2993	1
302	3012	1
422	2981	1
520	3037	1
614	2986	1
706	3011	1
790	3005	1
892	3026	6
1003	3045	6
1130	2999	6
1213	3016	6
1283	3013	6
1392	3041	6
1492	2978	6
1622	3003	4
1722	3031	4
1825	2960	4
1879	2989	4
1975	2972	4
2109	2991	4
2228	3012	4
2271	3016	4
2382	3019	4
2465	2983	2
2601	3034	2
2671	2994	2
2812	3011	2
2872	2984	2
3002	3018	2
3098	2955	2
9	3101	1
117	3081	1
230	3097	1
318	3102	1
367	3103	1
477	3095	1
609	3093	1
728	3122	1
777	3062	6
866	3099	6
1006	3093	6
1086	3077	6
1158	3076	6
1299	3111	6
1425	3129	6
1505	3132	6
1618	3088	6
1699	3078	4
1806	3081	4
1893	3076	4
1998	3099	4
2110	3090	4
2233	3105	4
2297	3102	4
2372	3109	4
2492	3122	4
2606	3094	2
2688	3107	2
2806	3109	2
2914	3132	2
3023	3123	2
3099	3096	2

0 	 1 	264	18.00
1 	 2 	125	16.00
2 	 3 	269	17.00
2 	 34 	229	23.00
3 	 4 	219	21.00
4 	 5 	234	18.00
4 	 36 	267	24.00
5 	 6 	251	21.00
6 	 7 	270	24.00
7 	 8 	130	20.00
8 	 9 	144	22.00
9 	 10 	192	22.00
9 	 41 	181	18.00
10 	 11 	207	17.00
12 	 13 	152	18.00
12 	 44 	272	22.00
13 	 14 	151	23.00
15 	 16 	143	23.00
15 	 47 	121	21.00
16 	 17 	121	22.00
17 	 18 	148	17.00
18 	 19 	241	20.00
19 	 20 	157	17.00
20 	 21 	186	19.00
21 	 22 	260	20.00
23 	 24 	154	20.00
23 	 55 	164	22.00
24 	 25 	243	18.00
25 	 26 	255	21.00
27 	 28 	143	20.00
27 	 59 	215	23.00
28 	 29 	183	17.00
29 	 30 	124	16.00
29 	 61 	262	22.00
30 	 31 	121	17.00
31 	 63 	211	20.00
32 	 33 	172	22.00
32 	 64 	228	19.00
33 	 34 	247	19.00
35 	 36 	247	21.00
36 	 37 	204	16.00
36 	 68 	236	19.00
38 	 39 	204	19.00
38 	 70 	236	20.00
39 	 40 	180	21.00
40 	 41 	138	19.00
40 	 72 	129	20.00
41 	 42 	121	24.00
42 	 43 	150	19.00
42 	 74 	222	21.00
43 	 44 	263	18.00
44 	 45 	134	19.00
45 	 46 	198	19.00
47 	 48 	246	20.00
48 	 49 	153	20.00
48 	 80 	225	23.00
49 	 50 	262	18.00
50 	 51 	138	22.00
50 	 82 	184	17.00
51 	 52 	231	23.00
52 	 53 	141	19.00
52 	 84 	181	17.00
53 	 54 	202	21.00
54 	 55 	191	21.00
54 	 86 	246	17.00
55 	 56 	214	18.00
56 	 57 	156	20.00
57 	 58 	263	16.00
58 	 59 	266	17.00
60 	 61 	137	23.00
61 	 62 	180	21.00
61 	 93 	173	17.00
64 	 65 	242	24.00
64 	 96 	278	20.00
65 	 66 	280	21.00
65 	 97 	183	17.00
66 	 67 	139	18.00
66 	 98 	162	17.00
69 	 70 	184	18.00
69 	 101 	135	19.00
70 	 71 	210	24.00
72 	 73 	128	22.00
72 	 104 	176	18.00
75 	 76 	151	19.00
76 	 77 	259	20.00
77 	 78 	171	21.00
78 	 79 	202	22.00
79 	 80 	149	20.00
79 	 111 	207	19.00
80 	 81 	220	24.00
82 	 83 	188	21.00
85 	 86 	192	20.00
85 	 117 	273	24.00
86 	 87 	218	20.00
87 	 88 	121	24.00
89 	 90 	218	17.00
89 	 121 	131	22.00
90 	 91 	261	16.00
91 	 92 	226	17.00
93 	 94 	237	22.00
93 	 125 	266	21.00
95 	 127 	240	19.00
98 	 99 	133	19.00
100 	 101 	157	16.00
101 	 102 	206	17.00
101 	 133 	209	18.00
103 	 104 	135	23.00
104 	 105 	201	24.00
104 	 136 	223	19.00
105 	 106 	205	16.00
106 	 107 	220	24.00
106 	 138 	123	24.00
107 	 108 	253	19.00
109 	 110 	163	23.00
110 	 111 	146	21.00
111 	 112 	122	24.00
111 	 143 	189	17.00
113 	 114 	213	22.00
114 	 115 	239	17.00
115 	 116 	261	20.00
116 	 117 	174	18.00
117 	 118 	169	21.00
118 	 119 	277	18.00
118 	 150 	218	20.00
119 	 120 	268	22.00
120 	 121 	157	16.00
120 	 152 	216	23.00
121 	 122 	177	19.00
121 	 153 	151	23.00
122 	 123 	239	16.00
123 	 124 	236	22.00
125 	 126 	203	18.00
126 	 127 	241	21.00
128 	 129 	174	19.00
129 	 130 	167	19.00
129 	 161 	122	17.00
130 	 131 	127	21.00
131 	 132 	271	17.00
131 	 163 	204	20.00
132 	 133 	178	23.00
132 	 164 	139	17.00
133 	 134 	183	18.00
134 	 135 	129	19.00
136 	 137 	148	17.00
138 	 139 	195	21.00
139 	 140 	249	19.00
140 	 141 	226	20.00
140 	 172 	205	22.00
141 	 142 	259	20.00
142 	 143 	240	18.00
143 	 144 	160	20.00
145 	 146 	225	24.00
145 	 177 	134	17.00
146 	 147 	130	21.00
147 	 148 	248	20.00
147 	 179 	272	23.00
149 	 150 	256	22.00
150 	 151 	143	17.00
154 	 155 	264	17.00
154 	 186 	183	18.00
155 	 156 	246	20.00
156 	 157 	251	16.00
156 	 188 	160	18.00
157 	 158 	207	24.00
159 	 191 	222	20.00
160 	 161 	273	22.00
162 	 163 	151	18.00
162 	 194 	192	23.00
165 	 166 	249	21.00
166 	 167 	230	19.00
166 	 198 	236	23.00
167 	 168 	272	21.00
168 	 169 	195	20.00
168 	 200 	171	21.00
169 	 170 	127	22.00
169 	 201 	186	18.00
170 	 171 	248	21.00
171 	 172 	149	19.00
172 	 173 	259	19.00
173 	 174 	246	18.00
173 	 205 	155	19.00
174 	 175 	160	19.00
174 	 206 	187	18.00
176 	 177 	237	19.00
177 	 178 	237	20.00
177 	 209 	248	17.00
179 	 180 	126	21.00
180 	 181 	261	16.00
180 	 212 	251	17.00
181 	 182 	146	18.00
181 	 213 	252	21.00
182 	 183 	273	24.00
182 	 214 	192	22.00
183 	 184 	162	20.00
184 	 185 	120	16.00
184 	 216 	188	23.00
187 	 188 	127	23.00
187 	 219 	242	18.00
189 	 190 	180	19.00
190 	 191 	121	16.00
190 	 222 	207	21.00
192 	 193 	153	18.00
192 	 224 	164	20.00
193 	 194 	277	20.00
193 	 225 	230	21.00
195 	 196 	158	22.00
196 	 197 	147	16.00
197 	 198 	137	21.00
197 	 229 	214	21.00
198 	 199 	171	21.00
201 	 202 	159	19.00
202 	 203 	279	19.00
203 	 204 	157	21.00
203 	 235 	239	17.00
206 	 207 	165	18.00
206 	 238 	225	17.00
207 	 208 	231	18.00
208 	 209 	210	21.00
209 	 210 	258	24.00
211 	 243 	148	17.00
215 	 216 	232	18.00
217 	 218 	194	20.00
218 	 219 	168	18.00
219 	 220 	167	22.00
220 	 221 	236	22.00
220 	 252 	221	22.00
221 	 222 	143	16.00
222 	 223 	184	22.00
223 	 255 	205	23.00
225 	 226 	164	19.00
227 	 228 	142	16.00
228 	 229 	205	24.00
228 	 260 	221	21.00
229 	 230 	216	16.00
229 	 261 	176	18.00
231 	 232 	233	16.00
231 	 263 	179	19.00
233 	 234 	171	21.00
234 	 235 	228	22.00
235 	 236 	139	18.00
235 	 267 	129	22.00
237 	 238 	192	24.00
238 	 239 	166	24.00
239 	 240 	235	19.00
240 	 241 	238	22.00
242 	 243 	138	18.00
243 	 244 	133	17.00
244 	 245 	200	23.00
244 	 276 	145	19.00
245 	 246 	173	20.00
245 	 277 	132	23.00
246 	 247 	179	19.00
247 	 248 	154	20.00
247 	 279 	146	16.00
248 	 249 	214	19.00
249 	 250 	178	24.00
250 	 251 	131	20.00
250 	 282 	128	18.00
251 	 252 	169	17.00
252 	 253 	206	22.00
253 	 254 	126	23.00
256 	 257 	180	23.00
257 	 258 	252	16.00
257 	 289 	172	17.00
259 	 260 	133	16.00
262 	 263 	277	24.00
262 	 294 	195	20.00
264 	 265 	211	22.00
264 	 296 	221	23.00
266 	 267 	250	23.00
267 	 268 	251	17.00
267 	 299 	158	22.00
268 	 269 	222	24.00
270 	 271 	172	21.00
271 	 272 	160	17.00
271 	 303 	134	22.00
273 	 274 	147	24.00
274 	 275 	204	21.00
274 	 306 	252	16.00
275 	 276 	226	19.00
275 	 307 	214	22.00
278 	 279 	167	17.00
279 	 280 	262	19.00
280 	 281 	160	17.00
283 	 284 	236	18.00
283 	 315 	272	19.00
284 	 285 	123	22.00
285 	 286 	262	18.00
286 	 287 	181	21.00
286 	 318 	123	20.00
288 	 289 	208	23.00
288 	 320 	262	21.00
289 	 290 	221	22.00
290 	 291 	173	17.00
292 	 293 	145	24.00
293 	 294 	135	22.00
294 	 295 	155	17.00
295 	 296 	141	16.00
296 	 297 	238	24.00
296 	 328 	158	24.00
297 	 298 	155	18.00
298 	 299 	257	17.00
299 	 300 	130	21.00
300 	 301 	148	16.00
300 	 332 	169	20.00
301 	 302 	255	22.00
302 	 303 	161	24.00
303 	 304 	131	23.00
303 	 335 	218	23.00
305 	 337 	273	19.00
307 	 308 	211	19.00
307 	 339 	145	20.00
308 	 309 	211	22.00
308 	 340 	265	22.00
309 	 310 	165	16.00
310 	 311 	189	24.00
310 	 342 	200	22.00
311 	 312 	220	19.00
312 	 313 	176	21.00
313 	 314 	219	24.00
313 	 345 	231	21.00
314 	 315 	144	17.00
315 	 316 	219	20.00
317 	 318 	263	23.00
318 	 319 	188	20.00
318 	 350 	225	22.00
320 	 321 	275	22.00
321 	 322 	268	19.00
322 	 323 	125	19.00
322 	 354 	158	23.00
323 	 324 	238	17.00
324 	 325 	146	22.00
325 	 326 	152	19.00
326 	 327 	135	21.00
327 	 328 	222	23.00
327 	 359 	275	16.00
328 	 329 	159	21.00
329 	 330 	245	16.00
330 	 331 	173	21.00
330 	 362 	185	17.00
333 	 334 	262	21.00
333 	 365 	162	22.00
335 	 336 	185	16.00
336 	 337 	203	17.00
337 	 338 	254	20.00
337 	 369 	222	24.00
338 	 339 	243	22.00
338 	 370 	225	17.00
341 	 342 	177	17.00
341 	 373 	168	16.00
343 	 344 	164	18.00
344 	 345 	184	18.00
344 	 376 	163	18.00
345 	 346 	208	24.00
347 	 348 	241	19.00
347 	 379 	258	21.00
349 	 350 	164	20.00
350 	 351 	198	16.00
351 	 383 	143	22.00
352 	 353 	152	23.00
352 	 384 	240	21.00
353 	 354 	201	16.00
353 	 385 	246	18.00
354 	 355 	142	22.00
354 	 386 	148	17.00
355 	 356 	179	24.00
355 	 387 	239	19.00
356 	 357 	200	21.00
357 	 358 	191	17.00
360 	 361 	157	18.00
361 	 393 	280	21.00
363 	 364 	155	17.00
363 	 395 	172	19.00
365 	 366 	147	17.00
365 	 397 	234	19.00
366 	 367 	176	16.00
367 	 368 	200	20.00
368 	 369 	172	17.00
368 	 400 	265	22.00
370 	 371 	129	24.00
370 	 402 	263	21.00
371 	 372 	173	19.00
374 	 375 	137	18.00
375 	 376 	259	20.00
375 	 407 	235	17.00
376 	 377 	219	20.00
378 	 379 	210	20.00
379 	 380 	221	16.00
379 	 411 	206	19.00
380 	 381 	146	21.00
381 	 382 	259	22.00
383 	 415 	202	24.00
387 	 388 	193	20.00
387 	 419 	229	22.00
388 	 389 	163	24.00
389 	 390 	222	17.00
389 	 421 	134	16.00
390 	 391 	180	17.00
391 	 392 	228	22.00
392 	 393 	253	18.00
393 	 394 	217	22.00
393 	 425 	279	17.00
395 	 396 	273	20.00
395 	 427 	225	22.00
396 	 397 	253	18.00
396 	 428 	231	19.00
398 	 399 	225	23.00
398 	 430 	213	22.00
399 	 400 	120	17.00
399 	 431 	234	18.00
401 	 402 	156	20.00
402 	 403 	267	21.00
402 	 434 	240	16.00
403 	 404 	123	17.00
403 	 435 	180	18.00
404 	 405 	274	21.00
404 	 436 	240	16.00
405 	 406 	148	17.00
405 	 437 	276	19.00
407 	 408 	127	20.00
408 	 409 	270	18.00
409 	 410 	251	18.00
410 	 411 	238	22.00
410 	 442 	153	24.00
412 	 413 	186	17.00
413 	 414 	275	24.00
413 	 445 	203	18.00
414 	 415 	153	24.00
414 	 446 	159	22.00
415 	 447 	227	17.00
416 	 417 	255	24.00
416 	 448 	147	18.00
417 	 418 	200	17.00
420 	 421 	207	24.00
421 	 422 	208	17.00
422 	 423 	154	22.00
422 	 454 	221	20.00
423 	 424 	254	23.00
425 	 426 	234	16.00
429 	 430 	265	20.00
432 	 433 	179	23.00
433 	 434 	238	24.00
433 	 465 	271	17.00
435 	 467 	181	23.00
438 	 439 	189	22.00
438 	 470 	177	21.00
439 	 440 	218	22.00
440 	 441 	254	19.00
440 	 472 	192	16.00
441 	 442 	208	16.00
441 	 473 	132	22.00
442 	 443 	170	22.00
443 	 444 	220	16.00
443 	 475 	134	20.00
448 	 449 	175	17.00
449 	 450 	182	18.00
449 	 481 	129	17.00
450 	 451 	232	19.00
450 	 482 	248	19.00
451 	 452 	259	19.00
452 	 453 	251	21.00
452 	 484 	259	24.00
453 	 454 	251	19.00
455 	 456 	271	21.00
456 	 457 	188	16.00
456 	 488 	122	21.00
457 	 458 	146	22.00
458 	 459 	220	17.00
458 	 490 	249	16.00
459 	 460 	140	17.00
460 	 461 	153	23.00
460 	 492 	207	24.00
461 	 462 	223	20.00
461 	 493 	170	21.00
462 	 463 	210	21.00
462 	 494 	134	18.00
464 	 465 	139	20.00
464 	 496 	254	21.00
466 	 467 	212	16.00
466 	 498 	163	16.00
468 	 469 	141	17.00
469 	 470 	217	16.00
470 	 471 	252	22.00
470 	 502 	220	22.00
474 	 475 	174	20.00
475 	 476 	121	20.00
475 	 507 	176	18.00
477 	 478 	175	21.00
478 	 479 	150	16.00
478 	 510 	275	24.00
479 	 511 	208	19.00
480 	 481 	246	19.00
481 	 513 	141	22.00
483 	 484 	182	21.00
484 	 485 	179	22.00
486 	 487 	226	16.00
486 	 518 	228	17.00
487 	 488 	141	24.00
488 	 489 	178	20.00
490 	 491 	167	23.00
494 	 495 	157	24.00
494 	 526 	268	24.00
495 	 496 	220	22.00
496 	 497 	205	18.00
499 	 500 	257	20.00
500 	 501 	228	17.00
500 	 532 	126	19.00
502 	 503 	211	21.00
503 	 504 	231	20.00
503 	 535 	212	21.00
504 	 505 	203	17.00
505 	 506 	273	20.00
508 	 509 	272	22.00
509 	 510 	160	19.00
509 	 541 	133	20.00
512 	 513 	149	24.00
512 	 544 	190	16.00
513 	 514 	177	22.00
513 	 545 	142	16.00
514 	 515 	128	16.00
515 	 516 	248	22.00
515 	 547 	143	24.00
516 	 517 	144	16.00
516 	 548 	179	21.00
518 	 519 	126	22.00
518 	 550 	246	21.00
519 	 520 	123	18.00
521 	 522 	200	24.00
522 	 523 	258	16.00
523 	 524 	125	19.00
523 	 555 	171	16.00
524 	 525 	135	16.00
524 	 556 	140	20.00
525 	 526 	245	19.00
526 	 527 	235	18.00
527 	 528 	148	24.00
528 	 529 	280	19.00
530 	 531 	252	24.00
530 	 562 	148	24.00
531 	 532 	160	18.00
531 	 563 	190	19.00
532 	 533 	207	17.00
532 	 564 	148	22.00
533 	 534 	247	24.00
534 	 535 	219	22.00
535 	 536 	227	17.00
537 	 538 	143	17.00
537 	 569 	187	19.00
538 	 539 	274	22.00
538 	 570 	127	22.00
540 	 541 	129	20.00
540 	 572 	264	23.00
541 	 542 	162	17.00
541 	 573 	216	23.00
542 	 543 	240	22.00
542 	 574 	208	16.00
546 	 547 	257	17.00
549 	 550 	201	23.00
550 	 551 	131	16.00
551 	 552 	204	18.00
551 	 583 	241	19.00
552 	 553 	178	21.00
553 	 554 	194	24.00
556 	 557 	204	19.00
556 	 588 	196	19.00
557 	 558 	212	17.00
558 	 559 	177	21.00
558 	 590 	135	21.00
559 	 560 	210	21.00
560 	 561 	199	20.00
565 	 566 	209	23.00
565 	 597 	133	18.00
566 	 567 	265	22.00
567 	 568 	211	21.00
568 	 569 	215	24.00
568 	 600 	180	24.00
571 	 572 	193	19.00
571 	 603 	227	24.00
572 	 604 	132	23.00
575 	 607 	239	17.00
576 	 577 	184	23.00
576 	 608 	241	18.00
578 	 579 	151	20.00
578 	 610 	211	18.00
579 	 580 	156	17.00
580 	 581 	126	24.00
580 	 612 	154	20.00
581 	 582 	266	20.00
582 	 614 	238	21.00
584 	 585 	165	19.00
585 	 586 	268	17.00
586 	 587 	221	20.00
587 	 588 	222	20.00
588 	 589 	278	18.00
588 	 620 	156	24.00
590 	 591 	260	21.00
591 	 592 	245	23.00
593 	 594 	191	23.00
593 	 625 	262	22.00
594 	 595 	238	21.00
594 	 626 	191	24.00
595 	 596 	173	20.00
596 	 597 	192	16.00
598 	 599 	227	22.00
598 	 630 	196	23.00
600 	 601 	257	20.00
601 	 602 	274	21.00
601 	 633 	269	24.00
604 	 605 	195	19.00
604 	 636 	150	18.00
605 	 606 	133	23.00
605 	 637 	279	22.00
606 	 607 	243	17.00
608 	 609 	255	19.00
608 	 640 	243	24.00
611 	 612 	138	23.00
613 	 614 	173	22.00
614 	 615 	154	21.00
614 	 646 	246	18.00
616 	 617 	249	24.00
616 	 648 	222	17.00
618 	 619 	240	19.00
618 	 650 	255	19.00
619 	 620 	146	20.00
620 	 621 	179	17.00
621 	 622 	134	19.00
621 	 653 	223	23.00
622 	 623 	274	23.00
623 	 624 	203	19.00
623 	 655 	183	18.00
626 	 627 	198	17.00
626 	 658 	120	20.00
627 	 628 	123	21.00
628 	 629 	246	20.00
630 	 631 	212	20.00
630 	 662 	234	21.00
631 	 632 	149	24.00
634 	 635 	244	23.00
634 	 666 	189	17.00
635 	 636 	140	22.00
637 	 638 	194	17.00
637 	 669 	176	22.00
638 	 639 	147	17.00
640 	 641 	250	17.00
641 	 642 	222	23.00
642 	 643 	227	20.00
643 	 644 	208	20.00
644 	 645 	205	24.00
644 	 676 	187	16.00
646 	 647 	167	17.00
646 	 678 	175	21.00
647 	 648 	175	18.00
648 	 649 	178	22.00
648 	 680 	267	20.00
649 	 650 	233	22.00
649 	 681 	206	21.00
650 	 651 	157	22.00
650 	 682 	257	16.00
652 	 653 	140	18.00
652 	 684 	198	19.00
654 	 655 	222	16.00
654 	 686 	193	18.00
655 	 656 	146	19.00
657 	 658 	171	20.00
657 	 689 	270	18.00
658 	 659 	149	18.00
658 	 690 	268	17.00
659 	 660 	138	23.00
659 	 691 	251	19.00
660 	 661 	225	24.00
660 	 692 	162	21.00
662 	 663 	147	18.00
662 	 694 	158	22.00
663 	 664 	190	19.00
665 	 666 	140	21.00
666 	 667 	148	23.00
668 	 669 	179	23.00
668 	 700 	164	19.00
669 	 670 	273	18.00
669 	 701 	260	21.00
670 	 671 	241	22.00
672 	 673 	168	19.00
672 	 704 	143	17.00
673 	 674 	201	22.00
674 	 675 	235	19.00
675 	 676 	162	21.00
676 	 677 	190	22.00
677 	 709 	155	22.00
679 	 711 	271	20.00
683 	 715 	230	20.00
685 	 686 	164	18.00
685 	 717 	146	21.00
686 	 687 	162	20.00
687 	 688 	226	20.00
687 	 719 	258	21.00
688 	 689 	197	19.00
688 	 720 	152	19.00
689 	 721 	271	23.00
693 	 694 	156	21.00
694 	 695 	158	22.00
695 	 696 	183	20.00
695 	 727 	130	21.00
696 	 697 	147	24.00
697 	 698 	237	22.00
698 	 699 	204	20.00
701 	 702 	252	18.00
702 	 703 	122	21.00
703 	 735 	196	16.00
704 	 705 	159	20.00
705 	 706 	178	22.00
705 	 737 	213	18.00
707 	 708 	279	20.00
708 	 709 	133	16.00
709 	 710 	147	19.00
710 	 711 	280	19.00
711 	 712 	126	24.00
711 	 743 	246	18.00
712 	 713 	246	17.00
713 	 714 	250	20.00
715 	 716 	145	18.00
716 	 717 	234	21.00
716 	 748 	224	17.00
718 	 719 	172	23.00
720 	 752 	151	20.00
722 	 723 	239	24.00
723 	 724 	262	24.00
724 	 725 	215	18.00
725 	 726 	280	19.00
725 	 757 	193	20.00
727 	 728 	263	21.00
728 	 729 	253	19.00
728 	 760 	234	21.00
729 	 730 	163	16.00
730 	 731 	145	24.00
731 	 732 	147	18.00
731 	 763 	265	22.00
733 	 734 	226	22.00
733 	 765 	155	20.00
735 	 767 	242	17.00
736 	 737 	222	17.00
736 	 768 	165	22.00
737 	 738 	130	20.00
738 	 739 	231	24.00
740 	 741 	199	20.00
741 	 742 	201	23.00
742 	 743 	230	24.00
742 	 774 	253	18.00
743 	 744 	172	21.00
743 	 775 	249	20.00
744 	 745 	141	19.00
746 	 747 	269	17.00
747 	 748 	200	18.00
747 	 779 	130	20.00
749 	 750 	133	19.00
749 	 781 	276	22.00
750 	 751 	203	22.00
751 	 752 	254	24.00
751 	 783 	149	16.00
752 	 753 	253	17.00
752 	 784 	260	18.00
753 	 754 	268	23.00
755 	 756 	266	16.00
755 	 787 	120	16.00
757 	 758 	276	24.00
757 	 789 	175	23.00
758 	 759 	238	23.00
759 	 760 	193	21.00
761 	 762 	120	22.00
761 	 793 	163	19.00
764 	 765 	261	16.00
765 	 766 	171	23.00
766 	 767 	158	24.00
766 	 798 	142	21.00
767 	 799 	234	18.00
768 	 769 	126	24.00
770 	 771 	161	18.00
771 	 772 	269	23.00
771 	 803 	178	19.00
773 	 774 	122	17.00
775 	 776 	140	16.00
775 	 807 	230	18.00
776 	 777 	243	24.00
776 	 808 	164	23.00
777 	 778 	218	21.00
777 	 809 	272	17.00
778 	 779 	233	22.00
778 	 810 	266	16.00
780 	 781 	182	24.00
782 	 783 	136	22.00
782 	 814 	198	22.00
784 	 785 	175	19.00
784 	 816 	177	17.00
785 	 786 	138	22.00
786 	 787 	226	19.00
787 	 788 	217	23.00
788 	 789 	156	22.00
789 	 790 	182	24.00
790 	 791 	210	23.00
791 	 792 	280	20.00
792 	 793 	173	19.00
793 	 794 	120	21.00
794 	 795 	221	21.00
796 	 797 	144	17.00
797 	 798 	176	16.00
797 	 829 	184	17.00
800 	 801 	129	16.00
801 	 802 	206	23.00
802 	 803 	234	17.00
803 	 804 	216	18.00
803 	 835 	162	21.00
804 	 805 	251	20.00
806 	 807 	280	20.00
806 	 838 	127	20.00
811 	 812 	224	17.00
811 	 843 	185	20.00
812 	 813 	195	23.00
812 	 844 	194	21.00
814 	 815 	155	22.00
814 	 846 	132	23.00
816 	 817 	187	21.00
816 	 848 	182	24.00
817 	 818 	226	17.00
818 	 819 	127	22.00
820 	 821 	215	23.00
820 	 852 	188	16.00
821 	 822 	180	21.00
822 	 823 	276	19.00
823 	 824 	203	18.00
823 	 855 	219	24.00
824 	 825 	178	24.00
825 	 826 	165	22.00
827 	 828 	169	23.00
828 	 829 	156	18.00
828 	 860 	218	21.00
829 	 830 	130	23.00
829 	 861 	139	16.00
830 	 831 	166	23.00
830 	 862 	199	20.00
832 	 833 	146	18.00
832 	 864 	241	19.00
833 	 834 	175	18.00
833 	 865 	256	24.00
834 	 835 	204	22.00
835 	 836 	155	20.00
836 	 837 	173	18.00
836 	 868 	127	21.00
837 	 838 	243	19.00
837 	 869 	272	21.00
838 	 839 	206	16.00
839 	 840 	240	23.00
841 	 842 	238	19.00
842 	 843 	200	21.00
842 	 874 	121	21.00
845 	 877 	256	19.00
847 	 848 	196	22.00
848 	 849 	224	22.00
848 	 880 	185	22.00
849 	 850 	225	23.00
850 	 851 	224	17.00
850 	 882 	235	19.00
851 	 852 	280	21.00
852 	 853 	224	17.00
853 	 854 	186	16.00
853 	 885 	275	22.00
855 	 856 	200	20.00
856 	 857 	142	17.00
856 	 888 	188	20.00
857 	 858 	138	23.00
857 	 889 	150	20.00
858 	 859 	145	18.00
862 	 863 	151	21.00
862 	 894 	264	17.00
863 	 895 	238	23.00
866 	 867 	241	19.00
866 	 898 	171	17.00
869 	 870 	233	24.00
869 	 901 	205	17.00
870 	 871 	186	21.00
872 	 873 	267	20.00
872 	 904 	231	23.00
874 	 875 	227	17.00
875 	 876 	130	19.00
876 	 877 	210	16.00
876 	 908 	252	16.00
877 	 878 	233	24.00
878 	 879 	269	22.00
878 	 910 	196	16.00
879 	 880 	261	17.00
879 	 911 	174	16.00
881 	 882 	233	24.00
882 	 883 	180	20.00
884 	 885 	153	20.00
884 	 916 	141	19.00
885 	 886 	154	23.00
887 	 888 	184	19.00
888 	 920 	122	23.00
890 	 891 	232	18.00
890 	 922 	138	19.00
891 	 892 	212	19.00
891 	 923 	167	20.00
893 	 894 	218	16.00
893 	 925 	140	17.00
896 	 897 	205	24.00
897 	 898 	236	20.00
898 	 899 	155	17.00
898 	 930 	164	17.00
899 	 900 	178	24.00
901 	 902 	228	21.00
901 	 933 	271	18.00
903 	 904 	250	22.00
904 	 905 	211	16.00
904 	 936 	196	22.00
905 	 906 	139	18.00
905 	 937 	135	17.00
907 	 908 	215	19.00
908 	 909 	217	23.00
911 	 912 	251	23.00
912 	 913 	170	20.00
913 	 914 	153	18.00
914 	 915 	155	24.00
914 	 946 	167	19.00
917 	 918 	209	24.00
918 	 919 	139	22.00
919 	 920 	142	24.00
919 	 951 	244	18.00
920 	 921 	122	22.00
921 	 922 	235	24.00
924 	 925 	278	19.00
924 	 956 	274	23.00
925 	 926 	211	20.00
926 	 927 	175	20.00
926 	 958 	261	17.00
928 	 929 	249	20.00
929 	 930 	214	22.00
929 	 961 	235	22.00
930 	 931 	271	21.00
930 	 962 	154	18.00
932 	 933 	177	18.00
932 	 964 	230	18.00
934 	 935 	185	22.00
934 	 966 	165	20.00
937 	 938 	174	16.00
937 	 969 	177	17.00
938 	 939 	192	20.00
938 	 970 	230	24.00
939 	 940 	221	22.00
941 	 942 	173	16.00
942 	 943 	188	17.00
942 	 974 	199	20.00
943 	 944 	228	23.00
944 	 945 	164	23.00
944 	 976 	191	21.00
945 	 946 	199	20.00
946 	 947 	272	16.00
947 	 948 	223	18.00
948 	 949 	279	20.00
948 	 980 	232	20.00
949 	 950 	219	20.00
949 	 981 	255	21.00
952 	 953 	271	17.00
952 	 984 	271	18.00
953 	 954 	236	20.00
954 	 955 	268	18.00
954 	 986 	275	17.00
955 	 956 	230	20.00
957 	 958 	170	18.00
957 	 989 	273	20.00
958 	 959 	156	18.00
960 	 961 	125	16.00
962 	 963 	132	20.00
962 	 994 	129	22.00
963 	 964 	253	21.00
963 	 995 	252	20.00
964 	 965 	184	20.00
965 	 966 	201	19.00
965 	 997 	258	22.00
966 	 967 	222	23.00
967 	 968 	273	19.00
968 	 969 	200	18.00
968 	 1000 	124	18.00
969 	 1001 	164	20.00
971 	 972 	120	17.00
972 	 973 	222	16.00
972 	 1004 	193	17.00
973 	 974 	198	24.00
974 	 975 	260	16.00
974 	 1006 	203	22.00
977 	 978 	169	16.00
977 	 1009 	237	18.00
978 	 979 	188	18.00
981 	 982 	208	18.00
981 	 1013 	128	20.00
982 	 983 	279	19.00
982 	 1014 	141	17.00
983 	 984 	124	17.00
983 	 1015 	162	22.00
985 	 986 	246	18.00
985 	 1017 	278	17.00
986 	 987 	196	18.00
988 	 989 	138	19.00
988 	 1020 	258	22.00
989 	 990 	257	22.00
990 	 991 	192	19.00
991 	 1023 	266	19.00
992 	 993 	157	21.00
993 	 994 	241	23.00
995 	 996 	198	24.00
997 	 998 	171	22.00
999 	 1000 	271	18.00
1002 	 1003 	158	24.00
1003 	 1004 	202	22.00
1005 	 1006 	198	17.00
1006 	 1007 	140	16.00
1007 	 1008 	267	22.00
1008 	 1009 	180	17.00
1009 	 1010 	210	19.00
1010 	 1011 	213	19.00
1011 	 1012 	123	18.00
1015 	 1016 	266	19.00
1018 	 1019 	205	18.00
1019 	 1020 	224	24.00
1020 	 1021 	147	17.00
1022 	 1023 	243	17.00
