1024 	 1023 	 20 	 0.30 
 
12	-5	0
99	7	0
212	-23	0
304	-18	0
411	-8	0
505	-21	0
611	12	0
705	12	7
805	-24	7
922	-5	7
1003	-16	7
1094	19	7
1218	-17	7
1323	6	7
1418	18	7
1507	7	6
1608	-1	6
1680	-14	6
1808	13	6
1883	21	6
2002	-10	6
2116	22	6
2214	-22	6
2305	2	6
2391	-13	3
2497	-19	3
2620	-9	3
2710	24	3
2792	-5	3
2914	12	3
3010	-16	3
3120	1	3
-2	106	0
123	95	0
210	79	0
287	80	0
383	97	0
497	88	0
624	91	0
708	111	0
780	95	7
916	122	7
1018	87	7
1107	125	7
1206	94	7
1317	79	7
1399	112	7
1483	110	6
1614	82	6
1675	115	6
1781	102	6
1916	121	6
1975	118	6
2117	88	6
2203	105	6
2320	80	6
2402	102	3
2510	87	3
2607	81	3
2702	124	3
2823	123	3
2896	103	3
2986	115	3
3101	120	3
6	219	0
77	222	0
194	192	0
312	196	0
401	220	0
480	194	0
606	224	0
680	192	0
815	181	7
916	215	7
1017	178	7
1123	225	7
1192	212	7
1325	180	7
1416	206	6
1499	218	6
1611	192	6
1707	182	6
1798	202	6
1893	192	6
1999	213	6
2091	202	6
2211	217	6
2302	209	6
2382	208	6
2504	175	3
2575	181	3
2701	220	3
2787	197	3
2879	223	3
3014	209	3
3077	214	3
-5	285	0
80	284	0
203	277	0
298	276	0
402	317	0
510	305	0
588	293	0
712	305	0
798	322	0
881	282	7
1005	290	7
1081	291	7
1178	303	7
1315	298	7
1394	306	7
1508	302	6
1619	299	6
1677	318	6
1776	308	6
1878	295	6
2022	288	6
2094	284	6
2182	290	6
2310	298	3
2382	313	3
2524	281	3
2617	306	3
2696	275	3
2796	324	3
2885	282	3
3020	323	3
3076	280	3
-4	404	0
121	399	0
197	412	0
312	419	0
425	395	0
491	421	0
578	417	0
682	414	0
809	392	0
925	424	7
996	419	7
1113	417	7
1205	397	7
1308	375	7
1380	389	7
1511	397	6
1593	393	6
1712	387	6
1778	389	6
1904	424	6
2007	406	6
2107	406	6
2204	376	6
2313	413	3
2402	399	3
2515	411	3
2611	381	3
2687	389	3
2797	408	3
2907	399	3
3024	425	3
3088	423	3
-14	513	0
89	516	0
189	475	0
303	509	0
403	516	0
505	482	0
595	510	0
690	489	0
823	487	7
881	478	7
991	492	7
1081	491	7
1217	506	7
1286	486	7
1391	504	7
1478	489	7
1586	497	6
1712	489	6
1795	493	6
1909	486	6
2022	487	6
2096	517	6
2195	481	6
2288	519	6
2381	520	3
2508	514	3
2617	475	3
2691	518	3
2788	509	3
2924	524	3
2983	496	3
3094	511	3
-17	603	0
91	617	0
207	579	0
316	602	0
378	576	0
513	616	0
575	587	0
717	580	0
795	588	7
886	611	7
996	594	7
1113	601	7
1210	598	7
1297	588	7
1406	590	7
1484	582	7
1592	609	14
1675	609	14
1820	580	6
1921	620	6
2003	618	6
2098	614	6
2198	622	6
2303	624	6
2387	576	3
2515	582	3
2588	577	3
2701	593	3
2811	605	3
2890	602	3
3025	601	3
3076	618	3
2	680	0
104	719	0
209	681	0
291	691	0
421	684	0
491	702	0
620	680	0
686	714	7
798	696	7
875	718	7
1009	695	7
1090	696	7
1225	681	7
1282	675	7
1388	690	7
1521	687	14
1591	719	14
1699	686	14
1823	687	6
1895	685	6
2024	680	6
2092	693	6
2214	724	19
2317	679	19
2402	724	5
2518	712	3
2608	718	3
2678	691	3
2778	681	3
2918	696	3
3005	684	3
3125	683	3
3	806	0
125	796	0
188	815	0
321	804	0
424	816	0
522	816	11
602	780	11
713	791	11
807	812	7
878	805	7
975	815	7
1121	818	7
1224	814	7
1322	822	7
1401	794	7
1513	806	14
1604	788	14
1682	787	14
1812	783	6
1914	811	14
2008	803	6
2079	809	6
2193	801	6
2302	816	5
2383	777	5
2512	812	5
2612	790	5
2686	796	5
2794	785	3
2918	819	3
2991	816	3
3093	807	5
10	906	11
104	918	11
186	896	11
278	914	11
419	915	11
519	901	11
582	893	11
722	880	11
777	875	11
903	904	12
995	920	7
1076	913	12
1194	886	7
1291	883	12
1407	879	12
1497	876	12
1593	888	14
1675	907	14
1779	889	14
1911	886	14
1983	883	6
2092	876	14
2194	886	14
2312	893	5
2409	913	5
2510	906	5
2623	884	5
2715	886	5
2777	920	5
2895	906	5
2979	886	5
3116	912	5
23	994	11
101	997	11
216	980	11
310	993	11
418	992	11
477	1003	11
603	990	11
680	985	11
795	1010	11
905	986	12
999	994	12
1117	980	12
1184	984	12
1277	1021	12
1393	987	12
1484	1021	12
1583	976	12
1694	1024	12
1811	988	14
1894	1005	14
1977	1015	14
2106	984	14
2203	981	5
2286	1012	5
2408	1009	5
2483	991	5
2624	976	5
2677	1020	5
2814	992	5
2895	984	5
3021	995	5
3115	1016	5
-15	1091	11
83	1079	11
214	1075	11
299	1099	11
403	1082	11
476	1102	11
577	1101	11
714	1121	11
814	1105	11
925	1108	11
1014	1115	12
1118	1099	12
1181	1109	12
1301	1115	12
1395	1094	12
1477	1083	12
1625	1090	12
1689	1123	12
1776	1122	12
1914	1114	14
1993	1103	14
2092	1087	14
2176	1090	5
2286	1087	5
2425	1125	5
2522	1110	5
2591	1094	5
2687	1109	5
2792	1123	5
2914	1087	5
3013	1089	5
3076	1094	5
12	1175	11
101	1212	11
176	1191	11
280	1210	11
404	1221	11
515	1198	11
585	1222	11
698	1218	11
810	1201	11
902	1194	11
984	1225	12
1076	1220	12
1188	1179	12
1282	1175	12
1415	1192	12
1507	1176	12
1622	1203	12
1689	1202	12
1792	1225	12
1890	1210	14
1976	1185	14
2080	1210	14
2183	1176	5
2314	1206	5
2395	1217	5
2494	1182	5
2621	1201	5
2684	1196	5
2804	1204	5
2909	1217	5
3021	1207	5
3116	1217	5
-11	1294	11
105	1275	11
175	1317	11
316	1285	11
418	1298	11
477	1307	11
623	1296	11
694	1316	11
817	1295	11
907	1299	11
975	1298	12
1087	1299	12
1209	1308	12
1277	1319	12
1383	1319	12
1496	1282	12
1623	1276	12
1682	1305	12
1803	1325	14
1889	1290	14
2022	1281	14
2084	1295	14
2189	1322	14
2308	1275	5
2410	1281	5
2479	1309	5
2623	1301	5
2680	1302	5
2795	1307	5
2910	1299	5
3011	1309	5
3120	1305	5
12	1394	11
113	1392	11
189	1408	11
324	1394	11
410	1391	10
483	1420	11
611	1377	11
684	1381	11
799	1423	11
897	1379	11
992	1425	12
1078	1420	12
1205	1376	12
1294	1411	12
1419	1379	12
1525	1379	12
1620	1375	12
1711	1418	14
1777	1389	14
1925	1391	14
2023	1375	14
2119	1416	14
2201	1383	14
2324	1403	5
2402	1396	5
2515	1388	5
2623	1405	5
2691	1376	5
2797	1409	4
2911	1376	5
2992	1425	5
3079	1404	5
-14	1490	11
101	1516	11
218	1482	10
317	1501	10
408	1489	10
504	1479	10
617	1511	11
703	1522	11
817	1496	11
919	1525	12
1002	1489	12
1123	1503	12
1218	1485	12
1293	1518	12
1425	1486	12
1519	1511	12
1589	1475	12
1699	1489	13
1825	1506	14
1909	1495	14
2022	1486	14
2111	1524	14
2210	1479	14
2318	1478	14
2424	1482	5
2491	1502	5
2599	1482	5
2677	1485	4
2776	1485	4
2885	1518	4
2985	1487	4
3097	1508	4
-9	1614	10
82	1586	10
197	1615	10
298	1590	10
411	1599	10
523	1593	10
621	1580	11
715	1599	15
818	1579	11
889	1575	12
1017	1580	12
1098	1589	12
1223	1619	12
1318	1616	12
1376	1604	13
1524	1622	13
1595	1610	13
1691	1607	13
1785	1593	13
1913	1617	13
1997	1613	14
2091	1624	14
2193	1621	14
2276	1613	14
2414	1580	14
2491	1575	5
2592	1585	4
2685	1601	4
2779	1615	4
2883	1618	4
2980	1595	4
3103	1594	4
-19	1691	10
102	1708	10
193	1684	10
307	1676	10
375	1710	10
506	1687	10
591	1680	10
683	1680	15
823	1707	13
891	1721	13
1023	1689	12
1088	1693	12
1194	1699	12
1283	1695	13
1415	1690	13
1477	1692	13
1624	1708	13
1705	1679	13
1815	1696	13
1896	1705	13
2010	1722	14
2101	1689	14
2186	1703	14
2290	1718	14
2409	1708	4
2510	1721	4
2611	1687	4
2677	1717	4
2775	1712	4
2881	1678	4
3018	1717	4
3122	1675	4
4	1776	10
92	1778	10
181	1795	10
288	1796	10
419	1793	10
498	1813	10
603	1824	10
676	1822	10
796	1785	13
918	1799	13
996	1780	12
1091	1824	13
1216	1778	12
1283	1790	13
1390	1821	13
1519	1816	13
1597	1787	13
1722	1818	13
1782	1825	13
1916	1790	13
2008	1801	14
2097	1775	14
2219	1795	14
2318	1783	14
2379	1822	4
2510	1795	4
2592	1776	4
2684	1780	4
2776	1811	4
2908	1824	4
3024	1775	4
3103	1784	4
-20	1895	10
112	1899	10
213	1921	10
318	1882	10
375	1875	10
481	1916	10
624	1908	10
714	1880	10
778	1915	10
882	1876	13
1016	1886	13
1112	1923	13
1185	1889	13
1318	1888	13
1377	1904	13
1514	1921	13
1578	1881	13
1721	1888	13
1780	1888	13
1897	1902	14
2010	1876	14
2078	1901	14
2209	1921	14
2322	1903	4
2411	1899	4
2495	1891	4
2614	1877	4
2724	1906	4
2799	1883	4
2898	1894	4
3013	1899	4
3095	1889	4
-8	1981	10
118	1986	10
220	1990	10
292	2005	10
384	1985	10
480	1981	10
609	2011	10
721	1985	10
805	1982	10
880	2024	10
1006	2021	13
1117	1981	13
1197	1976	13
1308	1994	13
1415	2007	13
1483	2004	13
1608	2020	13
1701	2001	13
1798	1998	13
1911	1979	14
1986	1975	14
2107	1998	14
2214	1995	4
2276	1975	4
2406	1980	4
2501	2011	4
2599	1997	4
2692	2005	4
2776	2017	4
2878	1991	4
2988	2013	4
3085	1998	4
1	2111	10
86	2121	10
180	2078	10
314	2121	10
421	2112	10
521	2097	10
622	2080	10
717	2096	10
777	2125	10
877	2105	10
1013	2107	13
1081	2115	13
1185	2123	13
1294	2086	13
1383	2106	13
1495	2077	13
1615	2112	13
1678	2125	13
1796	2109	13
1921	2098	14
1975	2104	14
2107	2093	16
2220	2080	4
2307	2080	4
2404	2090	4
2518	2088	4
2589	2117	4
2706	2076	4
2802	2075	4
2881	2117	4
3012	2109	4
3091	2110	4
13	2176	10
105	2214	10
186	2209	10
280	2187	10
423	2186	10
494	2198	10
608	2221	10
676	2220	10
821	2207	10
886	2198	9
1014	2201	9
1106	2191	13
1203	2194	9
1306	2221	13
1405	2225	13
1522	2225	13
1597	2211	13
1682	2205	13
1799	2193	17
1893	2185	14
2015	2214	16
2080	2205	16
2201	2189	16
2303	2224	16
2387	2218	16
2482	2209	4
2579	2224	4
2678	2223	4
2804	2204	2
2915	2179	4
3004	2215	4
3095	2211	4
4	2296	10
106	2322	1
194	2296	1
309	2310	1
407	2278	1
496	2308	10
612	2318	10
694	2288	10
789	2323	9
908	2324	9
990	2302	9
1078	2316	9
1208	2284	9
1288	2289	9
1378	2306	13
1497	2305	13
1587	2278	13
1721	2308	13
1821	2309	17
1902	2308	8
2022	2296	8
2090	2294	8
2199	2305	16
2307	2319	16
2377	2288	16
2508	2316	4
2583	2299	4
2709	2301	2
2806	2284	2
2903	2286	2
2994	2314	2
3077	2298	4
4	2390	1
75	2387	1
221	2397	1
286	2389	1
385	2396	1
499	2411	1
575	2393	1
682	2421	9
803	2420	9
908	2393	9
1005	2394	9
1076	2421	9
1176	2398	9
1309	2407	9
1383	2388	13
1506	2407	13
1617	2395	18
1702	2396	18
1824	2420	8
1924	2425	8
2012	2378	8
2112	2416	8
2175	2424	8
2297	2381	16
2419	2412	16
2481	2422	2
2580	2376	2
2694	2406	2
2799	2407	2
2918	2398	2
3010	2402	2
3120	2388	2
-6	2485	1
115	2492	1
221	2495	1
317	2475	1
416	2498	1
524	2489	1
615	2485	1
718	2512	9
803	2494	9
909	2522	9
976	2504	9
1103	2491	9
1189	2481	9
1282	2483	9
1416	2512	9
1503	2475	18
1608	2488	18
1717	2519	8
1786	2496	8
1922	2492	8
2004	2522	8
2087	2478	8
2209	2479	8
2320	2515	8
2421	2519	2
2497	2503	2
2622	2490	2
2678	2524	2
2776	2492	2
2885	2512	2
2986	2494	2
3090	2515	2
16	2609	1
110	2613	1
194	2622	1
298	2620	1
417	2576	1
476	2597	1
622	2604	1
703	2616	1
812	2602	1
888	2625	9
1013	2586	9
1099	2614	9
1197	2597	9
1323	2601	9
1398	2587	9
1481	2620	9
1618	2594	8
1675	2623	8
1784	2589	8
1889	2609	8
2006	2603	8
2093	2610	8
2198	2624	8
2286	2578	8
2408	2577	2
2508	2602	2
2582	2597	2
2677	2611	2
2784	2614	2
2912	2598	2
3004	2602	2
3083	2609	2
-19	2679	1
125	2675	1
175	2680	1
302	2675	1
425	2686	1
509	2694	1
594	2687	1
712	2710	1
781	2717	1
897	2678	9
1023	2686	9
1099	2698	9
1192	2689	9
1290	2725	9
1392	2686	9
1486	2724	9
1602	2720	8
1688	2708	8
1801	2719	8
1909	2712	8
2006	2707	8
2123	2711	8
2223	2697	8
2285	2685	2
2415	2703	2
2495	2695	2
2608	2686	2
2703	2685	2
2787	2677	2
2913	2705	2
3004	2712	2
3081	2712	2
10	2803	1
87	2819	1
184	2821	1
325	2789	1
418	2788	1
499	2810	1
622	2819	1
725	2776	1
809	2783	1
889	2786	1
1007	2786	9
1117	2801	9
1178	2803	9
1318	2823	9
1381	2824	9
1514	2811	8
1621	2801	8
1680	2805	8
1782	2799	8
1877	2775	8
2009	2818	8
2083	2787	8
2202	2795	8
2293	2782	2
2376	2781	2
2482	2778	2
2606	2782	2
2695	2777	2
2825	2779	2
2904	2797	2
3024	2782	2
3125	2821	2
-9	2890	1
108	2884	1
220	2920	1
297	2916	1
381	2903	1
483	2899	1
598	2910	1
725	2923	1
817	2921	9
917	2891	9
1010	2905	9
1112	2890	9
1212	2890	9
1306	2890	9
1401	2916	9
1477	2875	8
1593	2917	8
1685	2899	8
1825	2889	8
1880	2901	8
2020	2889	8
2108	2925	8
2219	2892	8
2302	2888	8
2408	2908	2
2506	2878	2
2589	2918	2
2703	2907	2
2788	2922	2
2881	2895	2
3012	2896	2
3121	2910	2
12	3007	1
99	2985	1
202	3001	1
280	3023	1
418	2997	1
512	3025	1
623	2987	1
709	3024	1
791	2985	9
908	3004	9
1023	3023	9
1106	2984	9
1202	3004	9
1290	3003	9
1413	3023	9
1516	2977	8
1624	2997	8
1708	3021	8
1818	2976	8
1884	3006	8
1996	2979	8
2118	2995	8
2209	3021	8
2285	3006	8
2375	3021	8
2490	2984	2
2589	3023	2
2684	3006	2
2822	3006	2
2895	2996	2
3019	3021	2
3117	2980	2
10	3108	1
118	3087	1
215	3093	1
298	3125	1
375	3087	1
481	3101	1
623	3115	9
723	3125	9
790	3081	9
876	3115	9
998	3097	9
1082	3102	9
1178	3094	9
1309	3089	9
1420	3119	9
1497	3122	9
1621	3097	8
1676	3103	8
1796	3080	8
1881	3083	8
2006	3115	8
2088	3087	8
2213	3103	8
2291	3079	8
2383	3122	8
2499	3104	2
2607	3117	2
2695	3092	2
2791	3098	2
2905	3124	2
3013	3116	2
3115	3101	2

0 	 1 	161	24.00
1 	 2 	130	17.00
2 	 3 	195	18.00
2 	 34 	190	18.00
3 	 4 	217	22.00
4 	 5 	217	24.00
4 	 36 	278	16.00
5 	 6 	150	22.00
6 	 7 	251	23.00
7 	 8 	196	21.00
8 	 9 	240	16.00
9 	 10 	188	17.00
9 	 41 	250	19.00
10 	 11 	165	22.00
12 	 13 	198	17.00
12 	 44 	229	21.00
13 	 14 	260	22.00
15 	 16 	200	18.00
15 	 47 	253	22.00
16 	 17 	247	17.00
17 	 18 	225	20.00
18 	 19 	232	22.00
19 	 20 	153	22.00
20 	 21 	268	21.00
21 	 22 	200	21.00
23 	 24 	274	17.00
23 	 55 	183	17.00
24 	 25 	138	19.00
25 	 26 	123	18.00
27 	 28 	237	19.00
27 	 59 	150	24.00
28 	 29 	157	17.00
29 	 30 	171	19.00
29 	 61 	226	22.00
30 	 31 	278	22.00
31 	 63 	257	24.00
32 	 33 	269	20.00
32 	 64 	126	17.00
33 	 34 	261	23.00
35 	 36 	256	22.00
36 	 37 	181	22.00
36 	 68 	253	24.00
38 	 39 	263	23.00
38 	 70 	256	23.00
39 	 40 	272	24.00
40 	 41 	206	24.00
40 	 72 	142	21.00
41 	 42 	213	24.00
42 	 43 	184	16.00
42 	 74 	180	21.00
43 	 44 	268	18.00
44 	 45 	208	16.00
45 	 46 	146	20.00
47 	 48 	258	24.00
48 	 49 	145	23.00
48 	 80 	135	17.00
49 	 50 	217	16.00
50 	 51 	232	17.00
50 	 82 	261	18.00
51 	 52 	218	16.00
52 	 53 	217	18.00
52 	 84 	217	16.00
53 	 54 	226	17.00
54 	 55 	136	21.00
54 	 86 	256	17.00
55 	 56 	154	22.00
56 	 57 	132	24.00
57 	 58 	215	19.00
58 	 59 	267	24.00
60 	 61 	143	23.00
61 	 62 	278	18.00
61 	 93 	189	24.00
64 	 65 	242	19.00
64 	 96 	162	18.00
65 	 66 	239	24.00
65 	 97 	158	18.00
66 	 67 	204	16.00
66 	 98 	136	19.00
69 	 70 	159	24.00
69 	 101 	204	18.00
70 	 71 	144	24.00
72 	 73 	241	23.00
72 	 104 	131	17.00
75 	 76 	264	19.00
76 	 77 	132	16.00
77 	 78 	132	23.00
78 	 79 	155	24.00
79 	 80 	264	16.00
79 	 111 	159	19.00
80 	 81 	138	20.00
82 	 83 	152	18.00
85 	 86 	202	23.00
85 	 117 	271	21.00
86 	 87 	247	17.00
87 	 88 	227	24.00
89 	 90 	260	17.00
89 	 121 	279	20.00
90 	 91 	132	24.00
91 	 92 	181	18.00
93 	 94 	146	24.00
93 	 125 	192	24.00
95 	 127 	247	21.00
98 	 99 	193	20.00
100 	 101 	200	24.00
101 	 102 	232	21.00
101 	 133 	183	21.00
103 	 104 	163	18.00
104 	 105 	253	20.00
104 	 136 	218	22.00
105 	 106 	214	23.00
106 	 107 	140	22.00
106 	 138 	211	16.00
107 	 108 	237	24.00
109 	 110 	143	23.00
110 	 111 	154	21.00
111 	 112 	194	24.00
111 	 143 	189	18.00
113 	 114 	260	21.00
114 	 115 	125	17.00
115 	 116 	238	20.00
116 	 117 	129	19.00
117 	 118 	172	22.00
118 	 119 	183	22.00
118 	 150 	268	16.00
119 	 120 	275	21.00
120 	 121 	197	21.00
120 	 152 	249	22.00
121 	 122 	200	22.00
121 	 153 	274	20.00
122 	 123 	222	20.00
123 	 124 	169	20.00
125 	 126 	243	24.00
126 	 127 	172	24.00
128 	 129 	159	20.00
129 	 130 	252	21.00
129 	 161 	182	17.00
130 	 131 	125	18.00
131 	 132 	230	23.00
131 	 163 	267	21.00
132 	 133 	269	17.00
132 	 164 	241	17.00
133 	 134 	274	18.00
134 	 135 	257	20.00
136 	 137 	142	17.00
138 	 139 	205	22.00
139 	 140 	236	17.00
140 	 141 	267	20.00
140 	 172 	229	21.00
141 	 142 	136	22.00
142 	 143 	155	22.00
143 	 144 	136	24.00
145 	 146 	232	16.00
145 	 177 	199	18.00
146 	 147 	239	20.00
147 	 148 	259	22.00
147 	 179 	162	23.00
149 	 150 	273	18.00
150 	 151 	226	23.00
154 	 155 	136	18.00
154 	 186 	191	20.00
155 	 156 	142	17.00
156 	 157 	238	24.00
156 	 188 	147	18.00
157 	 158 	202	20.00
159 	 191 	204	16.00
160 	 161 	172	22.00
162 	 163 	262	18.00
162 	 194 	241	17.00
165 	 166 	218	21.00
166 	 167 	196	17.00
166 	 198 	147	17.00
167 	 168 	136	22.00
168 	 169 	153	16.00
168 	 200 	256	17.00
169 	 170 	268	24.00
169 	 201 	133	18.00
170 	 171 	203	16.00
171 	 172 	126	20.00
172 	 173 	271	19.00
173 	 174 	243	17.00
173 	 205 	147	19.00
174 	 175 	167	17.00
174 	 206 	241	21.00
176 	 177 	122	23.00
177 	 178 	167	16.00
177 	 209 	214	20.00
179 	 180 	162	20.00
180 	 181 	202	24.00
180 	 212 	250	17.00
181 	 182 	191	21.00
181 	 213 	275	20.00
182 	 183 	239	22.00
182 	 214 	209	16.00
183 	 184 	172	22.00
184 	 185 	221	23.00
184 	 216 	226	21.00
187 	 188 	193	24.00
187 	 219 	171	21.00
189 	 190 	279	23.00
190 	 191 	234	21.00
190 	 222 	248	16.00
192 	 193 	263	22.00
192 	 224 	222	16.00
193 	 194 	161	17.00
193 	 225 	224	20.00
195 	 196 	214	24.00
196 	 197 	128	19.00
197 	 198 	190	16.00
197 	 229 	165	17.00
198 	 199 	150	19.00
201 	 202 	259	22.00
202 	 203 	137	22.00
203 	 204 	148	18.00
203 	 235 	123	22.00
206 	 207 	177	23.00
206 	 238 	234	22.00
207 	 208 	254	18.00
208 	 209 	189	21.00
209 	 210 	189	18.00
211 	 243 	260	24.00
215 	 216 	183	16.00
217 	 218 	205	22.00
218 	 219 	255	20.00
219 	 220 	168	19.00
220 	 221 	226	19.00
220 	 252 	123	22.00
221 	 222 	121	24.00
222 	 223 	162	18.00
223 	 255 	268	16.00
225 	 226 	179	18.00
227 	 228 	270	20.00
228 	 229 	210	22.00
228 	 260 	273	16.00
229 	 230 	275	16.00
229 	 261 	204	22.00
231 	 232 	134	16.00
231 	 263 	130	18.00
233 	 234 	220	24.00
234 	 235 	217	16.00
235 	 236 	159	18.00
235 	 267 	186	22.00
237 	 238 	186	22.00
238 	 239 	178	19.00
239 	 240 	264	22.00
240 	 241 	257	22.00
242 	 243 	132	22.00
243 	 244 	150	23.00
244 	 245 	164	21.00
244 	 276 	170	21.00
245 	 246 	269	22.00
245 	 277 	130	22.00
246 	 247 	151	16.00
247 	 248 	233	22.00
247 	 279 	148	18.00
248 	 249 	265	16.00
249 	 250 	198	16.00
250 	 251 	191	19.00
250 	 282 	249	24.00
251 	 252 	136	21.00
252 	 253 	209	20.00
253 	 254 	254	16.00
256 	 257 	230	22.00
257 	 258 	270	18.00
257 	 289 	172	23.00
259 	 260 	127	19.00
262 	 263 	261	20.00
262 	 294 	149	23.00
264 	 265 	245	23.00
264 	 296 	179	19.00
266 	 267 	208	17.00
267 	 268 	205	21.00
267 	 299 	260	16.00
268 	 269 	137	18.00
270 	 271 	165	24.00
271 	 272 	230	24.00
271 	 303 	270	17.00
273 	 274 	139	21.00
274 	 275 	141	17.00
274 	 306 	121	16.00
275 	 276 	193	18.00
275 	 307 	271	18.00
278 	 279 	188	16.00
279 	 280 	143	23.00
280 	 281 	210	18.00
283 	 284 	187	16.00
283 	 315 	263	18.00
284 	 285 	257	23.00
285 	 286 	217	19.00
286 	 287 	222	24.00
286 	 318 	210	23.00
288 	 289 	152	22.00
288 	 320 	220	21.00
289 	 290 	196	16.00
290 	 291 	272	16.00
292 	 293 	215	17.00
293 	 294 	277	20.00
294 	 295 	155	21.00
295 	 296 	255	21.00
296 	 297 	126	23.00
296 	 328 	129	20.00
297 	 298 	242	18.00
298 	 299 	275	20.00
299 	 300 	180	19.00
300 	 301 	153	16.00
300 	 332 	258	20.00
301 	 302 	129	19.00
302 	 303 	222	23.00
303 	 304 	125	24.00
303 	 335 	236	20.00
305 	 337 	253	19.00
307 	 308 	145	20.00
307 	 339 	133	16.00
308 	 309 	143	20.00
308 	 340 	279	24.00
309 	 310 	277	18.00
310 	 311 	189	21.00
310 	 342 	210	20.00
311 	 312 	233	22.00
312 	 313 	160	21.00
313 	 314 	126	16.00
313 	 345 	183	19.00
314 	 315 	202	23.00
315 	 316 	200	19.00
317 	 318 	257	22.00
318 	 319 	172	18.00
318 	 350 	253	20.00
320 	 321 	236	23.00
321 	 322 	172	18.00
322 	 323 	186	24.00
322 	 354 	210	21.00
323 	 324 	149	16.00
324 	 325 	124	16.00
325 	 326 	163	23.00
326 	 327 	129	22.00
327 	 328 	155	19.00
327 	 359 	171	17.00
328 	 329 	180	22.00
329 	 330 	277	23.00
330 	 331 	244	20.00
330 	 362 	191	24.00
333 	 334 	159	17.00
333 	 365 	242	19.00
335 	 336 	203	21.00
336 	 337 	215	24.00
337 	 338 	239	18.00
337 	 369 	162	22.00
338 	 339 	227	18.00
338 	 370 	145	24.00
341 	 342 	260	24.00
341 	 373 	164	21.00
343 	 344 	157	17.00
344 	 345 	136	24.00
344 	 376 	249	21.00
345 	 346 	143	17.00
347 	 348 	230	18.00
347 	 379 	175	23.00
349 	 350 	237	20.00
350 	 351 	262	21.00
351 	 383 	128	20.00
352 	 353 	206	24.00
352 	 384 	139	16.00
353 	 354 	225	24.00
353 	 385 	248	18.00
354 	 355 	193	24.00
354 	 386 	156	24.00
355 	 356 	124	23.00
355 	 387 	127	23.00
356 	 357 	204	20.00
357 	 358 	170	18.00
360 	 361 	179	17.00
361 	 393 	129	19.00
363 	 364 	226	18.00
363 	 395 	171	16.00
365 	 366 	171	16.00
365 	 397 	240	21.00
366 	 367 	214	23.00
367 	 368 	206	17.00
368 	 369 	231	19.00
368 	 400 	189	22.00
370 	 371 	253	16.00
370 	 402 	128	20.00
371 	 372 	124	22.00
374 	 375 	174	24.00
375 	 376 	279	18.00
375 	 407 	164	16.00
376 	 377 	196	24.00
378 	 379 	148	21.00
379 	 380 	141	22.00
379 	 411 	228	18.00
380 	 381 	210	22.00
381 	 382 	134	21.00
383 	 415 	237	23.00
387 	 388 	253	20.00
387 	 419 	161	16.00
388 	 389 	278	20.00
389 	 390 	181	24.00
389 	 421 	175	18.00
390 	 391 	166	22.00
391 	 392 	212	23.00
392 	 393 	181	17.00
393 	 394 	154	16.00
393 	 425 	174	18.00
395 	 396 	202	22.00
395 	 427 	187	23.00
396 	 397 	136	22.00
396 	 428 	171	19.00
398 	 399 	198	21.00
398 	 430 	133	23.00
399 	 400 	216	19.00
399 	 431 	195	21.00
401 	 402 	195	17.00
402 	 403 	268	24.00
402 	 434 	280	22.00
403 	 404 	193	21.00
403 	 435 	126	18.00
404 	 405 	218	16.00
404 	 436 	140	16.00
405 	 406 	254	17.00
405 	 437 	223	22.00
407 	 408 	237	18.00
408 	 409 	277	18.00
409 	 410 	161	21.00
410 	 411 	213	17.00
410 	 442 	267	16.00
412 	 413 	237	23.00
413 	 414 	178	17.00
413 	 445 	202	18.00
414 	 415 	255	24.00
414 	 446 	194	19.00
415 	 447 	271	16.00
416 	 417 	232	21.00
416 	 448 	234	18.00
417 	 418 	194	19.00
420 	 421 	128	23.00
421 	 422 	226	17.00
422 	 423 	280	17.00
422 	 454 	280	22.00
423 	 424 	153	23.00
425 	 426 	130	21.00
429 	 430 	243	18.00
432 	 433 	208	19.00
433 	 434 	245	21.00
433 	 465 	262	21.00
435 	 467 	243	20.00
438 	 439 	175	23.00
438 	 470 	163	17.00
439 	 440 	163	19.00
440 	 441 	127	17.00
440 	 472 	224	16.00
441 	 442 	185	20.00
441 	 473 	277	18.00
442 	 443 	143	17.00
443 	 444 	165	17.00
443 	 475 	277	23.00
448 	 449 	202	20.00
449 	 450 	239	17.00
449 	 481 	160	22.00
450 	 451 	213	21.00
450 	 482 	179	21.00
451 	 452 	212	20.00
452 	 453 	211	20.00
452 	 484 	172	22.00
453 	 454 	159	22.00
455 	 456 	247	16.00
456 	 457 	121	24.00
456 	 488 	220	17.00
457 	 458 	162	22.00
458 	 459 	173	24.00
458 	 490 	261	16.00
459 	 460 	279	22.00
460 	 461 	127	17.00
460 	 492 	230	19.00
461 	 462 	256	16.00
461 	 493 	232	24.00
462 	 463 	143	20.00
462 	 494 	203	23.00
464 	 465 	201	19.00
464 	 496 	221	17.00
466 	 467 	248	19.00
466 	 498 	136	16.00
468 	 469 	270	16.00
469 	 470 	163	16.00
470 	 471 	162	18.00
470 	 502 	132	21.00
474 	 475 	204	21.00
475 	 476 	245	17.00
475 	 507 	236	17.00
477 	 478 	141	19.00
478 	 479 	217	24.00
478 	 510 	170	19.00
479 	 511 	221	22.00
480 	 481 	235	22.00
481 	 513 	203	23.00
483 	 484 	230	21.00
484 	 485 	168	20.00
486 	 487 	271	18.00
486 	 518 	164	16.00
487 	 488 	220	21.00
488 	 489 	265	20.00
490 	 491 	186	21.00
494 	 495 	173	16.00
494 	 526 	175	22.00
495 	 496 	174	19.00
496 	 497 	173	23.00
499 	 500 	264	19.00
500 	 501 	218	21.00
500 	 532 	263	24.00
502 	 503 	208	20.00
503 	 504 	280	23.00
503 	 535 	274	17.00
504 	 505 	153	16.00
505 	 506 	278	17.00
508 	 509 	239	17.00
509 	 510 	264	22.00
509 	 541 	225	22.00
512 	 513 	196	22.00
512 	 544 	168	18.00
513 	 514 	270	16.00
513 	 545 	277	22.00
514 	 515 	249	19.00
515 	 516 	249	19.00
515 	 547 	241	16.00
516 	 517 	129	19.00
516 	 548 	160	16.00
518 	 519 	270	19.00
518 	 550 	253	19.00
519 	 520 	264	19.00
521 	 522 	171	24.00
522 	 523 	179	18.00
523 	 524 	138	17.00
523 	 555 	200	19.00
524 	 525 	231	22.00
524 	 556 	229	23.00
525 	 526 	241	20.00
526 	 527 	163	24.00
527 	 528 	213	19.00
528 	 529 	149	24.00
530 	 531 	234	17.00
530 	 562 	215	24.00
531 	 532 	201	18.00
531 	 563 	278	23.00
532 	 533 	263	21.00
532 	 564 	146	18.00
533 	 534 	205	17.00
534 	 535 	273	21.00
535 	 536 	167	20.00
537 	 538 	258	22.00
537 	 569 	176	19.00
538 	 539 	195	21.00
538 	 570 	246	20.00
540 	 541 	233	20.00
540 	 572 	179	22.00
541 	 542 	235	17.00
541 	 573 	241	23.00
542 	 543 	266	22.00
542 	 574 	194	22.00
546 	 547 	193	24.00
549 	 550 	203	19.00
550 	 551 	222	16.00
551 	 552 	240	18.00
551 	 583 	204	16.00
552 	 553 	220	17.00
553 	 554 	211	23.00
556 	 557 	201	24.00
556 	 588 	124	16.00
557 	 558 	183	19.00
558 	 559 	163	23.00
558 	 590 	176	18.00
559 	 560 	145	21.00
560 	 561 	216	23.00
565 	 566 	245	18.00
565 	 597 	257	18.00
566 	 567 	124	16.00
567 	 568 	233	18.00
568 	 569 	153	24.00
568 	 600 	272	22.00
571 	 572 	122	17.00
571 	 603 	277	23.00
572 	 604 	271	24.00
575 	 607 	266	21.00
576 	 577 	193	23.00
576 	 608 	153	18.00
578 	 579 	152	18.00
578 	 610 	234	20.00
579 	 580 	149	19.00
580 	 581 	274	24.00
580 	 612 	203	22.00
581 	 582 	205	21.00
582 	 614 	192	20.00
584 	 585 	185	18.00
585 	 586 	144	19.00
586 	 587 	189	18.00
587 	 588 	133	24.00
588 	 589 	205	18.00
588 	 620 	140	23.00
590 	 591 	219	20.00
591 	 592 	181	24.00
593 	 594 	279	16.00
593 	 625 	139	22.00
594 	 595 	216	19.00
594 	 626 	270	23.00
595 	 596 	210	22.00
596 	 597 	123	17.00
598 	 599 	155	20.00
598 	 630 	159	18.00
600 	 601 	172	17.00
601 	 602 	240	17.00
601 	 633 	263	19.00
604 	 605 	221	16.00
604 	 636 	227	20.00
605 	 606 	165	24.00
605 	 637 	167	20.00
606 	 607 	163	23.00
608 	 609 	189	23.00
608 	 640 	170	18.00
611 	 612 	223	16.00
613 	 614 	193	23.00
614 	 615 	202	23.00
614 	 646 	256	22.00
616 	 617 	213	16.00
616 	 648 	150	19.00
618 	 619 	225	17.00
618 	 650 	143	18.00
619 	 620 	135	17.00
620 	 621 	145	21.00
621 	 622 	279	18.00
621 	 653 	279	19.00
622 	 623 	241	17.00
623 	 624 	167	16.00
623 	 655 	149	24.00
626 	 627 	186	22.00
626 	 658 	204	20.00
627 	 628 	131	23.00
628 	 629 	275	22.00
630 	 631 	237	22.00
630 	 662 	136	20.00
631 	 632 	235	20.00
634 	 635 	264	23.00
634 	 666 	222	20.00
635 	 636 	257	20.00
637 	 638 	234	21.00
637 	 669 	247	17.00
638 	 639 	140	17.00
640 	 641 	165	16.00
641 	 642 	251	23.00
642 	 643 	129	23.00
643 	 644 	167	21.00
644 	 645 	255	23.00
644 	 676 	193	20.00
646 	 647 	190	16.00
646 	 678 	161	16.00
647 	 648 	226	18.00
648 	 649 	169	21.00
648 	 680 	277	19.00
649 	 650 	204	23.00
649 	 681 	227	23.00
650 	 651 	178	19.00
650 	 682 	279	21.00
652 	 653 	180	24.00
652 	 684 	133	16.00
654 	 655 	153	19.00
654 	 686 	185	22.00
655 	 656 	130	21.00
657 	 658 	182	20.00
657 	 689 	164	16.00
658 	 659 	228	18.00
658 	 690 	167	17.00
659 	 660 	151	23.00
659 	 691 	187	18.00
660 	 661 	243	23.00
660 	 692 	128	21.00
662 	 663 	160	20.00
662 	 694 	123	19.00
663 	 664 	267	24.00
665 	 666 	171	18.00
666 	 667 	156	17.00
668 	 669 	186	24.00
668 	 700 	265	19.00
669 	 670 	176	22.00
669 	 701 	222	20.00
670 	 671 	196	17.00
672 	 673 	158	23.00
672 	 704 	143	24.00
673 	 674 	215	20.00
674 	 675 	276	17.00
675 	 676 	218	18.00
676 	 677 	194	22.00
677 	 709 	180	19.00
679 	 711 	215	23.00
683 	 715 	143	16.00
685 	 686 	198	16.00
685 	 717 	168	22.00
686 	 687 	185	19.00
687 	 688 	180	16.00
687 	 719 	160	23.00
688 	 689 	176	23.00
688 	 720 	174	23.00
689 	 721 	278	21.00
693 	 694 	224	19.00
694 	 695 	180	21.00
695 	 696 	258	19.00
695 	 727 	132	23.00
696 	 697 	177	23.00
697 	 698 	182	21.00
698 	 699 	238	23.00
701 	 702 	129	19.00
702 	 703 	139	18.00
703 	 735 	261	16.00
704 	 705 	169	22.00
705 	 706 	166	23.00
705 	 737 	159	19.00
707 	 708 	272	23.00
708 	 709 	224	23.00
709 	 710 	230	18.00
710 	 711 	182	24.00
711 	 712 	153	23.00
711 	 743 	126	23.00
712 	 713 	136	18.00
713 	 714 	260	18.00
715 	 716 	252	22.00
716 	 717 	162	19.00
716 	 748 	269	24.00
718 	 719 	200	20.00
720 	 752 	132	20.00
722 	 723 	147	17.00
723 	 724 	228	17.00
724 	 725 	262	22.00
725 	 726 	166	17.00
725 	 757 	123	24.00
727 	 728 	194	22.00
728 	 729 	129	16.00
728 	 760 	158	23.00
729 	 730 	276	19.00
730 	 731 	235	17.00
731 	 732 	218	19.00
731 	 763 	134	20.00
733 	 734 	252	18.00
733 	 765 	169	24.00
735 	 767 	151	21.00
736 	 737 	249	22.00
736 	 768 	141	24.00
737 	 738 	186	22.00
738 	 739 	184	19.00
740 	 741 	260	22.00
741 	 742 	176	21.00
742 	 743 	124	19.00
742 	 774 	232	21.00
743 	 744 	192	23.00
743 	 775 	198	19.00
744 	 745 	143	22.00
746 	 747 	201	17.00
747 	 748 	153	18.00
747 	 779 	222	21.00
749 	 750 	159	19.00
749 	 781 	271	18.00
750 	 751 	150	19.00
751 	 752 	150	23.00
751 	 783 	270	24.00
752 	 753 	136	22.00
752 	 784 	162	16.00
753 	 754 	186	21.00
755 	 756 	229	17.00
755 	 787 	181	21.00
757 	 758 	198	16.00
757 	 789 	260	24.00
758 	 759 	266	24.00
759 	 760 	214	18.00
761 	 762 	172	21.00
761 	 793 	279	19.00
764 	 765 	260	19.00
765 	 766 	141	19.00
766 	 767 	183	23.00
766 	 798 	134	16.00
767 	 799 	142	17.00
768 	 769 	253	19.00
770 	 771 	217	20.00
771 	 772 	202	18.00
771 	 803 	160	21.00
773 	 774 	148	19.00
775 	 776 	122	22.00
775 	 807 	133	20.00
776 	 777 	166	24.00
776 	 808 	201	16.00
777 	 778 	131	23.00
777 	 809 	208	20.00
778 	 779 	212	24.00
778 	 810 	241	22.00
780 	 781 	202	22.00
782 	 783 	185	24.00
782 	 814 	274	17.00
784 	 785 	184	22.00
784 	 816 	183	20.00
785 	 786 	268	21.00
786 	 787 	276	24.00
787 	 788 	135	23.00
788 	 789 	274	20.00
789 	 790 	136	21.00
790 	 791 	210	18.00
791 	 792 	157	22.00
792 	 793 	128	19.00
793 	 794 	210	17.00
794 	 795 	137	21.00
796 	 797 	165	21.00
797 	 798 	211	22.00
797 	 829 	268	16.00
800 	 801 	266	17.00
801 	 802 	239	21.00
802 	 803 	237	20.00
803 	 804 	242	16.00
803 	 835 	200	20.00
804 	 805 	174	16.00
806 	 807 	233	17.00
806 	 838 	266	18.00
811 	 812 	272	22.00
811 	 843 	243	19.00
812 	 813 	208	21.00
812 	 844 	135	22.00
814 	 815 	140	16.00
814 	 846 	170	23.00
816 	 817 	245	16.00
816 	 848 	247	22.00
817 	 818 	190	22.00
818 	 819 	184	16.00
820 	 821 	243	18.00
820 	 852 	271	18.00
821 	 822 	142	21.00
822 	 823 	170	23.00
823 	 824 	159	23.00
823 	 855 	190	21.00
824 	 825 	156	22.00
825 	 826 	126	19.00
827 	 828 	123	18.00
828 	 829 	269	19.00
828 	 860 	199	19.00
829 	 830 	275	16.00
829 	 861 	148	16.00
830 	 831 	153	21.00
830 	 862 	172	20.00
832 	 833 	266	16.00
832 	 864 	152	22.00
833 	 834 	187	21.00
833 	 865 	157	24.00
834 	 835 	129	17.00
835 	 836 	162	21.00
836 	 837 	238	23.00
836 	 868 	247	21.00
837 	 838 	139	17.00
837 	 869 	235	16.00
838 	 839 	171	16.00
839 	 840 	152	23.00
841 	 842 	139	23.00
842 	 843 	121	21.00
842 	 874 	156	17.00
845 	 877 	219	24.00
847 	 848 	199	17.00
848 	 849 	158	23.00
848 	 880 	134	18.00
849 	 850 	233	21.00
850 	 851 	237	24.00
850 	 882 	242	18.00
851 	 852 	214	23.00
852 	 853 	215	19.00
853 	 854 	267	22.00
853 	 885 	256	23.00
855 	 856 	202	23.00
856 	 857 	253	23.00
856 	 888 	225	19.00
857 	 858 	203	24.00
857 	 889 	194	23.00
858 	 859 	268	19.00
862 	 863 	228	20.00
862 	 894 	180	18.00
863 	 895 	161	16.00
866 	 867 	160	23.00
866 	 898 	163	20.00
869 	 870 	235	21.00
869 	 901 	250	19.00
870 	 871 	208	22.00
872 	 873 	125	18.00
872 	 904 	156	17.00
874 	 875 	220	20.00
875 	 876 	200	20.00
876 	 877 	224	19.00
876 	 908 	170	17.00
877 	 878 	188	19.00
878 	 879 	233	22.00
878 	 910 	244	18.00
879 	 880 	252	20.00
879 	 911 	244	24.00
881 	 882 	133	22.00
882 	 883 	167	22.00
884 	 885 	246	21.00
884 	 916 	122	17.00
885 	 886 	120	21.00
887 	 888 	251	23.00
888 	 920 	140	20.00
890 	 891 	268	23.00
890 	 922 	244	16.00
891 	 892 	212	19.00
891 	 923 	247	20.00
893 	 894 	156	16.00
893 	 925 	278	17.00
896 	 897 	189	16.00
897 	 898 	229	19.00
898 	 899 	219	22.00
898 	 930 	235	18.00
899 	 900 	182	20.00
901 	 902 	142	17.00
901 	 933 	236	22.00
903 	 904 	203	17.00
904 	 905 	163	16.00
904 	 936 	175	20.00
905 	 906 	170	19.00
905 	 937 	231	22.00
907 	 908 	178	18.00
908 	 909 	162	22.00
911 	 912 	163	16.00
912 	 913 	268	18.00
913 	 914 	257	22.00
914 	 915 	247	22.00
914 	 946 	214	24.00
917 	 918 	222	19.00
918 	 919 	126	21.00
919 	 920 	191	18.00
919 	 951 	137	20.00
920 	 921 	136	20.00
921 	 922 	192	17.00
924 	 925 	193	16.00
924 	 956 	159	20.00
925 	 926 	144	19.00
926 	 927 	257	18.00
926 	 958 	157	16.00
928 	 929 	179	16.00
929 	 930 	163	20.00
929 	 961 	242	18.00
930 	 931 	154	16.00
930 	 962 	184	20.00
932 	 933 	240	20.00
932 	 964 	169	23.00
934 	 935 	191	17.00
934 	 966 	221	19.00
937 	 938 	238	23.00
937 	 969 	169	21.00
938 	 939 	190	22.00
938 	 970 	163	24.00
939 	 940 	219	21.00
941 	 942 	128	24.00
942 	 943 	171	24.00
942 	 974 	123	23.00
943 	 944 	179	19.00
944 	 945 	244	19.00
944 	 976 	243	19.00
945 	 946 	178	22.00
946 	 947 	133	20.00
947 	 948 	138	20.00
948 	 949 	178	19.00
948 	 980 	173	21.00
949 	 950 	223	23.00
949 	 981 	137	18.00
952 	 953 	189	23.00
952 	 984 	189	21.00
953 	 954 	171	16.00
954 	 955 	192	21.00
954 	 986 	209	17.00
955 	 956 	162	16.00
957 	 958 	209	18.00
957 	 989 	258	20.00
958 	 959 	161	22.00
960 	 961 	272	20.00
962 	 963 	255	22.00
962 	 994 	227	23.00
963 	 964 	182	19.00
963 	 995 	223	22.00
964 	 965 	143	20.00
965 	 966 	148	22.00
965 	 997 	217	16.00
966 	 967 	223	16.00
967 	 968 	186	17.00
968 	 969 	154	22.00
968 	 1000 	225	20.00
969 	 1001 	121	17.00
971 	 972 	241	23.00
972 	 973 	125	18.00
972 	 1004 	184	23.00
973 	 974 	216	24.00
974 	 975 	195	23.00
974 	 1006 	178	17.00
977 	 978 	217	17.00
977 	 1009 	268	18.00
978 	 979 	155	17.00
981 	 982 	237	23.00
981 	 1013 	199	21.00
982 	 983 	142	19.00
982 	 1014 	272	17.00
983 	 984 	235	21.00
983 	 1015 	186	23.00
985 	 986 	234	23.00
985 	 1017 	144	18.00
986 	 987 	195	21.00
988 	 989 	250	21.00
988 	 1020 	206	23.00
989 	 990 	208	19.00
990 	 991 	202	24.00
991 	 1023 	137	16.00
992 	 993 	167	18.00
993 	 994 	262	16.00
995 	 996 	266	19.00
997 	 998 	145	17.00
999 	 1000 	223	22.00
1002 	 1003 	163	18.00
1003 	 1004 	214	18.00
1005 	 1006 	243	23.00
1006 	 1007 	198	18.00
1007 	 1008 	225	22.00
1008 	 1009 	222	16.00
1009 	 1010 	212	20.00
1010 	 1011 	153	19.00
1011 	 1012 	204	24.00
1015 	 1016 	218	22.00
1018 	 1019 	166	19.00
1019 	 1020 	143	17.00
1020 	 1021 	132	23.00
1022 	 1023 	221	17.00
