1024 	 1023 	 20 	 0.30 
 
3	6	0
102	0	0
218	-45	0
305	-28	0
434	-32	0
506	-43	0
599	-9	0
703	-10	0
781	-26	0
943	-3	10
1017	-1	10
1073	15	10
1212	-21	10
1331	4	10
1428	15	10
1524	27	10
1615	-17	8
1688	-39	8
1833	18	8
1866	3	8
1999	2	8
2134	1	8
2203	-12	8
2319	-19	8
2400	4	8
2510	-17	8
2642	-6	3
2690	4	3
2778	-6	3
2931	-9	3
3032	-3	3
3099	-5	3
-8	87	0
99	89	0
230	89	0
311	101	0
372	96	0
493	108	0
602	87	0
693	108	0
787	86	10
913	129	10
1036	82	10
1083	133	10
1226	73	10
1293	95	10
1417	134	10
1476	93	10
1619	63	8
1667	104	8
1768	83	8
1902	114	8
1977	101	8
2135	95	8
2222	87	8
2321	93	8
2380	78	8
2533	77	3
2602	103	3
2710	139	3
2840	107	3
2881	122	3
3002	137	3
3121	105	3
15	214	0
69	217	0
199	176	0
321	194	0
378	234	0
464	196	0
601	219	0
657	179	0
808	185	0
923	216	10
996	199	10
1143	248	10
1177	191	10
1340	205	10
1400	217	10
1515	206	8
1629	198	8
1722	167	8
1784	218	8
1889	168	8
2018	220	8
2077	207	8
2199	229	8
2303	231	3
2407	199	3
2514	182	3
2567	156	3
2707	200	3
2786	222	3
2870	200	3
2996	216	3
3066	216	3
-11	310	0
85	279	0
226	296	0
278	253	0
426	305	0
533	291	0
593	306	0
705	324	0
793	347	0
897	279	0
992	284	10
1064	266	10
1167	301	10
1322	282	10
1378	294	10
1519	299	8
1616	307	8
1685	306	8
1752	320	8
1887	308	8
1998	290	8
2076	270	8
2196	309	8
2285	306	3
2385	326	3
2523	273	3
2608	326	3
2716	251	3
2813	325	3
2904	297	3
3027	339	3
3056	294	3
-2	392	0
104	422	0
200	396	0
319	429	0
422	388	0
471	429	0
601	439	0
700	394	0
814	369	10
903	438	10
984	440	10
1101	415	10
1208	396	10
1312	361	10
1355	395	10
1492	398	10
1580	370	10
1704	368	8
1768	378	8
1916	420	8
1996	413	8
2112	417	8
2198	381	8
2318	436	3
2398	376	3
2519	386	3
2608	370	3
2685	370	3
2796	421	3
2897	387	3
3039	400	3
3103	445	3
2	519	0
96	523	0
195	461	0
304	489	0
402	519	0
514	472	0
586	514	0
672	499	0
802	485	0
890	472	10
985	484	10
1089	485	10
1193	505	10
1273	469	10
1407	485	10
1465	466	10
1582	505	10
1723	506	8
1815	505	8
1929	501	8
2023	505	8
2086	524	8
2177	484	8
2277	536	8
2382	538	3
2507	519	3
2608	454	3
2712	515	3
2772	531	3
2931	522	3
2989	506	3
3107	536	3
-40	607	12
103	629	0
204	590	0
306	596	0
379	601	0
507	610	0
583	607	0
731	605	0
801	580	0
868	618	10
1011	576	10
1120	591	10
1213	597	10
1304	611	10
1395	598	10
1489	588	10
1595	614	17
1687	619	8
1827	592	8
1914	629	8
1978	634	8
2077	591	8
2210	612	8
2304	623	8
2400	568	8
2496	574	3
2589	600	3
2678	612	3
2824	621	3
2896	603	3
3026	611	3
3081	635	3
25	703	12
107	712	12
202	685	0
307	701	0
414	677	0
483	727	0
599	657	12
681	707	12
821	688	10
882	710	10
990	672	10
1096	692	10
1206	694	10
1290	680	10
1413	712	10
1509	682	10
1601	739	17
1683	667	17
1840	712	8
1910	662	8
2033	694	8
2070	694	8
2191	710	8
2307	672	8
2398	729	18
2524	702	18
2618	712	3
2668	667	3
2775	688	3
2905	683	3
3011	675	3
3105	699	3
4	810	12
150	772	12
169	829	12
340	816	12
443	809	0
536	825	12
578	769	12
719	776	12
826	808	12
886	823	10
956	820	10
1144	823	10
1238	816	10
1345	832	10
1412	789	10
1495	816	14
1594	780	14
1673	795	17
1815	782	8
1908	812	14
1983	827	8
2093	827	8
2191	802	8
2296	839	18
2364	757	18
2491	820	5
2625	788	3
2685	789	3
2780	805	3
2900	805	3
3002	831	3
3085	782	3
32	907	12
89	940	12
196	895	12
279	930	12
416	911	0
531	899	12
585	873	12
725	879	12
792	857	12
927	906	10
998	944	10
1075	917	10
1219	881	10
1266	878	10
1417	865	14
1472	892	14
1591	900	14
1653	911	14
1755	906	14
1888	890	14
1963	880	14
2117	866	8
2177	896	14
2318	886	14
2396	927	5
2524	912	5
2648	908	5
2704	888	5
2753	897	5
2874	881	3
2967	875	3
3117	927	5
2	1018	12
95	1014	12
228	997	12
286	986	12
404	1001	12
487	989	12
627	994	12
684	962	12
771	1007	12
903	999	12
1014	1012	15
1103	996	15
1203	966	15
1265	1023	15
1412	993	14
1461	1028	14
1603	982	14
1711	1028	14
1824	1013	14
1886	1003	14
1981	1036	14
2131	1007	14
2207	982	14
2287	1021	14
2433	1013	5
2492	988	5
2621	974	5
2699	1003	5
2797	1008	5
2870	972	5
3029	973	5
3103	1014	5
-40	1088	12
106	1059	12
220	1096	12
309	1083	12
378	1096	12
488	1101	12
553	1085	12
702	1112	12
813	1080	12
922	1132	15
1019	1113	15
1098	1115	13
1161	1087	13
1315	1118	15
1385	1099	14
1469	1085	14
1618	1087	14
1702	1101	14
1771	1140	14
1909	1096	14
2007	1094	14
2097	1081	14
2181	1103	14
2291	1093	5
2414	1119	5
2514	1132	5
2578	1115	5
2702	1125	5
2796	1139	5
2925	1066	5
3024	1068	5
3082	1109	5
19	1197	12
113	1214	12
175	1168	12
281	1212	12
415	1234	12
517	1209	12
581	1211	12
691	1229	12
811	1195	12
918	1205	13
996	1221	13
1053	1202	13
1187	1200	13
1295	1194	13
1400	1186	13
1486	1199	13
1634	1184	14
1697	1191	14
1813	1212	14
1872	1213	14
1968	1181	14
2079	1188	14
2168	1153	14
2335	1189	5
2390	1219	5
2495	1206	5
2627	1224	5
2692	1181	5
2828	1187	5
2896	1229	5
3009	1227	5
3097	1242	5
0	1304	12
84	1264	12
153	1309	12
334	1283	12
421	1295	12
452	1332	12
616	1271	12
698	1318	12
815	1277	13
908	1275	13
971	1317	13
1062	1306	13
1233	1327	13
1255	1343	13
1379	1306	13
1475	1263	13
1603	1265	13
1669	1289	14
1790	1334	14
1878	1272	14
2040	1301	14
2076	1317	14
2183	1319	14
2331	1250	5
2433	1295	5
2458	1310	5
2601	1290	5
2675	1317	5
2796	1282	5
2900	1294	5
2996	1305	5
3095	1329	5
31	1397	12
102	1376	12
204	1394	12
340	1406	12
434	1368	12
468	1428	12
594	1372	12
660	1369	12
797	1398	13
920	1373	13
973	1412	13
1102	1432	13
1194	1375	13
1269	1420	13
1437	1368	13
1534	1399	14
1635	1396	14
1695	1420	14
1780	1381	14
1948	1383	14
2022	1395	14
2122	1399	14
2211	1389	14
2301	1419	5
2383	1393	5
2504	1379	5
2634	1386	5
2701	1363	5
2820	1412	5
2910	1392	5
2991	1421	5
3078	1410	5
-31	1494	11
112	1494	12
201	1461	12
334	1502	11
414	1471	11
512	1503	11
614	1515	11
680	1544	11
837	1504	13
944	1538	13
1003	1466	13
1126	1492	13
1236	1508	13
1312	1496	13
1428	1462	13
1517	1498	13
1594	1487	13
1720	1474	14
1844	1524	14
1896	1474	14
2002	1469	14
2091	1533	14
2211	1499	14
2336	1502	5
2427	1472	5
2510	1484	5
2578	1497	5
2662	1483	5
2761	1509	5
2876	1521	5
3003	1462	5
3082	1529	5
-20	1619	11
99	1561	12
222	1604	11
274	1613	11
388	1602	11
530	1607	11
630	1596	11
694	1601	11
833	1568	13
882	1561	13
1024	1564	13
1082	1579	13
1241	1631	13
1319	1626	13
1391	1623	13
1537	1609	13
1573	1635	13
1667	1592	14
1772	1614	14
1892	1632	14
1989	1629	14
2094	1607	14
2172	1628	14
2297	1638	6
2416	1598	6
2504	1557	5
2595	1605	6
2660	1614	5
2788	1601	5
2897	1637	5
3000	1603	5
3100	1572	6
-39	1705	11
93	1688	11
218	1670	11
283	1683	11
369	1685	11
509	1695	11
581	1674	11
706	1683	11
804	1727	13
880	1712	13
1041	1669	13
1097	1685	13
1189	1681	13
1293	1717	13
1418	1694	13
1499	1691	13
1620	1691	16
1702	1678	16
1807	1708	14
1892	1717	14
1988	1728	16
2106	1686	14
2193	1693	14
2267	1738	6
2425	1699	6
2513	1712	6
2589	1712	6
2678	1730	6
2771	1720	5
2888	1655	6
3042	1738	6
3111	1652	6
15	1795	11
115	1773	11
183	1816	11
269	1810	11
422	1813	11
473	1807	11
588	1834	11
687	1812	11
813	1798	11
927	1822	13
992	1782	13
1101	1811	13
1228	1797	13
1264	1777	13
1401	1832	13
1496	1823	13
1574	1782	16
1736	1809	16
1787	1800	16
1905	1775	14
1990	1808	16
2094	1792	16
2228	1792	6
2336	1763	6
2389	1818	6
2512	1770	6
2571	1793	6
2706	1786	6
2778	1796	6
2924	1811	6
2999	1795	6
3123	1806	6
5	1891	11
107	1890	11
218	1902	11
305	1904	11
354	1894	11
473	1911	11
620	1902	11
698	1865	11
768	1933	11
877	1871	11
1015	1910	13
1109	1909	13
1182	1875	13
1307	1905	13
1363	1897	13
1515	1910	16
1601	1882	16
1720	1878	16
1779	1909	16
1913	1903	16
2006	1894	16
2072	1879	16
2221	1945	6
2343	1920	6
2424	1876	6
2476	1873	6
2626	1873	6
2729	1919	6
2774	1882	6
2887	1913	6
3017	1884	6
3075	1866	6
-15	1957	11
121	2004	11
244	1998	11
315	2030	11
393	1976	11
485	1992	11
626	2035	11
707	1982	11
792	1970	11
867	2018	11
1011	2010	19
1107	1977	13
1185	1995	16
1301	2007	16
1416	2014	16
1468	2021	16
1612	2026	16
1690	2019	16
1814	1974	16
1901	1996	16
1984	1990	16
2115	2000	6
2225	1981	6
2255	1977	6
2427	1970	6
2517	1993	6
2574	1975	6
2669	2001	6
2761	2027	6
2896	1975	6
2987	2009	6
3081	2006	6
5	2116	11
104	2100	11
189	2086	11
322	2141	11
444	2117	11
514	2119	11
607	2098	11
741	2121	11
755	2131	11
902	2124	19
1017	2084	19
1096	2129	7
1186	2103	16
1271	2061	16
1365	2084	16
1519	2060	16
1622	2122	16
1692	2128	16
1777	2108	16
1928	2121	16
1973	2081	16
2095	2084	16
2217	2093	6
2287	2084	6
2397	2065	6
2496	2092	6
2610	2140	6
2705	2082	6
2784	2092	6
2901	2134	6
3000	2114	6
3116	2125	6
15	2165	11
110	2191	11
206	2220	1
275	2177	11
412	2207	11
482	2204	1
601	2245	1
697	2244	11
813	2187	11
862	2173	19
1029	2205	7
1090	2211	7
1198	2196	7
1320	2240	7
1418	2234	16
1500	2202	7
1598	2191	16
1660	2186	16
1814	2182	16
1870	2170	16
2036	2226	16
2060	2183	16
2181	2165	16
2302	2209	6
2393	2224	6
2470	2195	6
2590	2249	6
2681	2232	2
2786	2190	6
2891	2159	6
3015	2191	6
3108	2187	6
-4	2273	11
103	2313	11
197	2307	1
301	2288	1
384	2294	1
486	2313	1
624	2305	1
690	2278	11
805	2307	19
911	2342	19
969	2294	7
1092	2334	7
1227	2271	7
1285	2313	7
1386	2282	7
1512	2327	7
1606	2262	16
1729	2303	16
1813	2332	16
1911	2295	4
2001	2283	4
2099	2302	4
2188	2295	16
2304	2299	6
2360	2283	6
2514	2334	6
2601	2305	6
2733	2303	2
2787	2304	2
2914	2285	2
2984	2294	2
3055	2322	6
11	2366	1
89	2390	11
223	2396	1
291	2407	1
370	2412	1
511	2387	1
551	2398	1
662	2438	1
792	2433	1
889	2369	19
1009	2377	7
1063	2409	7
1156	2384	7
1331	2392	7
1366	2369	7
1490	2392	7
1599	2411	16
1718	2389	4
1817	2405	4
1912	2428	4
2009	2365	4
2100	2435	4
2157	2432	4
2301	2370	4
2409	2428	6
2456	2427	2
2605	2368	2
2671	2426	2
2793	2382	2
2928	2385	2
2985	2383	2
3133	2410	2
-31	2500	1
127	2467	1
200	2496	1
322	2488	1
398	2523	1
544	2503	1
597	2490	1
734	2490	1
817	2489	7
923	2514	7
989	2488	7
1080	2487	7
1191	2486	7
1291	2507	7
1396	2528	7
1519	2479	7
1590	2479	4
1742	2521	4
1789	2507	4
1937	2498	4
2010	2521	4
2112	2469	4
2206	2484	4
2331	2530	4
2399	2529	2
2519	2506	2
2637	2499	2
2666	2535	2
2783	2515	2
2871	2490	2
2969	2505	2
3115	2536	2
4	2602	1
122	2601	1
207	2612	1
304	2641	1
422	2572	1
456	2596	1
601	2620	1
689	2608	1
815	2599	7
891	2637	7
988	2569	7
1113	2601	7
1216	2601	7
1328	2615	7
1373	2569	7
1497	2608	7
1620	2592	4
1680	2618	4
1762	2573	4
1896	2584	4
1994	2618	4
2068	2616	4
2189	2619	4
2304	2571	4
2418	2598	2
2529	2613	2
2602	2572	2
2696	2618	2
2808	2608	2
2931	2616	2
3007	2599	2
3073	2628	2
5	2662	1
118	2671	1
167	2688	1
279	2659	1
423	2677	1
531	2688	1
603	2688	1
695	2700	1
790	2715	7
882	2676	7
1010	2673	7
1107	2719	7
1213	2691	7
1315	2700	7
1381	2680	7
1478	2736	4
1605	2731	4
1685	2696	4
1819	2721	4
1887	2731	4
2004	2725	4
2130	2713	4
2213	2687	4
2303	2671	2
2434	2715	2
2509	2675	2
2632	2696	2
2710	2692	2
2805	2669	2
2919	2696	2
2991	2708	2
3093	2706	2
-6	2792	1
63	2838	1
174	2823	1
349	2780	1
406	2801	1
503	2816	1
623	2824	1
709	2753	1
798	2762	1
868	2809	7
983	2790	7
1095	2803	7
1182	2821	7
1295	2809	7
1398	2828	7
1495	2812	4
1600	2802	4
1672	2804	4
1800	2788	4
1852	2796	4
2025	2833	4
2101	2811	4
2183	2805	4
2290	2787	2
2364	2790	2
2458	2802	2
2589	2806	2
2692	2756	2
2835	2767	2
2926	2821	2
3044	2797	2
3131	2811	2
-30	2894	1
133	2905	1
232	2915	1
301	2927	1
400	2905	1
508	2897	1
583	2932	1
740	2936	1
840	2924	7
911	2913	7
1021	2894	7
1114	2912	7
1224	2881	7
1312	2877	7
1424	2922	7
1485	2899	7
1608	2929	4
1690	2902	4
1812	2883	4
1857	2924	4
2016	2891	4
2123	2924	4
2220	2900	4
2287	2901	2
2407	2916	2
2487	2873	2
2596	2917	2
2684	2912	2
2804	2943	2
2891	2915	2
3002	2897	2
3123	2905	2
23	3009	1
85	2963	1
199	3010	1
273	2998	1
405	3005	1
516	3048	1
633	3003	1
719	3030	1
776	2990	9
911	2995	7
1002	3005	7
1087	3006	7
1207	3025	7
1305	2993	7
1401	3022	7
1517	2999	4
1620	3005	4
1701	3010	4
1828	2983	4
1869	2985	4
2000	2989	4
2125	2977	4
2200	3014	4
2308	2982	2
2376	3025	2
2506	2980	2
2608	3013	2
2662	3020	2
2806	3005	2
2918	3016	2
3026	3009	2
3094	2977	2
24	3094	1
105	3098	1
225	3108	1
294	3118	1
384	3078	1
490	3089	1
600	3090	1
748	3130	9
799	3082	9
864	3133	9
994	3098	7
1068	3085	7
1157	3104	7
1313	3076	7
1440	3125	7
1489	3097	4
1642	3120	4
1694	3078	4
1804	3065	4
1863	3065	4
2000	3117	4
2091	3097	4
2234	3105	4
2281	3075	4
2368	3128	4
2493	3089	2
2605	3137	2
2684	3101	2
2795	3109	2
2922	3130	2
3012	3137	2
3131	3112	2

0 	 1 	246	19.00
1 	 2 	175	23.00
2 	 3 	231	21.00
2 	 34 	251	24.00
3 	 4 	219	22.00
4 	 5 	201	18.00
4 	 36 	230	21.00
5 	 6 	200	22.00
6 	 7 	234	21.00
7 	 8 	146	19.00
8 	 9 	223	23.00
9 	 10 	137	20.00
9 	 41 	237	21.00
10 	 11 	260	20.00
12 	 13 	182	21.00
12 	 44 	189	21.00
13 	 14 	277	21.00
15 	 16 	193	18.00
15 	 47 	203	18.00
16 	 17 	144	21.00
17 	 18 	217	16.00
18 	 19 	137	17.00
19 	 20 	202	18.00
20 	 21 	266	24.00
21 	 22 	275	17.00
23 	 24 	252	23.00
23 	 55 	272	18.00
24 	 25 	163	21.00
25 	 26 	130	24.00
27 	 28 	269	16.00
27 	 59 	123	24.00
28 	 29 	156	18.00
29 	 30 	246	22.00
29 	 61 	253	17.00
30 	 31 	259	18.00
31 	 63 	163	22.00
32 	 33 	268	23.00
32 	 64 	177	19.00
33 	 34 	231	22.00
35 	 36 	222	23.00
36 	 37 	159	20.00
36 	 68 	200	16.00
38 	 39 	274	17.00
38 	 70 	234	19.00
39 	 40 	258	18.00
40 	 41 	204	24.00
40 	 72 	181	17.00
41 	 42 	229	24.00
42 	 43 	249	20.00
42 	 74 	251	21.00
43 	 44 	127	18.00
44 	 45 	168	18.00
45 	 46 	172	22.00
47 	 48 	276	20.00
48 	 49 	264	22.00
48 	 80 	153	22.00
49 	 50 	206	24.00
50 	 51 	164	21.00
50 	 82 	252	16.00
51 	 52 	212	17.00
52 	 53 	222	20.00
52 	 84 	121	22.00
53 	 54 	274	22.00
54 	 55 	140	21.00
54 	 86 	148	21.00
55 	 56 	221	24.00
56 	 57 	180	16.00
57 	 58 	264	18.00
58 	 59 	263	17.00
60 	 61 	260	22.00
61 	 62 	132	17.00
61 	 93 	238	17.00
64 	 65 	244	18.00
64 	 96 	176	23.00
65 	 66 	156	22.00
65 	 97 	235	16.00
66 	 67 	230	16.00
66 	 98 	279	16.00
69 	 70 	268	18.00
69 	 101 	249	21.00
70 	 71 	154	23.00
72 	 73 	239	19.00
72 	 104 	252	21.00
75 	 76 	202	19.00
76 	 77 	254	17.00
77 	 78 	266	17.00
78 	 79 	128	24.00
79 	 80 	265	16.00
79 	 111 	134	16.00
80 	 81 	206	21.00
82 	 83 	221	18.00
85 	 86 	276	19.00
85 	 117 	121	19.00
86 	 87 	153	21.00
87 	 88 	239	21.00
89 	 90 	251	16.00
89 	 121 	251	18.00
90 	 91 	141	17.00
91 	 92 	195	16.00
93 	 94 	151	19.00
93 	 125 	131	18.00
95 	 127 	192	17.00
98 	 99 	232	16.00
100 	 101 	223	19.00
101 	 102 	218	20.00
101 	 133 	222	22.00
103 	 104 	193	17.00
104 	 105 	148	16.00
104 	 136 	269	23.00
105 	 106 	233	21.00
106 	 107 	160	24.00
106 	 138 	276	20.00
107 	 108 	264	23.00
109 	 110 	263	18.00
110 	 111 	192	18.00
111 	 112 	211	20.00
111 	 143 	249	20.00
113 	 114 	219	23.00
114 	 115 	204	17.00
115 	 116 	245	17.00
116 	 117 	152	22.00
117 	 118 	249	16.00
118 	 119 	203	18.00
118 	 150 	158	21.00
119 	 120 	147	23.00
120 	 121 	259	18.00
120 	 152 	187	24.00
121 	 122 	190	20.00
121 	 153 	188	17.00
122 	 123 	212	17.00
123 	 124 	248	22.00
125 	 126 	173	20.00
126 	 127 	160	20.00
128 	 129 	216	22.00
129 	 130 	273	20.00
129 	 161 	255	24.00
130 	 131 	146	19.00
131 	 132 	247	18.00
131 	 163 	223	22.00
132 	 133 	189	16.00
132 	 164 	184	20.00
133 	 134 	182	20.00
134 	 135 	184	21.00
136 	 137 	183	20.00
138 	 139 	187	22.00
139 	 140 	128	17.00
140 	 141 	213	22.00
140 	 172 	247	16.00
141 	 142 	137	18.00
142 	 143 	168	19.00
143 	 144 	214	22.00
145 	 146 	238	18.00
145 	 177 	243	20.00
146 	 147 	188	23.00
147 	 148 	174	18.00
147 	 179 	192	18.00
149 	 150 	147	21.00
150 	 151 	243	22.00
154 	 155 	179	17.00
154 	 186 	235	16.00
155 	 156 	138	21.00
156 	 157 	278	19.00
156 	 188 	247	21.00
157 	 158 	262	17.00
159 	 191 	280	18.00
160 	 161 	218	16.00
162 	 163 	158	17.00
162 	 194 	183	24.00
165 	 166 	176	19.00
166 	 167 	228	16.00
166 	 198 	142	19.00
167 	 168 	239	16.00
168 	 169 	245	23.00
168 	 200 	169	22.00
169 	 170 	270	20.00
169 	 201 	263	21.00
170 	 171 	167	21.00
171 	 172 	247	20.00
172 	 173 	187	23.00
173 	 174 	128	16.00
173 	 205 	266	21.00
174 	 175 	256	16.00
174 	 206 	258	22.00
176 	 177 	206	17.00
177 	 178 	151	23.00
177 	 209 	235	20.00
179 	 180 	124	20.00
180 	 181 	219	23.00
180 	 212 	228	21.00
181 	 182 	125	20.00
181 	 213 	132	16.00
182 	 183 	120	18.00
182 	 214 	242	21.00
183 	 184 	193	23.00
184 	 185 	255	22.00
184 	 216 	173	17.00
187 	 188 	162	18.00
187 	 219 	146	18.00
189 	 190 	172	16.00
190 	 191 	273	23.00
190 	 222 	155	20.00
192 	 193 	244	22.00
192 	 224 	232	24.00
193 	 194 	230	21.00
193 	 225 	121	19.00
195 	 196 	241	18.00
196 	 197 	183	23.00
197 	 198 	189	22.00
197 	 229 	164	23.00
198 	 199 	147	23.00
201 	 202 	242	18.00
202 	 203 	212	23.00
203 	 204 	160	23.00
203 	 235 	272	21.00
206 	 207 	262	21.00
206 	 238 	236	21.00
207 	 208 	159	19.00
208 	 209 	169	17.00
209 	 210 	265	20.00
211 	 243 	256	21.00
215 	 216 	193	24.00
217 	 218 	250	19.00
218 	 219 	274	21.00
219 	 220 	140	17.00
220 	 221 	152	19.00
220 	 252 	138	18.00
221 	 222 	157	19.00
222 	 223 	135	17.00
223 	 255 	280	20.00
225 	 226 	136	21.00
227 	 228 	198	24.00
228 	 229 	171	19.00
228 	 260 	177	20.00
229 	 230 	177	18.00
229 	 261 	275	21.00
231 	 232 	146	17.00
231 	 263 	153	19.00
233 	 234 	228	16.00
234 	 235 	174	23.00
235 	 236 	200	16.00
235 	 267 	202	19.00
237 	 238 	127	19.00
238 	 239 	149	21.00
239 	 240 	263	18.00
240 	 241 	120	18.00
242 	 243 	176	23.00
243 	 244 	199	16.00
244 	 245 	162	24.00
244 	 276 	167	22.00
245 	 246 	193	22.00
245 	 277 	279	17.00
246 	 247 	172	20.00
247 	 248 	265	17.00
247 	 279 	225	23.00
248 	 249 	203	19.00
249 	 250 	177	19.00
250 	 251 	277	23.00
250 	 282 	255	17.00
251 	 252 	260	21.00
252 	 253 	156	23.00
253 	 254 	192	24.00
256 	 257 	181	22.00
257 	 258 	255	18.00
257 	 289 	236	22.00
259 	 260 	157	22.00
262 	 263 	138	17.00
262 	 294 	139	23.00
264 	 265 	241	23.00
264 	 296 	201	17.00
266 	 267 	158	21.00
267 	 268 	151	20.00
267 	 299 	203	23.00
268 	 269 	165	21.00
270 	 271 	131	19.00
271 	 272 	244	18.00
271 	 303 	198	23.00
273 	 274 	178	17.00
274 	 275 	173	22.00
274 	 306 	161	23.00
275 	 276 	242	24.00
275 	 307 	227	18.00
278 	 279 	222	16.00
279 	 280 	197	20.00
280 	 281 	157	18.00
283 	 284 	146	19.00
283 	 315 	195	24.00
284 	 285 	243	24.00
285 	 286 	133	22.00
286 	 287 	263	17.00
286 	 318 	220	24.00
288 	 289 	280	20.00
288 	 320 	234	24.00
289 	 290 	231	21.00
290 	 291 	194	22.00
292 	 293 	262	17.00
293 	 294 	251	21.00
294 	 295 	250	20.00
295 	 296 	218	16.00
296 	 297 	241	17.00
296 	 328 	129	21.00
297 	 298 	159	18.00
298 	 299 	165	18.00
299 	 300 	215	17.00
300 	 301 	280	16.00
300 	 332 	189	19.00
301 	 302 	143	20.00
302 	 303 	278	24.00
303 	 304 	228	23.00
303 	 335 	218	23.00
305 	 337 	138	22.00
307 	 308 	132	20.00
307 	 339 	149	21.00
308 	 309 	196	20.00
308 	 340 	243	21.00
309 	 310 	179	22.00
310 	 311 	202	16.00
310 	 342 	200	20.00
311 	 312 	234	24.00
312 	 313 	149	23.00
313 	 314 	256	16.00
313 	 345 	175	20.00
314 	 315 	182	24.00
315 	 316 	247	19.00
317 	 318 	133	24.00
318 	 319 	132	23.00
318 	 350 	210	20.00
320 	 321 	132	24.00
321 	 322 	250	21.00
322 	 323 	204	23.00
322 	 354 	232	16.00
323 	 324 	122	24.00
324 	 325 	146	18.00
325 	 326 	168	24.00
326 	 327 	163	23.00
327 	 328 	228	21.00
327 	 359 	144	23.00
328 	 329 	191	17.00
329 	 330 	279	23.00
330 	 331 	139	21.00
330 	 362 	259	21.00
333 	 334 	159	16.00
333 	 365 	151	17.00
335 	 336 	265	17.00
336 	 337 	279	20.00
337 	 338 	137	20.00
337 	 369 	180	20.00
338 	 339 	273	16.00
338 	 370 	263	19.00
341 	 342 	200	19.00
341 	 373 	221	21.00
343 	 344 	239	16.00
344 	 345 	276	16.00
344 	 376 	226	22.00
345 	 346 	246	23.00
347 	 348 	271	16.00
347 	 379 	121	21.00
349 	 350 	275	23.00
350 	 351 	188	21.00
351 	 383 	231	23.00
352 	 353 	228	24.00
352 	 384 	177	23.00
353 	 354 	274	19.00
353 	 385 	121	22.00
354 	 355 	272	19.00
354 	 386 	189	21.00
355 	 356 	171	17.00
355 	 387 	271	24.00
356 	 357 	134	24.00
357 	 358 	139	17.00
360 	 361 	204	22.00
361 	 393 	178	19.00
363 	 364 	250	19.00
363 	 395 	208	24.00
365 	 366 	279	21.00
365 	 397 	130	22.00
366 	 367 	170	17.00
367 	 368 	267	20.00
368 	 369 	152	23.00
368 	 400 	264	20.00
370 	 371 	133	24.00
370 	 402 	220	21.00
371 	 372 	261	16.00
374 	 375 	210	23.00
375 	 376 	269	23.00
375 	 407 	187	21.00
376 	 377 	191	23.00
378 	 379 	224	24.00
379 	 380 	142	20.00
379 	 411 	196	19.00
380 	 381 	223	21.00
381 	 382 	229	16.00
383 	 415 	123	22.00
387 	 388 	202	21.00
387 	 419 	242	23.00
388 	 389 	228	21.00
389 	 390 	204	24.00
389 	 421 	269	18.00
390 	 391 	218	23.00
391 	 392 	264	22.00
392 	 393 	248	17.00
393 	 394 	251	19.00
393 	 425 	257	18.00
395 	 396 	210	16.00
395 	 427 	123	18.00
396 	 397 	234	22.00
396 	 428 	188	24.00
398 	 399 	242	21.00
398 	 430 	277	22.00
399 	 400 	141	20.00
399 	 431 	274	21.00
401 	 402 	237	20.00
402 	 403 	182	22.00
402 	 434 	269	21.00
403 	 404 	167	22.00
403 	 435 	259	24.00
404 	 405 	200	23.00
404 	 436 	265	23.00
405 	 406 	204	20.00
405 	 437 	155	20.00
407 	 408 	279	21.00
408 	 409 	135	19.00
409 	 410 	192	16.00
410 	 411 	246	23.00
410 	 442 	168	22.00
412 	 413 	183	22.00
413 	 414 	233	22.00
413 	 445 	256	17.00
414 	 415 	269	24.00
414 	 446 	136	22.00
415 	 447 	276	18.00
416 	 417 	272	20.00
416 	 448 	170	20.00
417 	 418 	185	17.00
420 	 421 	183	18.00
421 	 422 	225	22.00
422 	 423 	182	23.00
422 	 454 	172	17.00
423 	 424 	133	22.00
425 	 426 	264	21.00
429 	 430 	253	18.00
432 	 433 	125	16.00
433 	 434 	267	22.00
433 	 465 	122	19.00
435 	 467 	150	24.00
438 	 439 	130	21.00
438 	 470 	280	19.00
439 	 440 	201	20.00
440 	 441 	274	18.00
440 	 472 	262	20.00
441 	 442 	142	20.00
441 	 473 	242	24.00
442 	 443 	155	17.00
443 	 444 	140	19.00
443 	 475 	267	24.00
448 	 449 	171	22.00
449 	 450 	274	16.00
449 	 481 	122	18.00
450 	 451 	184	21.00
450 	 482 	261	20.00
451 	 452 	151	18.00
452 	 453 	196	21.00
452 	 484 	139	18.00
453 	 454 	265	19.00
455 	 456 	258	21.00
456 	 457 	161	18.00
456 	 488 	209	16.00
457 	 458 	220	16.00
458 	 459 	194	20.00
458 	 490 	220	18.00
459 	 460 	121	24.00
460 	 461 	229	17.00
460 	 492 	266	17.00
461 	 462 	213	16.00
461 	 493 	169	20.00
462 	 463 	226	16.00
462 	 494 	238	20.00
464 	 465 	140	23.00
464 	 496 	133	19.00
466 	 467 	229	16.00
466 	 498 	125	18.00
468 	 469 	205	21.00
469 	 470 	214	24.00
470 	 471 	225	21.00
470 	 502 	166	23.00
474 	 475 	215	22.00
475 	 476 	274	18.00
475 	 507 	143	17.00
477 	 478 	228	19.00
478 	 479 	267	21.00
478 	 510 	168	20.00
479 	 511 	258	18.00
480 	 481 	216	19.00
481 	 513 	189	18.00
483 	 484 	139	18.00
484 	 485 	187	16.00
486 	 487 	179	18.00
486 	 518 	200	21.00
487 	 488 	180	20.00
488 	 489 	238	24.00
490 	 491 	184	22.00
494 	 495 	232	20.00
494 	 526 	243	17.00
495 	 496 	148	20.00
496 	 497 	131	19.00
499 	 500 	256	24.00
500 	 501 	230	16.00
500 	 532 	122	24.00
502 	 503 	178	22.00
503 	 504 	124	19.00
503 	 535 	233	22.00
504 	 505 	187	22.00
505 	 506 	158	19.00
508 	 509 	188	18.00
509 	 510 	126	16.00
509 	 541 	235	16.00
512 	 513 	150	18.00
512 	 544 	122	22.00
513 	 514 	157	24.00
513 	 545 	278	17.00
514 	 515 	252	23.00
515 	 516 	226	19.00
515 	 547 	145	21.00
516 	 517 	125	19.00
516 	 548 	274	19.00
518 	 519 	179	19.00
518 	 550 	260	22.00
519 	 520 	185	21.00
521 	 522 	124	21.00
522 	 523 	264	17.00
523 	 524 	120	20.00
523 	 555 	225	20.00
524 	 525 	229	19.00
524 	 556 	213	22.00
525 	 526 	151	16.00
526 	 527 	249	17.00
527 	 528 	167	22.00
528 	 529 	171	20.00
530 	 531 	278	17.00
530 	 562 	208	21.00
531 	 532 	202	21.00
531 	 563 	243	22.00
532 	 533 	218	19.00
532 	 564 	188	21.00
533 	 534 	258	20.00
534 	 535 	140	22.00
535 	 536 	208	24.00
537 	 538 	266	21.00
537 	 569 	277	16.00
538 	 539 	157	24.00
538 	 570 	191	16.00
540 	 541 	195	18.00
540 	 572 	271	17.00
541 	 542 	239	16.00
541 	 573 	132	20.00
542 	 543 	192	19.00
542 	 574 	222	22.00
546 	 547 	181	17.00
549 	 550 	202	16.00
550 	 551 	184	22.00
551 	 552 	258	19.00
551 	 583 	145	20.00
552 	 553 	240	16.00
553 	 554 	280	18.00
556 	 557 	170	20.00
556 	 588 	251	16.00
557 	 558 	252	22.00
558 	 559 	162	16.00
558 	 590 	222	17.00
559 	 560 	225	24.00
560 	 561 	160	23.00
565 	 566 	269	22.00
565 	 597 	168	22.00
566 	 567 	240	20.00
567 	 568 	269	23.00
568 	 569 	150	19.00
568 	 600 	210	24.00
571 	 572 	163	24.00
571 	 603 	148	21.00
572 	 604 	181	16.00
575 	 607 	204	19.00
576 	 577 	275	21.00
576 	 608 	263	18.00
578 	 579 	131	22.00
578 	 610 	263	23.00
579 	 580 	156	19.00
580 	 581 	135	21.00
580 	 612 	236	16.00
581 	 582 	266	22.00
582 	 614 	201	21.00
584 	 585 	241	17.00
585 	 586 	265	17.00
586 	 587 	186	16.00
587 	 588 	165	22.00
588 	 589 	147	22.00
588 	 620 	222	17.00
590 	 591 	247	24.00
591 	 592 	128	19.00
593 	 594 	236	18.00
593 	 625 	209	21.00
594 	 595 	230	18.00
594 	 626 	273	23.00
595 	 596 	121	20.00
596 	 597 	273	17.00
598 	 599 	200	23.00
598 	 630 	137	17.00
600 	 601 	176	19.00
601 	 602 	130	21.00
601 	 633 	241	16.00
604 	 605 	137	21.00
604 	 636 	209	21.00
605 	 606 	202	23.00
605 	 637 	180	23.00
606 	 607 	239	21.00
608 	 609 	234	20.00
608 	 640 	143	20.00
611 	 612 	269	20.00
613 	 614 	126	17.00
614 	 615 	237	16.00
614 	 646 	243	24.00
616 	 617 	183	20.00
616 	 648 	223	19.00
618 	 619 	205	16.00
618 	 650 	163	17.00
619 	 620 	232	21.00
620 	 621 	130	16.00
621 	 622 	233	18.00
621 	 653 	165	17.00
622 	 623 	188	17.00
623 	 624 	251	18.00
623 	 655 	145	18.00
626 	 627 	170	20.00
626 	 658 	199	23.00
627 	 628 	170	24.00
628 	 629 	175	23.00
630 	 631 	173	23.00
630 	 662 	153	18.00
631 	 632 	159	20.00
634 	 635 	178	22.00
634 	 666 	261	20.00
635 	 636 	174	21.00
637 	 638 	143	24.00
637 	 669 	235	24.00
638 	 639 	249	17.00
640 	 641 	181	22.00
641 	 642 	176	23.00
642 	 643 	134	17.00
643 	 644 	276	17.00
644 	 645 	256	16.00
644 	 676 	182	23.00
646 	 647 	200	20.00
646 	 678 	274	24.00
647 	 648 	237	20.00
648 	 649 	181	23.00
648 	 680 	191	19.00
649 	 650 	251	18.00
649 	 681 	267	17.00
650 	 651 	136	17.00
650 	 682 	137	16.00
652 	 653 	280	23.00
652 	 684 	249	24.00
654 	 655 	168	23.00
654 	 686 	175	17.00
655 	 656 	143	22.00
657 	 658 	232	17.00
657 	 689 	125	16.00
658 	 659 	276	20.00
658 	 690 	252	16.00
659 	 660 	141	21.00
659 	 691 	205	23.00
660 	 661 	185	16.00
660 	 692 	225	21.00
662 	 663 	133	17.00
662 	 694 	249	18.00
663 	 664 	215	20.00
665 	 666 	247	17.00
666 	 667 	185	21.00
668 	 669 	203	18.00
668 	 700 	221	17.00
669 	 670 	178	24.00
669 	 701 	202	20.00
670 	 671 	166	19.00
672 	 673 	171	18.00
672 	 704 	175	17.00
673 	 674 	235	18.00
674 	 675 	264	17.00
675 	 676 	151	24.00
676 	 677 	135	21.00
677 	 709 	239	17.00
679 	 711 	243	24.00
683 	 715 	191	18.00
685 	 686 	135	22.00
685 	 717 	248	21.00
686 	 687 	171	21.00
687 	 688 	180	24.00
687 	 719 	263	17.00
688 	 689 	238	18.00
688 	 720 	164	17.00
689 	 721 	227	19.00
693 	 694 	172	20.00
694 	 695 	279	18.00
695 	 696 	222	20.00
695 	 727 	270	23.00
696 	 697 	121	22.00
697 	 698 	255	17.00
698 	 699 	256	23.00
701 	 702 	219	22.00
702 	 703 	160	17.00
703 	 735 	242	19.00
704 	 705 	138	23.00
705 	 706 	195	21.00
705 	 737 	127	23.00
707 	 708 	236	23.00
708 	 709 	220	20.00
709 	 710 	178	22.00
710 	 711 	147	16.00
711 	 712 	274	24.00
711 	 743 	242	19.00
712 	 713 	128	23.00
713 	 714 	164	20.00
715 	 716 	274	21.00
716 	 717 	229	16.00
716 	 748 	226	16.00
718 	 719 	145	16.00
720 	 752 	145	23.00
722 	 723 	175	18.00
723 	 724 	239	17.00
724 	 725 	160	21.00
725 	 726 	266	16.00
725 	 757 	151	18.00
727 	 728 	172	19.00
728 	 729 	260	22.00
728 	 760 	264	19.00
729 	 730 	150	17.00
730 	 731 	123	18.00
731 	 732 	143	18.00
731 	 763 	220	20.00
733 	 734 	166	18.00
733 	 765 	257	24.00
735 	 767 	189	24.00
736 	 737 	172	22.00
736 	 768 	202	17.00
737 	 738 	198	17.00
738 	 739 	249	21.00
740 	 741 	134	19.00
741 	 742 	135	19.00
742 	 743 	232	19.00
742 	 774 	148	24.00
743 	 744 	246	18.00
743 	 775 	162	22.00
744 	 745 	263	22.00
746 	 747 	222	21.00
747 	 748 	221	20.00
747 	 779 	198	18.00
749 	 750 	125	16.00
749 	 781 	135	17.00
750 	 751 	125	24.00
751 	 752 	177	21.00
751 	 783 	128	23.00
752 	 753 	261	18.00
752 	 784 	211	24.00
753 	 754 	155	24.00
755 	 756 	222	21.00
755 	 787 	205	19.00
757 	 758 	171	18.00
757 	 789 	272	23.00
758 	 759 	279	21.00
759 	 760 	238	21.00
761 	 762 	233	16.00
761 	 793 	231	17.00
764 	 765 	183	24.00
765 	 766 	156	18.00
766 	 767 	216	20.00
766 	 798 	219	24.00
767 	 799 	214	17.00
768 	 769 	229	19.00
770 	 771 	279	20.00
771 	 772 	219	22.00
771 	 803 	182	20.00
773 	 774 	240	22.00
775 	 776 	231	21.00
775 	 807 	131	22.00
776 	 777 	206	24.00
776 	 808 	231	17.00
777 	 778 	248	24.00
777 	 809 	123	20.00
778 	 779 	148	23.00
778 	 810 	222	17.00
780 	 781 	151	20.00
782 	 783 	126	19.00
782 	 814 	150	16.00
784 	 785 	172	24.00
784 	 816 	267	19.00
785 	 786 	188	24.00
786 	 787 	185	19.00
787 	 788 	280	16.00
788 	 789 	234	20.00
789 	 790 	157	19.00
790 	 791 	142	21.00
791 	 792 	128	17.00
792 	 793 	171	20.00
793 	 794 	197	21.00
794 	 795 	170	18.00
796 	 797 	263	23.00
797 	 798 	127	22.00
797 	 829 	156	18.00
800 	 801 	268	20.00
801 	 802 	160	19.00
802 	 803 	211	23.00
803 	 804 	148	20.00
803 	 835 	255	17.00
804 	 805 	211	16.00
806 	 807 	132	24.00
806 	 838 	210	22.00
811 	 812 	165	16.00
811 	 843 	144	17.00
812 	 813 	278	20.00
812 	 844 	272	19.00
814 	 815 	196	21.00
814 	 846 	129	17.00
816 	 817 	277	19.00
816 	 848 	158	21.00
817 	 818 	141	17.00
818 	 819 	187	21.00
820 	 821 	242	20.00
820 	 852 	220	20.00
821 	 822 	261	22.00
822 	 823 	192	18.00
823 	 824 	198	18.00
823 	 855 	182	24.00
824 	 825 	160	21.00
825 	 826 	144	19.00
827 	 828 	194	17.00
828 	 829 	126	17.00
828 	 860 	222	21.00
829 	 830 	267	17.00
829 	 861 	172	24.00
830 	 831 	144	16.00
830 	 862 	147	16.00
832 	 833 	212	20.00
832 	 864 	243	24.00
833 	 834 	160	24.00
833 	 865 	223	16.00
834 	 835 	248	18.00
835 	 836 	219	22.00
836 	 837 	256	22.00
836 	 868 	144	20.00
837 	 838 	248	19.00
837 	 869 	278	16.00
838 	 839 	277	16.00
839 	 840 	264	22.00
841 	 842 	258	21.00
842 	 843 	146	17.00
842 	 874 	219	20.00
845 	 877 	201	17.00
847 	 848 	245	16.00
848 	 849 	253	19.00
848 	 880 	233	20.00
849 	 850 	226	23.00
850 	 851 	232	22.00
850 	 882 	176	24.00
851 	 852 	146	23.00
852 	 853 	183	20.00
853 	 854 	133	21.00
853 	 885 	258	16.00
855 	 856 	253	20.00
856 	 857 	228	16.00
856 	 888 	213	16.00
857 	 858 	163	21.00
857 	 889 	148	16.00
858 	 859 	222	18.00
862 	 863 	265	20.00
862 	 894 	189	18.00
863 	 895 	140	16.00
866 	 867 	126	17.00
866 	 898 	278	16.00
869 	 870 	251	20.00
869 	 901 	148	19.00
870 	 871 	207	21.00
872 	 873 	137	22.00
872 	 904 	197	19.00
874 	 875 	264	21.00
875 	 876 	184	24.00
876 	 877 	144	23.00
876 	 908 	194	18.00
877 	 878 	146	17.00
878 	 879 	168	18.00
878 	 910 	221	24.00
879 	 880 	121	22.00
879 	 911 	238	24.00
881 	 882 	181	17.00
882 	 883 	168	23.00
884 	 885 	159	23.00
884 	 916 	253	22.00
885 	 886 	181	16.00
887 	 888 	211	18.00
888 	 920 	169	21.00
890 	 891 	236	24.00
890 	 922 	181	23.00
891 	 892 	144	16.00
891 	 923 	263	16.00
893 	 894 	121	18.00
893 	 925 	120	22.00
896 	 897 	182	17.00
897 	 898 	229	17.00
898 	 899 	189	17.00
898 	 930 	193	22.00
899 	 900 	271	17.00
901 	 902 	213	22.00
901 	 933 	154	17.00
903 	 904 	210	20.00
904 	 905 	239	19.00
904 	 936 	153	19.00
905 	 906 	146	16.00
905 	 937 	209	23.00
907 	 908 	253	20.00
908 	 909 	243	20.00
911 	 912 	161	21.00
912 	 913 	209	24.00
913 	 914 	184	16.00
914 	 915 	166	23.00
914 	 946 	166	17.00
917 	 918 	152	16.00
918 	 919 	130	20.00
919 	 920 	127	20.00
919 	 951 	197	24.00
920 	 921 	149	19.00
921 	 922 	166	21.00
924 	 925 	184	18.00
924 	 956 	280	18.00
925 	 926 	198	16.00
926 	 927 	168	21.00
926 	 958 	264	17.00
928 	 929 	139	24.00
929 	 930 	198	23.00
929 	 961 	190	18.00
930 	 931 	171	24.00
930 	 962 	233	20.00
932 	 933 	166	18.00
932 	 964 	135	23.00
934 	 935 	275	21.00
934 	 966 	274	18.00
937 	 938 	198	18.00
937 	 969 	148	16.00
938 	 939 	201	16.00
938 	 970 	175	18.00
939 	 940 	147	19.00
941 	 942 	275	16.00
942 	 943 	182	21.00
942 	 974 	233	18.00
943 	 944 	133	22.00
944 	 945 	254	19.00
944 	 976 	251	17.00
945 	 946 	198	21.00
946 	 947 	244	24.00
947 	 948 	213	19.00
948 	 949 	160	21.00
948 	 980 	208	17.00
949 	 950 	222	16.00
949 	 981 	275	18.00
952 	 953 	177	18.00
952 	 984 	269	18.00
953 	 954 	164	18.00
954 	 955 	236	23.00
954 	 986 	208	20.00
955 	 956 	189	19.00
957 	 958 	240	23.00
957 	 989 	139	18.00
958 	 959 	167	18.00
960 	 961 	181	17.00
962 	 963 	134	23.00
962 	 994 	220	20.00
963 	 964 	263	20.00
963 	 995 	263	23.00
964 	 965 	254	23.00
965 	 966 	196	19.00
965 	 997 	183	21.00
966 	 967 	197	16.00
967 	 968 	127	19.00
968 	 969 	141	18.00
968 	 1000 	243	20.00
969 	 1001 	236	20.00
971 	 972 	210	17.00
972 	 973 	279	17.00
972 	 1004 	174	18.00
973 	 974 	173	24.00
974 	 975 	226	24.00
974 	 1006 	231	16.00
977 	 978 	210	24.00
977 	 1009 	240	16.00
978 	 979 	159	22.00
981 	 982 	249	16.00
981 	 1013 	265	24.00
982 	 983 	212	21.00
982 	 1014 	263	21.00
983 	 984 	249	20.00
983 	 1015 	148	20.00
985 	 986 	176	16.00
985 	 1017 	167	21.00
986 	 987 	138	22.00
988 	 989 	172	22.00
988 	 1020 	191	22.00
989 	 990 	234	18.00
990 	 991 	259	19.00
991 	 1023 	170	16.00
992 	 993 	193	16.00
993 	 994 	146	20.00
995 	 996 	175	18.00
997 	 998 	142	22.00
999 	 1000 	259	17.00
1002 	 1003 	250	16.00
1003 	 1004 	164	20.00
1005 	 1006 	176	19.00
1006 	 1007 	146	21.00
1007 	 1008 	149	19.00
1008 	 1009 	164	23.00
1009 	 1010 	144	18.00
1010 	 1011 	198	16.00
1011 	 1012 	247	21.00
1015 	 1016 	218	19.00
1018 	 1019 	155	19.00
1019 	 1020 	153	20.00
1020 	 1021 	185	23.00
1022 	 1023 	247	16.00
