1024 	 1023 	 20 	 0.30 
 
15	-29	0
80	32	0
194	-38	0
324	-31	0
434	6	0
517	-27	0
590	29	0
691	-11	0
806	-5	7
899	-23	7
1000	-29	7
1101	3	7
1231	-20	7
1333	13	5
1420	2	5
1506	13	5
1612	-13	5
1691	-17	5
1804	-2	5
1890	5	5
2017	-23	5
2141	6	5
2195	-3	5
2310	27	5
2416	-3	3
2501	-9	3
2597	-29	3
2722	30	3
2791	-28	3
2912	5	3
3023	-28	3
3133	7	3
7	129	0
131	72	0
224	93	0
282	68	0
394	83	0
511	87	0
649	76	0
691	129	0
783	94	0
940	108	7
999	67	7
1085	139	7
1204	101	7
1309	58	7
1413	126	5
1468	106	5
1629	90	5
1695	123	5
1764	101	5
1923	115	5
1988	108	5
2111	89	5
2193	127	5
2317	63	3
2388	103	3
2507	64	3
2630	90	3
2707	131	3
2847	129	3
2893	87	3
3002	92	3
3111	142	3
3	215	0
67	244	0
188	215	0
320	219	0
404	224	0
467	201	0
582	215	0
687	207	0
812	169	0
920	210	7
1007	203	7
1114	245	7
1198	233	7
1337	200	7
1439	192	5
1511	232	5
1601	195	5
1705	205	5
1816	220	5
1897	211	5
1998	196	5
2089	188	5
2186	229	5
2281	200	3
2378	183	3
2500	190	3
2587	163	3
2717	231	3
2776	215	3
2904	207	3
2989	206	3
3062	207	3
-12	296	0
86	308	0
202	279	0
304	273	0
403	296	0
499	306	0
606	301	0
706	282	0
794	309	0
877	266	0
987	291	7
1101	269	7
1186	290	7
1298	301	7
1418	290	5
1530	319	5
1632	300	5
1667	342	5
1788	297	5
1890	279	5
2018	312	5
2078	290	5
2159	276	5
2285	289	3
2407	288	3
2530	289	3
2632	281	3
2716	266	3
2792	332	3
2893	276	3
3021	329	3
3082	256	3
-28	426	0
136	390	0
206	409	0
301	414	0
446	383	0
515	423	0
598	401	0
693	396	0
818	406	0
924	400	7
980	423	7
1096	420	7
1200	401	7
1329	364	7
1358	402	7
1509	393	5
1597	413	5
1705	378	5
1789	409	5
1881	400	5
2003	415	5
2083	426	5
2209	374	5
2297	392	3
2423	410	3
2514	391	3
2624	360	3
2701	387	3
2781	411	3
2908	383	3
3049	443	3
3113	412	3
6	535	0
97	510	0
197	465	0
322	495	0
410	508	0
511	488	0
601	524	0
697	472	0
806	476	0
857	458	7
979	499	7
1100	485	7
1210	531	7
1261	469	7
1374	515	7
1465	477	7
1574	519	5
1717	475	5
1796	491	5
1891	502	5
2015	467	5
2090	518	5
2189	460	5
2286	538	14
2357	514	3
2531	524	3
2626	492	3
2699	522	3
2810	490	3
2908	546	3
2977	508	3
3107	495	3
-13	618	0
107	628	0
197	598	0
293	619	0
376	597	0
530	620	0
584	576	0
738	602	0
809	594	7
867	598	7
1019	580	7
1101	620	7
1218	614	7
1282	613	7
1410	571	7
1480	595	7
1608	591	5
1660	607	5
1822	559	5
1915	602	5
2013	629	5
2107	603	5
2200	599	5
2281	612	14
2409	566	3
2510	572	3
2580	593	3
2715	607	3
2807	630	3
2895	604	3
3012	608	3
3082	628	3
0	693	11
81	741	11
197	677	0
272	673	0
433	689	0
475	710	0
635	703	7
665	724	7
791	679	7
866	736	7
1032	693	7
1107	677	7
1226	691	7
1305	655	7
1381	692	7
1502	700	7
1577	715	13
1681	707	5
1842	679	5
1903	701	5
2012	684	5
2070	692	5
2192	729	14
2320	683	14
2393	726	14
2513	735	14
2598	716	3
2660	675	3
2760	702	3
2930	711	3
3023	659	3
3145	667	3
-4	822	11
127	804	11
212	825	0
298	784	0
434	826	11
515	812	11
610	797	7
727	805	7
802	813	7
888	818	7
986	827	7
1103	829	7
1223	796	7
1300	843	7
1387	807	7
1521	789	13
1586	800	13
1684	772	13
1799	765	5
1912	795	5
2030	823	13
2101	830	13
2177	821	14
2292	804	14
2400	759	14
2535	835	8
2604	809	3
2709	813	3
2814	809	3
2937	828	8
3004	800	8
3117	783	8
18	926	11
128	894	11
185	875	11
299	932	11
422	935	11
501	898	11
607	910	11
728	892	7
768	869	7
880	883	7
975	926	7
1081	892	7
1216	880	13
1289	860	13
1412	893	13
1490	899	13
1618	896	13
1694	894	13
1774	866	5
1904	905	13
2003	869	13
2074	874	13
2193	880	14
2287	896	14
2425	930	8
2535	898	8
2628	895	8
2732	870	8
2787	930	8
2885	920	8
2963	865	8
3135	892	8
15	989	11
110	1020	11
220	995	11
287	1018	11
403	974	11
482	981	11
579	965	11
697	997	11
807	1014	11
927	1011	11
992	1014	13
1137	968	13
1205	966	13
1275	1002	13
1405	962	13
1469	1031	13
1586	951	13
1685	1010	13
1788	973	13
1903	1010	13
1999	1023	13
2095	964	14
2181	1006	14
2305	1000	8
2420	1016	8
2472	977	8
2610	979	8
2668	1032	8
2805	1015	8
2891	996	8
3034	986	8
3120	1027	8
0	1080	11
102	1075	11
202	1066	11
324	1123	11
405	1074	11
500	1097	11
554	1111	11
723	1146	11
803	1111	11
934	1104	11
1028	1112	13
1116	1095	13
1194	1120	13
1314	1116	13
1380	1075	13
1476	1067	13
1636	1080	13
1703	1104	13
1788	1108	13
1899	1131	13
1986	1127	13
2070	1068	13
2156	1076	14
2266	1110	8
2401	1127	8
2545	1118	8
2604	1072	8
2691	1105	8
2773	1126	8
2923	1078	8
3027	1091	8
3093	1073	8
-9	1155	11
102	1194	11
179	1207	11
301	1188	11
409	1202	11
516	1221	11
609	1234	11
691	1217	11
791	1224	11
895	1190	11
959	1208	11
1058	1229	12
1200	1166	12
1297	1158	13
1404	1181	13
1522	1201	13
1640	1183	13
1681	1201	13
1800	1244	13
1911	1221	13
1959	1200	13
2083	1192	13
2176	1174	14
2316	1202	14
2405	1233	8
2515	1203	8
2598	1196	8
2672	1204	8
2802	1187	8
2902	1196	8
3040	1225	8
3101	1226	8
-21	1307	11
96	1270	11
190	1302	11
311	1287	11
398	1312	11
482	1310	11
620	1312	11
670	1315	11
801	1302	11
883	1302	11
955	1303	12
1074	1320	12
1207	1331	12
1290	1326	12
1375	1308	12
1471	1276	13
1644	1255	13
1680	1326	13
1827	1327	13
1893	1277	13
2004	1277	13
2097	1305	14
2164	1331	14
2289	1261	8
2398	1280	8
2489	1286	8
2609	1292	8
2659	1278	8
2811	1297	8
2928	1311	8
3006	1304	8
3105	1296	8
-4	1410	11
92	1411	11
206	1392	11
309	1416	11
417	1382	11
472	1416	11
607	1379	11
707	1357	11
774	1403	11
899	1363	11
1017	1422	12
1094	1423	12
1226	1351	12
1301	1414	12
1403	1381	12
1548	1355	12
1626	1365	13
1701	1408	13
1793	1387	13
1914	1394	13
2009	1388	14
2122	1431	14
2183	1369	14
2333	1388	14
2381	1395	8
2524	1392	8
2629	1383	8
2699	1369	8
2789	1431	8
2893	1389	8
3015	1411	8
3082	1421	8
8	1472	11
77	1522	10
223	1461	10
327	1494	10
412	1511	10
518	1458	11
597	1487	11
719	1529	11
838	1519	12
894	1514	12
1016	1492	12
1101	1517	12
1238	1473	12
1303	1519	12
1406	1470	12
1498	1528	12
1575	1469	12
1682	1494	13
1818	1524	13
1926	1519	14
2045	1465	14
2130	1523	14
2199	1466	14
2305	1493	14
2401	1463	14
2492	1488	8
2596	1485	8
2694	1484	8
2788	1498	8
2882	1495	8
3004	1485	8
3095	1495	8
12	1633	10
90	1576	10
222	1600	10
292	1587	10
402	1602	10
548	1570	10
631	1598	10
725	1606	12
797	1560	12
891	1555	12
1019	1586	12
1073	1569	12
1213	1638	12
1338	1598	12
1397	1601	12
1532	1630	12
1602	1622	13
1695	1596	13
1762	1588	13
1892	1603	14
1988	1637	14
2078	1603	14
2201	1619	14
2251	1606	14
2413	1562	14
2509	1580	9
2615	1589	9
2686	1580	8
2787	1605	8
2878	1633	8
2986	1605	8
3120	1606	9
-25	1706	10
118	1695	10
212	1701	10
332	1681	10
353	1721	10
510	1667	10
602	1685	10
700	1660	10
835	1718	12
885	1700	12
998	1680	12
1069	1711	12
1192	1680	12
1303	1696	12
1403	1695	12
1464	1701	12
1610	1720	12
1704	1693	13
1809	1713	13
1900	1695	13
2007	1702	14
2120	1699	14
2201	1711	14
2280	1743	9
2432	1701	9
2491	1696	9
2618	1705	9
2661	1723	9
2764	1723	9
2886	1674	8
3025	1725	9
3128	1693	9
12	1799	10
80	1775	10
184	1804	10
279	1804	10
443	1815	10
487	1827	10
616	1809	10
678	1834	10
801	1784	10
930	1810	12
992	1761	12
1092	1806	12
1240	1755	12
1269	1783	12
1377	1834	12
1529	1813	12
1583	1766	12
1730	1831	14
1784	1846	14
1923	1784	14
1988	1788	14
2103	1762	14
2206	1784	14
2312	1796	14
2382	1845	14
2522	1794	9
2586	1771	9
2681	1803	9
2766	1814	9
2933	1812	9
3037	1790	9
3102	1804	9
-41	1887	10
104	1892	10
233	1899	10
312	1858	10
354	1897	10
486	1933	10
644	1899	10
695	1897	10
753	1922	10
904	1877	12
991	1865	12
1118	1934	12
1187	1906	12
1327	1870	12
1361	1887	12
1489	1938	12
1584	1859	14
1745	1879	14
1774	1865	14
1885	1896	14
1994	1851	14
2076	1878	14
2227	1937	9
2333	1881	9
2408	1898	9
2517	1906	9
2638	1860	9
2707	1919	9
2782	1901	9
2913	1880	9
3023	1902	9
3072	1906	9
-20	1982	10
119	1981	10
236	1985	10
317	1992	10
395	2000	10
471	1996	10
625	2027	10
729	1989	10
798	1993	10
896	2046	12
1007	2024	12
1128	1961	12
1204	1954	12
1318	2016	12
1437	2027	12
1502	1994	12
1614	2031	14
1713	2019	14
1820	2016	14
1907	1966	14
1968	1984	14
2091	1980	14
2208	2011	14
2288	1973	9
2401	1984	9
2509	2013	9
2621	1981	9
2703	2013	9
2761	1994	9
2857	1969	9
2992	2030	9
3106	1987	9
23	2100	10
78	2140	10
183	2080	10
334	2127	10
441	2119	10
541	2089	10
624	2094	10
739	2088	10
763	2114	10
883	2093	17
1021	2095	6
1068	2105	12
1201	2122	6
1276	2095	6
1377	2097	12
1478	2096	15
1640	2134	15
1702	2141	15
1793	2095	14
1919	2120	14
1995	2098	14
2089	2101	9
2239	2104	9
2294	2104	9
2393	2081	9
2522	2078	9
2594	2100	9
2701	2101	9
2793	2063	9
2905	2128	9
3016	2119	9
3087	2121	9
-8	2158	10
118	2211	10
169	2203	10
279	2198	10
442	2207	10
485	2174	10
586	2229	10
667	2200	6
803	2229	6
881	2190	17
1024	2196	6
1129	2214	12
1209	2213	6
1294	2217	6
1381	2221	6
1533	2209	15
1592	2209	15
1675	2222	15
1818	2168	14
1910	2204	14
1991	2194	14
2064	2185	16
2182	2169	9
2317	2242	9
2367	2228	9
2467	2184	9
2589	2218	9
2703	2203	9
2810	2214	9
2923	2191	9
3001	2227	9
3080	2213	9
-2	2273	10
123	2325	1
206	2291	10
325	2300	10
413	2303	10
476	2333	10
631	2298	6
678	2279	6
781	2328	6
909	2327	6
980	2307	6
1094	2291	6
1229	2264	6
1275	2292	6
1385	2303	6
1499	2291	6
1607	2259	15
1728	2289	15
1796	2316	4
1896	2326	4
2013	2291	4
2084	2279	16
2216	2320	9
2317	2332	9
2369	2298	9
2510	2295	9
2560	2296	9
2691	2291	2
2801	2294	2
2919	2262	2
2969	2323	2
3083	2323	9
-9	2412	10
100	2393	1
230	2392	1
280	2376	1
378	2377	10
521	2414	18
566	2368	18
668	2417	1
798	2437	1
895	2417	6
992	2401	6
1060	2408	6
1184	2402	6
1286	2412	6
1400	2374	6
1505	2411	6
1613	2384	4
1721	2412	4
1832	2412	4
1939	2429	4
1988	2353	4
2097	2395	4
2155	2446	4
2274	2362	9
2394	2408	2
2467	2407	9
2585	2367	2
2674	2388	2
2785	2419	2
2926	2400	2
2991	2395	2
3130	2368	9
-23	2471	10
107	2493	1
218	2506	1
328	2452	1
397	2493	1
539	2486	1
630	2490	1
727	2513	1
792	2487	6
930	2510	6
974	2517	6
1097	2506	6
1212	2476	6
1280	2508	6
1427	2501	6
1511	2498	6
1633	2490	4
1721	2507	4
1797	2510	4
1943	2503	4
1994	2539	4
2067	2455	4
2215	2483	4
2296	2512	4
2444	2500	2
2487	2519	2
2618	2466	2
2686	2543	2
2796	2499	2
2871	2516	2
2981	2472	2
3111	2538	9
6	2634	1
99	2605	1
207	2627	1
292	2618	1
404	2560	1
456	2577	1
631	2608	1
717	2629	1
821	2603	1
874	2626	1
1025	2563	6
1107	2602	6
1211	2603	6
1320	2621	6
1419	2567	6
1503	2638	4
1643	2602	4
1694	2603	4
1762	2599	4
1868	2587	4
2020	2582	4
2097	2587	4
2207	2604	4
2306	2553	4
2409	2594	19
2531	2609	2
2603	2609	2
2688	2622	2
2768	2638	2
2905	2590	2
2981	2625	2
3104	2632	2
6	2681	1
140	2690	1
185	2705	1
298	2679	1
441	2699	1
506	2707	1
596	2668	1
714	2695	1
783	2700	1
888	2684	1
999	2711	6
1123	2681	6
1217	2707	6
1287	2721	6
1399	2670	6
1463	2704	6
1581	2709	4
1705	2721	4
1822	2717	4
1894	2690	4
2017	2698	4
2136	2703	4
2218	2687	4
2278	2667	2
2425	2712	19
2485	2708	2
2587	2690	2
2695	2705	2
2809	2679	2
2922	2714	2
2992	2737	2
3075	2724	2
15	2786	1
66	2816	1
199	2808	1
319	2775	1
426	2806	1
487	2809	1
601	2837	1
726	2801	1
799	2764	1
868	2781	1
988	2803	6
1094	2825	6
1171	2804	6
1299	2831	6
1402	2818	4
1539	2820	4
1625	2818	4
1669	2788	4
1784	2816	4
1879	2789	4
2024	2802	4
2077	2777	4
2217	2793	4
2298	2779	2
2368	2793	2
2487	2796	2
2595	2794	2
2712	2788	2
2818	2767	2
2916	2778	2
3013	2799	2
3100	2838	2
8	2895	1
90	2861	1
226	2907	1
296	2929	1
376	2884	1
501	2911	1
595	2918	1
708	2901	1
833	2904	1
921	2888	1
994	2927	6
1102	2875	6
1225	2908	6
1293	2868	6
1407	2902	4
1491	2867	4
1610	2935	4
1665	2884	4
1806	2895	4
1874	2876	4
2013	2881	4
2128	2935	4
2206	2876	4
2280	2877	2
2403	2932	2
2496	2884	2
2614	2904	2
2687	2884	2
2796	2924	2
2877	2913	2
3004	2915	2
3133	2899	2
0	3021	1
118	2992	1
182	3008	1
305	3013	1
397	3011	1
492	3002	1
603	3009	1
715	3005	1
785	2972	1
886	3016	6
1001	3019	6
1127	2962	6
1215	3011	6
1300	3006	6
1408	3006	6
1523	2998	4
1644	3016	4
1724	3004	4
1794	2991	4
1891	3004	4
2016	2965	4
2141	2993	4
2218	3014	4
2295	3011	2
2392	3008	2
2495	3009	2
2568	3014	2
2701	2997	2
2797	3029	2
2872	2972	2
3008	3018	2
3107	2995	2
33	3131	1
107	3080	1
197	3105	1
293	3142	1
363	3101	1
483	3111	1
624	3126	1
728	3122	6
781	3099	6
852	3101	6
987	3088	6
1066	3103	6
1186	3069	6
1293	3104	6
1408	3131	6
1474	3100	4
1633	3099	4
1695	3107	4
1781	3055	4
1858	3059	4
1996	3121	4
2080	3106	4
2235	3122	4
2294	3054	2
2370	3114	2
2500	3115	2
2621	3135	2
2719	3086	2
2805	3081	2
2903	3117	2
2990	3096	2
3118	3121	2

0 	 1 	233	19.00
1 	 2 	155	21.00
2 	 3 	278	20.00
2 	 34 	269	22.00
3 	 4 	171	21.00
4 	 5 	139	24.00
4 	 36 	279	24.00
5 	 6 	153	17.00
6 	 7 	127	19.00
7 	 8 	239	23.00
8 	 9 	220	23.00
9 	 10 	225	16.00
9 	 41 	151	16.00
10 	 11 	160	23.00
12 	 13 	197	20.00
12 	 44 	202	19.00
13 	 14 	250	18.00
15 	 16 	181	22.00
15 	 47 	179	22.00
16 	 17 	245	23.00
17 	 18 	243	16.00
18 	 19 	152	18.00
19 	 20 	197	23.00
20 	 21 	219	17.00
21 	 22 	270	22.00
23 	 24 	265	24.00
23 	 55 	225	19.00
24 	 25 	165	20.00
25 	 26 	267	24.00
27 	 28 	126	23.00
27 	 59 	140	16.00
28 	 29 	187	20.00
29 	 30 	135	16.00
29 	 61 	209	23.00
30 	 31 	211	20.00
31 	 63 	204	18.00
32 	 33 	197	24.00
32 	 64 	241	21.00
33 	 34 	172	18.00
35 	 36 	165	24.00
36 	 37 	252	21.00
36 	 68 	161	16.00
38 	 39 	173	17.00
38 	 70 	227	24.00
39 	 40 	175	20.00
40 	 41 	133	23.00
40 	 72 	247	20.00
41 	 42 	235	19.00
42 	 43 	274	16.00
42 	 74 	158	16.00
43 	 44 	183	18.00
44 	 45 	258	20.00
45 	 46 	199	23.00
47 	 48 	245	22.00
48 	 49 	259	16.00
48 	 80 	276	16.00
49 	 50 	125	23.00
50 	 51 	279	17.00
50 	 82 	261	24.00
51 	 52 	124	21.00
52 	 53 	264	19.00
52 	 84 	243	21.00
53 	 54 	255	22.00
54 	 55 	130	19.00
54 	 86 	228	16.00
55 	 56 	207	18.00
56 	 57 	170	23.00
57 	 58 	125	22.00
58 	 59 	186	23.00
60 	 61 	242	22.00
61 	 62 	152	19.00
61 	 93 	225	17.00
64 	 65 	264	16.00
64 	 96 	276	24.00
65 	 66 	274	24.00
65 	 97 	182	24.00
66 	 67 	163	22.00
66 	 98 	234	18.00
69 	 70 	144	17.00
69 	 101 	191	23.00
70 	 71 	249	23.00
72 	 73 	178	24.00
72 	 104 	210	18.00
75 	 76 	139	18.00
76 	 77 	245	17.00
77 	 78 	242	16.00
78 	 79 	137	19.00
79 	 80 	148	17.00
79 	 111 	255	22.00
80 	 81 	162	20.00
82 	 83 	158	19.00
85 	 86 	144	22.00
85 	 117 	215	22.00
86 	 87 	246	24.00
87 	 88 	247	24.00
89 	 90 	194	19.00
89 	 121 	257	24.00
90 	 91 	131	23.00
91 	 92 	273	19.00
93 	 94 	128	21.00
93 	 125 	276	16.00
95 	 127 	234	23.00
98 	 99 	241	21.00
100 	 101 	207	24.00
101 	 102 	147	20.00
101 	 133 	151	20.00
103 	 104 	165	17.00
104 	 105 	137	21.00
104 	 136 	210	21.00
105 	 106 	126	19.00
106 	 107 	218	24.00
106 	 138 	143	21.00
107 	 108 	279	20.00
109 	 110 	265	22.00
110 	 111 	233	17.00
111 	 112 	131	20.00
111 	 143 	277	21.00
113 	 114 	217	22.00
114 	 115 	162	21.00
115 	 116 	208	22.00
116 	 117 	191	21.00
117 	 118 	279	17.00
118 	 119 	221	20.00
118 	 150 	157	16.00
119 	 120 	155	20.00
120 	 121 	241	23.00
120 	 152 	127	23.00
121 	 122 	211	19.00
121 	 153 	269	19.00
122 	 123 	174	21.00
123 	 124 	189	18.00
125 	 126 	134	21.00
126 	 127 	165	17.00
128 	 129 	132	24.00
129 	 130 	180	17.00
129 	 161 	263	22.00
130 	 131 	227	16.00
131 	 132 	135	19.00
131 	 163 	214	21.00
132 	 133 	201	19.00
132 	 164 	123	19.00
133 	 134 	124	18.00
134 	 135 	152	18.00
136 	 137 	195	19.00
138 	 139 	179	17.00
139 	 140 	243	16.00
140 	 141 	179	17.00
140 	 172 	245	23.00
141 	 142 	246	23.00
142 	 143 	267	23.00
143 	 144 	175	17.00
145 	 146 	238	23.00
145 	 177 	138	23.00
146 	 147 	261	18.00
147 	 148 	261	22.00
147 	 179 	122	19.00
149 	 150 	208	18.00
150 	 151 	181	19.00
154 	 155 	215	18.00
154 	 186 	201	23.00
155 	 156 	218	16.00
156 	 157 	239	22.00
156 	 188 	232	17.00
157 	 158 	267	21.00
159 	 191 	233	20.00
160 	 161 	171	16.00
162 	 163 	225	21.00
162 	 194 	258	16.00
165 	 166 	156	20.00
166 	 167 	269	23.00
166 	 198 	202	19.00
167 	 168 	139	23.00
168 	 169 	247	22.00
168 	 200 	274	22.00
169 	 170 	210	18.00
169 	 201 	205	16.00
170 	 171 	225	24.00
171 	 172 	152	24.00
172 	 173 	231	18.00
173 	 174 	145	24.00
173 	 205 	223	17.00
174 	 175 	124	17.00
174 	 206 	184	16.00
176 	 177 	212	19.00
177 	 178 	229	20.00
177 	 209 	133	22.00
179 	 180 	152	16.00
180 	 181 	220	17.00
180 	 212 	234	17.00
181 	 182 	254	22.00
181 	 213 	249	17.00
182 	 183 	254	18.00
182 	 214 	180	18.00
183 	 184 	127	24.00
184 	 185 	161	24.00
184 	 216 	243	22.00
187 	 188 	265	22.00
187 	 219 	251	23.00
189 	 190 	267	19.00
190 	 191 	253	16.00
190 	 222 	130	19.00
192 	 193 	127	24.00
192 	 224 	134	23.00
193 	 194 	182	18.00
193 	 225 	163	20.00
195 	 196 	127	23.00
196 	 197 	180	20.00
197 	 198 	258	19.00
197 	 229 	195	23.00
198 	 199 	201	21.00
201 	 202 	142	23.00
202 	 203 	153	20.00
203 	 204 	261	20.00
203 	 235 	253	16.00
206 	 207 	234	23.00
206 	 238 	224	17.00
207 	 208 	212	21.00
208 	 209 	235	23.00
209 	 210 	192	21.00
211 	 243 	192	19.00
215 	 216 	192	19.00
217 	 218 	241	16.00
218 	 219 	132	22.00
219 	 220 	187	17.00
220 	 221 	156	17.00
220 	 252 	205	19.00
221 	 222 	164	24.00
222 	 223 	246	24.00
223 	 255 	129	22.00
225 	 226 	263	17.00
227 	 228 	185	18.00
228 	 229 	179	18.00
228 	 260 	160	21.00
229 	 230 	157	24.00
229 	 261 	120	24.00
231 	 232 	255	21.00
231 	 263 	261	23.00
233 	 234 	214	22.00
234 	 235 	256	22.00
235 	 236 	132	23.00
235 	 267 	167	19.00
237 	 238 	155	22.00
238 	 239 	245	21.00
239 	 240 	276	17.00
240 	 241 	213	21.00
242 	 243 	241	16.00
243 	 244 	218	18.00
244 	 245 	130	21.00
244 	 276 	211	19.00
245 	 246 	189	22.00
245 	 277 	158	24.00
246 	 247 	178	23.00
247 	 248 	212	24.00
247 	 279 	188	22.00
248 	 249 	160	17.00
249 	 250 	257	24.00
250 	 251 	212	22.00
250 	 282 	192	21.00
251 	 252 	132	16.00
252 	 253 	185	16.00
253 	 254 	280	21.00
256 	 257 	126	23.00
257 	 258 	202	16.00
257 	 289 	209	20.00
259 	 260 	218	22.00
262 	 263 	181	19.00
262 	 294 	142	16.00
264 	 265 	135	19.00
264 	 296 	186	21.00
266 	 267 	261	23.00
267 	 268 	248	17.00
267 	 299 	177	22.00
268 	 269 	132	22.00
270 	 271 	143	16.00
271 	 272 	159	21.00
271 	 303 	142	19.00
273 	 274 	267	20.00
274 	 275 	154	23.00
274 	 306 	192	18.00
275 	 276 	150	23.00
275 	 307 	183	22.00
278 	 279 	141	16.00
279 	 280 	230	21.00
280 	 281 	136	21.00
283 	 284 	242	16.00
283 	 315 	186	20.00
284 	 285 	133	19.00
285 	 286 	137	16.00
286 	 287 	233	19.00
286 	 318 	213	22.00
288 	 289 	279	23.00
288 	 320 	169	24.00
289 	 290 	247	21.00
290 	 291 	203	19.00
292 	 293 	126	17.00
293 	 294 	191	23.00
294 	 295 	151	16.00
295 	 296 	216	18.00
296 	 297 	213	23.00
296 	 328 	193	16.00
297 	 298 	133	20.00
298 	 299 	251	19.00
299 	 300 	234	22.00
300 	 301 	202	17.00
300 	 332 	135	21.00
301 	 302 	166	20.00
302 	 303 	160	24.00
303 	 304 	273	23.00
303 	 335 	145	21.00
305 	 337 	134	16.00
307 	 308 	139	16.00
307 	 339 	194	19.00
308 	 309 	242	20.00
308 	 340 	202	19.00
309 	 310 	128	16.00
310 	 311 	147	19.00
310 	 342 	269	23.00
311 	 312 	156	17.00
312 	 313 	271	16.00
313 	 314 	200	20.00
313 	 345 	178	19.00
314 	 315 	230	23.00
315 	 316 	205	24.00
317 	 318 	204	22.00
318 	 319 	188	23.00
318 	 350 	185	19.00
320 	 321 	153	16.00
321 	 322 	159	18.00
322 	 323 	125	21.00
322 	 354 	144	18.00
323 	 324 	146	18.00
324 	 325 	235	19.00
325 	 326 	123	24.00
326 	 327 	195	23.00
327 	 328 	153	24.00
327 	 359 	148	23.00
328 	 329 	126	23.00
329 	 330 	168	23.00
330 	 331 	168	20.00
330 	 362 	234	16.00
333 	 334 	222	16.00
333 	 365 	129	23.00
335 	 336 	133	19.00
336 	 337 	213	17.00
337 	 338 	249	16.00
337 	 369 	124	20.00
338 	 339 	218	19.00
338 	 370 	220	16.00
341 	 342 	239	20.00
341 	 373 	193	17.00
343 	 344 	150	18.00
344 	 345 	167	17.00
344 	 376 	138	20.00
345 	 346 	121	21.00
347 	 348 	150	18.00
347 	 379 	149	24.00
349 	 350 	162	23.00
350 	 351 	271	24.00
351 	 383 	233	24.00
352 	 353 	276	20.00
352 	 384 	166	18.00
353 	 354 	261	21.00
353 	 385 	144	24.00
354 	 355 	149	16.00
354 	 386 	160	23.00
355 	 356 	177	23.00
355 	 387 	138	17.00
356 	 357 	231	23.00
357 	 358 	155	21.00
360 	 361 	224	22.00
361 	 393 	191	24.00
363 	 364 	230	24.00
363 	 395 	242	19.00
365 	 366 	146	23.00
365 	 397 	135	19.00
366 	 367 	227	16.00
367 	 368 	279	22.00
368 	 369 	262	20.00
368 	 400 	126	22.00
370 	 371 	259	22.00
370 	 402 	147	16.00
371 	 372 	246	24.00
374 	 375 	254	23.00
375 	 376 	202	20.00
375 	 407 	276	22.00
376 	 377 	220	23.00
378 	 379 	186	23.00
379 	 380 	273	19.00
379 	 411 	175	17.00
380 	 381 	244	23.00
381 	 382 	255	18.00
383 	 415 	254	24.00
387 	 388 	259	21.00
387 	 419 	211	20.00
388 	 389 	277	17.00
389 	 390 	162	17.00
389 	 421 	264	23.00
390 	 391 	278	20.00
391 	 392 	147	18.00
392 	 393 	133	22.00
393 	 394 	201	24.00
393 	 425 	177	19.00
395 	 396 	270	16.00
395 	 427 	136	20.00
396 	 397 	171	21.00
396 	 428 	222	24.00
398 	 399 	242	21.00
398 	 430 	139	17.00
399 	 400 	169	18.00
399 	 431 	235	22.00
401 	 402 	185	23.00
402 	 403 	152	16.00
402 	 434 	226	21.00
403 	 404 	120	19.00
403 	 435 	141	22.00
404 	 405 	277	23.00
404 	 436 	251	20.00
405 	 406 	247	24.00
405 	 437 	153	19.00
407 	 408 	279	23.00
408 	 409 	267	17.00
409 	 410 	255	22.00
410 	 411 	170	17.00
410 	 442 	249	19.00
412 	 413 	275	22.00
413 	 414 	137	20.00
413 	 445 	195	18.00
414 	 415 	231	24.00
414 	 446 	127	23.00
415 	 447 	185	23.00
416 	 417 	171	22.00
416 	 448 	121	22.00
417 	 418 	166	19.00
420 	 421 	143	22.00
421 	 422 	248	22.00
422 	 423 	222	21.00
422 	 454 	213	24.00
423 	 424 	124	18.00
425 	 426 	261	16.00
429 	 430 	173	17.00
432 	 433 	223	21.00
433 	 434 	237	24.00
433 	 465 	236	19.00
435 	 467 	248	23.00
438 	 439 	249	22.00
438 	 470 	251	17.00
439 	 440 	221	16.00
440 	 441 	228	24.00
440 	 472 	129	16.00
441 	 442 	235	16.00
441 	 473 	271	21.00
442 	 443 	246	16.00
443 	 444 	151	19.00
443 	 475 	169	21.00
448 	 449 	252	16.00
449 	 450 	147	20.00
449 	 481 	200	23.00
450 	 451 	232	17.00
450 	 482 	256	24.00
451 	 452 	138	17.00
452 	 453 	221	16.00
452 	 484 	204	16.00
453 	 454 	255	20.00
455 	 456 	255	18.00
456 	 457 	210	22.00
456 	 488 	175	22.00
457 	 458 	143	16.00
458 	 459 	153	18.00
458 	 490 	131	23.00
459 	 460 	149	24.00
460 	 461 	235	23.00
460 	 492 	262	24.00
461 	 462 	266	21.00
461 	 493 	231	24.00
462 	 463 	275	21.00
462 	 494 	221	23.00
464 	 465 	275	16.00
464 	 496 	162	16.00
466 	 467 	268	19.00
466 	 498 	159	23.00
468 	 469 	245	23.00
469 	 470 	172	23.00
470 	 471 	203	18.00
470 	 502 	236	22.00
474 	 475 	206	17.00
475 	 476 	166	20.00
475 	 507 	217	24.00
477 	 478 	128	20.00
478 	 479 	227	24.00
478 	 510 	132	17.00
479 	 511 	127	20.00
480 	 481 	255	21.00
481 	 513 	244	17.00
483 	 484 	192	17.00
484 	 485 	219	21.00
486 	 487 	237	24.00
486 	 518 	144	19.00
487 	 488 	197	19.00
488 	 489 	263	18.00
490 	 491 	189	22.00
494 	 495 	276	19.00
494 	 526 	197	17.00
495 	 496 	253	18.00
496 	 497 	273	20.00
499 	 500 	225	20.00
500 	 501 	208	22.00
500 	 532 	223	21.00
502 	 503 	139	17.00
503 	 504 	213	24.00
503 	 535 	242	16.00
504 	 505 	212	21.00
505 	 506 	248	16.00
508 	 509 	127	18.00
509 	 510 	129	21.00
509 	 541 	227	17.00
512 	 513 	146	19.00
512 	 544 	143	16.00
513 	 514 	144	24.00
513 	 545 	196	23.00
514 	 515 	267	20.00
515 	 516 	277	23.00
515 	 547 	172	17.00
516 	 517 	225	22.00
516 	 548 	268	18.00
518 	 519 	190	19.00
518 	 550 	150	18.00
519 	 520 	172	22.00
521 	 522 	256	19.00
522 	 523 	218	24.00
523 	 524 	165	23.00
523 	 555 	244	18.00
524 	 525 	240	22.00
524 	 556 	135	18.00
525 	 526 	258	21.00
526 	 527 	164	23.00
527 	 528 	268	21.00
528 	 529 	271	22.00
530 	 531 	164	16.00
530 	 562 	274	23.00
531 	 532 	163	18.00
531 	 563 	138	20.00
532 	 533 	130	16.00
532 	 564 	267	18.00
533 	 534 	218	22.00
534 	 535 	133	22.00
535 	 536 	197	17.00
537 	 538 	194	17.00
537 	 569 	274	21.00
538 	 539 	151	21.00
538 	 570 	212	16.00
540 	 541 	207	22.00
540 	 572 	208	22.00
541 	 542 	137	19.00
541 	 573 	133	20.00
542 	 543 	140	22.00
542 	 574 	269	16.00
546 	 547 	220	23.00
549 	 550 	121	23.00
550 	 551 	160	17.00
551 	 552 	153	22.00
551 	 583 	258	20.00
552 	 553 	276	23.00
553 	 554 	218	18.00
556 	 557 	267	21.00
556 	 588 	256	24.00
557 	 558 	235	21.00
558 	 559 	273	20.00
558 	 590 	218	23.00
559 	 560 	263	17.00
560 	 561 	236	17.00
565 	 566 	183	23.00
565 	 597 	266	19.00
566 	 567 	121	20.00
567 	 568 	153	22.00
568 	 569 	247	24.00
568 	 600 	174	16.00
571 	 572 	170	17.00
571 	 603 	180	20.00
572 	 604 	182	19.00
575 	 607 	220	18.00
576 	 577 	271	17.00
576 	 608 	141	18.00
578 	 579 	176	21.00
578 	 610 	130	17.00
579 	 580 	230	20.00
580 	 581 	267	24.00
580 	 612 	248	20.00
581 	 582 	150	24.00
582 	 614 	153	18.00
584 	 585 	237	19.00
585 	 586 	133	23.00
586 	 587 	233	18.00
587 	 588 	228	22.00
588 	 589 	271	23.00
588 	 620 	142	24.00
590 	 591 	211	20.00
591 	 592 	229	19.00
593 	 594 	176	21.00
593 	 625 	191	20.00
594 	 595 	245	17.00
594 	 626 	209	18.00
595 	 596 	242	17.00
596 	 597 	151	19.00
598 	 599 	156	17.00
598 	 630 	249	18.00
600 	 601 	255	20.00
601 	 602 	236	24.00
601 	 633 	238	22.00
604 	 605 	209	20.00
604 	 636 	187	19.00
605 	 606 	167	24.00
605 	 637 	257	17.00
606 	 607 	189	17.00
608 	 609 	229	22.00
608 	 640 	124	23.00
611 	 612 	230	18.00
613 	 614 	236	23.00
614 	 615 	245	23.00
614 	 646 	220	19.00
616 	 617 	182	17.00
616 	 648 	185	22.00
618 	 619 	172	20.00
618 	 650 	186	22.00
619 	 620 	184	16.00
620 	 621 	186	19.00
621 	 622 	128	24.00
621 	 653 	262	20.00
622 	 623 	121	17.00
623 	 624 	238	19.00
623 	 655 	204	16.00
626 	 627 	141	18.00
626 	 658 	154	24.00
627 	 628 	256	24.00
628 	 629 	256	22.00
630 	 631 	223	19.00
630 	 662 	163	19.00
631 	 632 	209	19.00
634 	 635 	241	21.00
634 	 666 	177	16.00
635 	 636 	240	19.00
637 	 638 	210	18.00
637 	 669 	142	21.00
638 	 639 	231	21.00
640 	 641 	253	18.00
641 	 642 	139	21.00
642 	 643 	247	16.00
643 	 644 	213	19.00
644 	 645 	221	24.00
644 	 676 	241	23.00
646 	 647 	268	23.00
646 	 678 	199	23.00
647 	 648 	133	18.00
648 	 649 	125	21.00
648 	 680 	139	23.00
649 	 650 	250	16.00
649 	 681 	240	20.00
650 	 651 	166	23.00
650 	 682 	271	23.00
652 	 653 	199	18.00
652 	 684 	157	21.00
654 	 655 	200	24.00
654 	 686 	237	16.00
655 	 656 	279	24.00
657 	 658 	264	21.00
657 	 689 	195	18.00
658 	 659 	210	17.00
658 	 690 	261	17.00
659 	 660 	242	24.00
659 	 691 	234	19.00
660 	 661 	136	24.00
660 	 692 	221	23.00
662 	 663 	212	21.00
662 	 694 	278	23.00
663 	 664 	161	19.00
665 	 666 	248	19.00
666 	 667 	278	22.00
668 	 669 	201	18.00
668 	 700 	173	17.00
669 	 670 	242	21.00
669 	 701 	264	19.00
670 	 671 	239	19.00
672 	 673 	142	22.00
672 	 704 	195	19.00
673 	 674 	124	20.00
674 	 675 	279	18.00
675 	 676 	242	18.00
676 	 677 	134	16.00
677 	 709 	239	23.00
679 	 711 	168	16.00
683 	 715 	123	24.00
685 	 686 	225	22.00
685 	 717 	198	17.00
686 	 687 	140	20.00
687 	 688 	180	16.00
687 	 719 	261	17.00
688 	 689 	216	23.00
688 	 720 	271	17.00
689 	 721 	243	20.00
693 	 694 	254	16.00
694 	 695 	267	19.00
695 	 696 	201	19.00
695 	 727 	186	21.00
696 	 697 	134	18.00
697 	 698 	172	22.00
698 	 699 	142	18.00
701 	 702 	123	21.00
702 	 703 	208	24.00
703 	 735 	178	18.00
704 	 705 	266	19.00
705 	 706 	179	22.00
705 	 737 	262	18.00
707 	 708 	122	21.00
708 	 709 	201	18.00
709 	 710 	188	22.00
710 	 711 	183	19.00
711 	 712 	196	21.00
711 	 743 	144	24.00
712 	 713 	210	19.00
713 	 714 	268	16.00
715 	 716 	146	21.00
716 	 717 	255	19.00
716 	 748 	185	24.00
718 	 719 	168	23.00
720 	 752 	200	16.00
722 	 723 	162	23.00
723 	 724 	245	20.00
724 	 725 	187	21.00
725 	 726 	277	19.00
725 	 757 	244	17.00
727 	 728 	244	16.00
728 	 729 	189	19.00
728 	 760 	141	24.00
729 	 730 	139	23.00
730 	 731 	124	17.00
731 	 732 	131	21.00
731 	 763 	120	21.00
733 	 734 	198	20.00
733 	 765 	198	22.00
735 	 767 	209	17.00
736 	 737 	157	17.00
736 	 768 	167	17.00
737 	 738 	162	17.00
738 	 739 	233	18.00
740 	 741 	254	24.00
741 	 742 	203	19.00
742 	 743 	157	24.00
742 	 774 	216	20.00
743 	 744 	148	16.00
743 	 775 	262	24.00
744 	 745 	226	22.00
746 	 747 	144	22.00
747 	 748 	278	24.00
747 	 779 	161	22.00
749 	 750 	222	19.00
749 	 781 	228	19.00
750 	 751 	204	22.00
751 	 752 	168	21.00
751 	 783 	158	22.00
752 	 753 	122	17.00
752 	 784 	214	23.00
753 	 754 	155	22.00
755 	 756 	178	20.00
755 	 787 	132	19.00
757 	 758 	271	17.00
757 	 789 	226	20.00
758 	 759 	232	23.00
759 	 760 	172	22.00
761 	 762 	164	18.00
761 	 793 	178	19.00
764 	 765 	180	24.00
765 	 766 	264	20.00
766 	 767 	279	24.00
766 	 798 	221	20.00
767 	 799 	198	17.00
768 	 769 	270	19.00
770 	 771 	251	22.00
771 	 772 	253	17.00
771 	 803 	150	19.00
773 	 774 	183	20.00
775 	 776 	251	16.00
775 	 807 	154	23.00
776 	 777 	137	19.00
776 	 808 	142	18.00
777 	 778 	272	21.00
777 	 809 	212	22.00
778 	 779 	169	21.00
778 	 810 	125	22.00
780 	 781 	180	16.00
782 	 783 	152	24.00
782 	 814 	120	16.00
784 	 785 	130	18.00
784 	 816 	126	22.00
785 	 786 	249	16.00
786 	 787 	234	18.00
787 	 788 	224	17.00
788 	 789 	144	23.00
789 	 790 	266	19.00
790 	 791 	215	21.00
791 	 792 	213	17.00
792 	 793 	153	22.00
793 	 794 	273	20.00
794 	 795 	175	20.00
796 	 797 	148	19.00
797 	 798 	243	21.00
797 	 829 	158	16.00
800 	 801 	126	23.00
801 	 802 	150	24.00
802 	 803 	208	17.00
803 	 804 	182	20.00
803 	 835 	268	16.00
804 	 805 	193	20.00
806 	 807 	148	19.00
806 	 838 	228	24.00
811 	 812 	219	24.00
811 	 843 	255	22.00
812 	 813 	249	17.00
812 	 844 	184	24.00
814 	 815 	252	18.00
814 	 846 	273	18.00
816 	 817 	253	17.00
816 	 848 	267	24.00
817 	 818 	132	21.00
818 	 819 	164	18.00
820 	 821 	150	16.00
820 	 852 	250	17.00
821 	 822 	235	23.00
822 	 823 	184	17.00
823 	 824 	224	17.00
823 	 855 	259	19.00
824 	 825 	146	23.00
825 	 826 	162	18.00
827 	 828 	201	20.00
828 	 829 	189	20.00
828 	 860 	182	16.00
829 	 830 	206	21.00
829 	 861 	236	22.00
830 	 831 	239	18.00
830 	 862 	251	20.00
832 	 833 	278	21.00
832 	 864 	204	24.00
833 	 834 	256	17.00
833 	 865 	169	19.00
834 	 835 	211	18.00
835 	 836 	173	17.00
836 	 837 	245	18.00
836 	 868 	131	19.00
837 	 838 	142	24.00
837 	 869 	133	20.00
838 	 839 	260	16.00
839 	 840 	191	24.00
841 	 842 	277	18.00
842 	 843 	266	17.00
842 	 874 	209	23.00
845 	 877 	279	24.00
847 	 848 	276	16.00
848 	 849 	242	24.00
848 	 880 	264	20.00
849 	 850 	141	16.00
850 	 851 	131	18.00
850 	 882 	270	18.00
851 	 852 	277	20.00
852 	 853 	153	20.00
853 	 854 	185	18.00
853 	 885 	244	18.00
855 	 856 	144	22.00
856 	 857 	209	23.00
856 	 888 	254	20.00
857 	 858 	209	23.00
857 	 889 	120	18.00
858 	 859 	190	21.00
862 	 863 	235	18.00
862 	 894 	159	20.00
863 	 895 	227	19.00
866 	 867 	237	22.00
866 	 898 	241	22.00
869 	 870 	149	18.00
869 	 901 	171	23.00
870 	 871 	259	20.00
872 	 873 	141	17.00
872 	 904 	143	19.00
874 	 875 	240	18.00
875 	 876 	249	23.00
876 	 877 	207	18.00
876 	 908 	211	20.00
877 	 878 	147	24.00
878 	 879 	275	22.00
878 	 910 	169	20.00
879 	 880 	174	19.00
879 	 911 	180	23.00
881 	 882 	257	21.00
882 	 883 	252	23.00
884 	 885 	154	21.00
884 	 916 	277	24.00
885 	 886 	233	18.00
887 	 888 	135	24.00
888 	 920 	221	18.00
890 	 891 	210	18.00
890 	 922 	198	19.00
891 	 892 	259	24.00
891 	 923 	228	23.00
893 	 894 	121	23.00
893 	 925 	246	22.00
896 	 897 	268	23.00
897 	 898 	267	16.00
898 	 899 	173	23.00
898 	 930 	195	24.00
899 	 900 	268	22.00
901 	 902 	224	24.00
901 	 933 	276	24.00
903 	 904 	141	16.00
904 	 905 	199	21.00
904 	 936 	214	18.00
905 	 906 	198	19.00
905 	 937 	196	24.00
907 	 908 	224	18.00
908 	 909 	159	19.00
911 	 912 	197	18.00
912 	 913 	162	20.00
913 	 914 	226	16.00
914 	 915 	192	19.00
914 	 946 	126	20.00
917 	 918 	226	17.00
918 	 919 	157	23.00
919 	 920 	225	19.00
919 	 951 	211	22.00
920 	 921 	249	23.00
921 	 922 	123	20.00
924 	 925 	200	18.00
924 	 956 	124	20.00
925 	 926 	242	18.00
926 	 927 	148	24.00
926 	 958 	201	23.00
928 	 929 	195	18.00
929 	 930 	213	21.00
929 	 961 	255	24.00
930 	 931 	280	16.00
930 	 962 	131	17.00
932 	 933 	169	21.00
932 	 964 	159	18.00
934 	 935 	205	21.00
934 	 966 	249	17.00
937 	 938 	250	24.00
937 	 969 	226	16.00
938 	 939 	255	20.00
938 	 970 	245	22.00
939 	 940 	223	16.00
941 	 942 	143	16.00
942 	 943 	168	17.00
942 	 974 	204	18.00
943 	 944 	120	21.00
944 	 945 	175	16.00
944 	 976 	230	20.00
945 	 946 	135	18.00
946 	 947 	130	23.00
947 	 948 	259	21.00
948 	 949 	202	24.00
948 	 980 	160	22.00
949 	 950 	187	22.00
949 	 981 	158	24.00
952 	 953 	148	22.00
952 	 984 	183	16.00
953 	 954 	274	19.00
954 	 955 	208	18.00
954 	 986 	276	23.00
955 	 956 	149	18.00
957 	 958 	157	18.00
957 	 989 	133	17.00
958 	 959 	142	22.00
960 	 961 	185	18.00
962 	 963 	145	22.00
962 	 994 	225	16.00
963 	 964 	138	24.00
963 	 995 	200	22.00
964 	 965 	278	19.00
965 	 966 	179	19.00
965 	 997 	177	23.00
966 	 967 	148	18.00
967 	 968 	247	23.00
968 	 969 	183	21.00
968 	 1000 	272	16.00
969 	 1001 	127	19.00
971 	 972 	230	23.00
972 	 973 	257	24.00
972 	 1004 	156	16.00
973 	 974 	230	24.00
974 	 975 	174	22.00
974 	 1006 	234	18.00
977 	 978 	239	20.00
977 	 1009 	280	22.00
978 	 979 	247	18.00
981 	 982 	125	24.00
981 	 1013 	268	21.00
982 	 983 	231	17.00
982 	 1014 	128	22.00
983 	 984 	244	22.00
983 	 1015 	188	16.00
985 	 986 	241	17.00
985 	 1017 	122	22.00
986 	 987 	223	18.00
988 	 989 	237	24.00
988 	 1020 	261	17.00
989 	 990 	169	22.00
990 	 991 	199	19.00
991 	 1023 	272	24.00
992 	 993 	239	21.00
993 	 994 	134	23.00
995 	 996 	214	17.00
997 	 998 	257	20.00
999 	 1000 	162	18.00
1002 	 1003 	227	18.00
1003 	 1004 	280	20.00
1005 	 1006 	252	18.00
1006 	 1007 	224	21.00
1007 	 1008 	154	16.00
1008 	 1009 	205	16.00
1009 	 1010 	136	22.00
1010 	 1011 	186	20.00
1011 	 1012 	235	24.00
1015 	 1016 	163	17.00
1018 	 1019 	167	21.00
1019 	 1020 	274	16.00
1020 	 1021 	210	18.00
1022 	 1023 	258	17.00
