1024 	 1488 	 20 	 0.30 
 
-6	-16	0
145	43	0
178	2	0
256	-4	0
399	-40	0
522	-3	0
585	-11	0
745	1	8
804	-16	8
890	-16	7
986	26	7
1128	-22	7
1206	-10	7
1305	5	7
1402	-28	7
1482	-21	7
1593	38	7
1667	-18	5
1801	-23	5
1914	-24	5
2033	48	5
2063	-8	5
2174	-15	5
2298	7	5
2371	-16	5
2533	-32	5
2629	-10	5
2706	45	3
2798	36	3
2908	-8	3
2996	4	3
3062	11	3
34	74	0
86	66	0
201	106	0
287	69	0
398	90	0
469	101	0
610	65	0
683	126	0
792	108	0
913	124	7
973	100	7
1083	106	7
1188	114	7
1265	93	7
1421	130	7
1506	66	7
1566	70	7
1726	63	5
1814	129	5
1904	110	5
2041	86	5
2130	81	5
2233	70	5
2271	70	5
2406	88	5
2491	99	5
2605	101	3
2694	93	3
2774	87	3
2906	131	3
3025	107	3
3113	103	3
10	210	0
89	209	0
201	199	0
312	198	0
417	210	0
485	215	0
603	171	0
702	183	0
787	230	0
877	191	7
1040	241	7
1097	191	7
1210	232	7
1307	211	7
1383	194	7
1462	165	7
1571	201	7
1687	207	5
1807	212	5
1916	193	5
2020	229	5
2083	187	5
2202	155	5
2280	170	5
2397	210	5
2535	239	3
2612	192	3
2732	172	3
2802	184	3
2921	195	3
2965	199	3
3106	182	3
2	289	0
55	296	0
202	317	0
305	279	0
415	318	0
525	317	0
588	263	0
689	290	0
797	310	0
928	309	7
959	288	7
1102	314	7
1189	290	7
1273	273	7
1384	289	7
1480	300	7
1637	299	5
1724	294	5
1809	273	5
1887	306	5
1966	324	5
2101	316	5
2208	268	5
2294	302	5
2427	295	3
2496	297	3
2577	304	3
2723	300	3
2820	313	3
2891	265	3
3031	287	3
3117	285	3
31	421	0
67	410	0
194	417	0
302	394	0
388	409	0
521	365	0
607	395	0
695	387	0
766	400	0
935	371	7
978	403	7
1081	369	7
1189	414	7
1300	404	7
1398	412	7
1518	432	7
1588	380	7
1696	406	5
1753	401	5
1907	373	5
2001	418	5
2105	401	5
2208	403	5
2331	407	3
2405	398	3
2502	407	3
2586	401	3
2685	383	3
2814	447	3
2874	411	3
3006	399	3
3101	408	3
5	486	0
130	501	0
197	493	0
320	498	0
377	475	0
464	509	0
576	508	0
693	473	0
793	523	14
938	505	7
990	474	7
1080	501	7
1184	471	7
1294	461	7
1383	485	7
1525	485	7
1577	476	7
1706	523	5
1791	515	5
1882	483	5
1959	513	5
2058	477	5
2180	500	5
2296	530	3
2432	487	3
2477	465	3
2605	541	3
2736	490	3
2819	489	3
2928	487	3
2971	509	3
3091	481	3
28	586	0
104	580	0
172	566	0
272	589	0
420	590	0
515	638	0
600	606	0
725	629	0
774	607	14
855	610	7
1003	589	7
1085	600	7
1195	563	7
1323	609	7
1424	617	7
1522	607	7
1573	608	7
1680	600	7
1797	574	5
1867	600	5
1979	634	5
2099	595	5
2212	607	5
2286	618	5
2408	567	3
2490	611	3
2568	627	3
2709	559	3
2808	603	3
2909	578	3
2998	622	3
3134	596	3
17	688	0
64	736	0
220	693	0
321	716	0
435	712	0
495	687	0
604	720	16
698	694	16
817	676	14
916	689	14
986	727	7
1089	655	7
1208	705	7
1306	716	7
1391	670	7
1467	702	7
1623	742	14
1698	694	14
1827	682	17
1878	736	17
1993	673	5
2055	698	5
2184	740	5
2311	681	5
2405	695	5
2471	699	3
2613	711	3
2693	686	3
2795	705	3
2913	704	3
3020	707	3
3098	701	3
-20	815	12
115	757	0
190	781	0
286	797	0
373	819	0
486	806	12
564	816	12
712	774	16
776	789	14
911	814	14
1011	772	14
1119	772	7
1204	817	7
1308	764	7
1419	816	7
1491	797	14
1585	832	14
1679	833	14
1809	838	14
1927	801	17
2043	838	5
2117	795	5
2234	828	5
2327	798	5
2424	843	18
2506	828	18
2622	831	3
2662	795	3
2764	827	3
2898	811	3
3004	815	3
3119	780	3
28	921	12
93	904	12
186	908	12
301	893	12
424	923	12
541	885	12
566	918	12
706	884	12
824	883	14
924	926	14
974	863	14
1142	892	14
1210	923	14
1348	892	14
1405	932	14
1501	889	14
1582	895	14
1696	910	14
1816	911	14
1910	882	17
2021	906	17
2085	903	5
2240	899	18
2344	916	18
2367	893	18
2499	895	9
2649	923	9
2698	896	9
2782	899	3
2866	939	9
3002	893	3
3102	874	3
13	1002	12
50	1010	12
190	1009	12
258	1014	12
410	975	12
488	1000	12
582	1025	12
684	992	12
820	1032	12
930	1025	14
992	1024	14
1084	981	14
1197	1020	14
1285	996	14
1379	989	14
1512	964	14
1620	1024	14
1699	1029	14
1815	1017	14
1895	985	14
2009	998	15
2090	995	15
2160	991	15
2297	1015	18
2389	975	18
2500	1012	9
2598	974	9
2667	1012	9
2780	983	9
2881	1036	9
2999	1014	9
3076	1005	9
-16	1086	12
109	1107	12
185	1085	12
262	1055	12
365	1088	12
476	1125	12
633	1120	12
694	1093	12
816	1080	12
915	1072	12
1017	1087	14
1112	1109	14
1173	1119	14
1281	1089	14
1401	1146	14
1496	1093	14
1609	1076	14
1739	1120	14
1813	1134	15
1866	1055	15
1982	1098	15
2134	1104	15
2227	1077	15
2299	1092	9
2381	1092	9
2521	1110	9
2605	1101	9
2713	1078	9
2827	1091	9
2908	1093	9
3013	1086	9
3084	1074	9
-14	1213	12
100	1177	12
194	1224	12
318	1233	12
401	1199	12
523	1215	12
605	1196	12
720	1186	12
770	1221	12
901	1235	12
1030	1202	14
1065	1206	14
1203	1166	14
1295	1210	14
1425	1209	14
1526	1191	14
1550	1214	14
1688	1191	14
1777	1221	14
1921	1202	15
1995	1219	15
2117	1190	15
2228	1212	9
2283	1194	9
2435	1180	9
2500	1195	9
2589	1204	9
2660	1186	9
2774	1217	9
2900	1235	9
3041	1168	9
3141	1178	9
20	1333	12
129	1340	12
199	1335	12
268	1289	12
395	1337	12
462	1270	12
632	1277	12
705	1302	12
823	1276	12
893	1321	12
978	1295	14
1098	1316	14
1221	1321	14
1270	1297	14
1403	1284	14
1505	1280	14
1583	1303	14
1721	1290	14
1803	1301	15
1882	1290	15
2040	1302	15
2126	1332	15
2232	1288	9
2329	1331	9
2424	1306	9
2488	1333	9
2591	1297	9
2718	1317	9
2806	1279	9
2945	1277	9
2997	1288	9
3075	1308	9
-8	1424	12
70	1443	12
177	1404	11
318	1367	12
386	1398	12
527	1370	12
589	1409	12
716	1391	12
842	1438	12
936	1390	14
993	1396	14
1138	1413	13
1185	1399	13
1331	1440	13
1420	1399	13
1498	1374	13
1598	1415	13
1670	1399	14
1807	1386	15
1883	1358	15
1991	1426	15
2090	1375	15
2235	1413	15
2311	1392	15
2404	1385	9
2474	1427	9
2567	1397	9
2706	1380	9
2824	1393	9
2926	1430	9
3036	1364	9
3065	1370	9
40	1497	11
118	1508	11
189	1510	11
318	1467	12
433	1541	12
503	1462	12
622	1530	12
707	1494	12
784	1473	12
907	1483	14
953	1458	14
1081	1504	13
1172	1519	13
1308	1536	13
1402	1469	13
1503	1472	13
1608	1497	15
1711	1509	15
1773	1500	15
1896	1501	15
2014	1489	15
2082	1494	15
2224	1478	15
2279	1496	9
2408	1467	9
2495	1506	9
2558	1513	9
2696	1491	9
2826	1510	9
2891	1539	9
2991	1512	9
3113	1536	9
-6	1601	11
98	1574	11
208	1614	11
317	1604	11
426	1560	11
528	1641	12
621	1608	12
706	1577	19
760	1600	19
948	1599	13
1018	1612	13
1074	1583	13
1205	1601	13
1292	1587	13
1412	1612	13
1510	1597	13
1575	1574	13
1669	1574	15
1797	1606	15
1905	1560	15
2004	1582	15
2078	1594	15
2211	1571	15
2325	1593	10
2442	1609	9
2513	1602	9
2596	1600	9
2712	1630	9
2784	1638	9
2882	1617	9
2985	1616	9
3103	1611	10
-47	1736	11
65	1705	11
204	1688	11
316	1709	11
405	1727	11
532	1718	12
575	1706	11
708	1698	19
764	1681	19
884	1667	13
989	1667	13
1075	1702	13
1217	1707	13
1316	1690	13
1372	1735	13
1475	1676	13
1594	1652	13
1718	1709	15
1799	1733	15
1895	1684	15
2026	1695	15
2087	1719	15
2185	1691	15
2279	1692	10
2403	1722	10
2501	1694	9
2582	1689	10
2725	1737	9
2775	1694	9
2902	1679	9
2960	1697	10
3062	1730	10
5	1781	11
95	1786	11
214	1767	11
318	1762	11
416	1839	11
521	1824	11
593	1811	11
694	1846	11
769	1832	11
922	1789	13
955	1807	13
1103	1780	13
1162	1772	13
1259	1786	13
1385	1850	13
1511	1787	13
1559	1798	13
1698	1811	15
1806	1806	15
1883	1790	15
2030	1806	15
2097	1813	15
2195	1809	10
2297	1802	10
2427	1799	10
2485	1833	10
2567	1834	10
2733	1785	10
2796	1847	10
2877	1820	10
3008	1779	10
3104	1816	10
14	1910	11
91	1883	11
183	1907	11
300	1909	11
380	1917	11
519	1921	11
626	1897	11
732	1881	11
812	1924	11
928	1937	13
991	1935	13
1077	1882	13
1228	1890	13
1313	1906	13
1411	1928	13
1537	1917	13
1623	1918	13
1737	1876	13
1768	1871	13
1891	1889	15
1991	1908	15
2068	1900	15
2183	1889	10
2325	1905	10
2381	1949	10
2500	1888	10
2620	1910	10
2712	1885	10
2814	1933	10
2879	1916	10
3042	1945	10
3086	1921	10
-20	1990	11
110	2017	11
226	2033	11
319	2041	11
416	1968	11
517	1989	11
640	2034	11
691	1996	11
794	1976	11
876	1995	13
1000	2020	13
1080	1996	13
1223	1992	13
1283	1982	13
1387	2014	13
1471	2040	13
1560	2024	13
1708	2003	13
1805	1968	15
1905	2019	15
2006	2006	15
2117	1987	10
2165	1984	10
2282	1966	10
2367	2003	10
2508	1987	10
2585	2030	10
2672	2012	10
2808	2003	10
2863	1982	10
2986	1976	10
3115	1985	10
-35	2115	11
114	2102	11
183	2096	11
329	2092	11
406	2082	11
536	2108	11
610	2077	11
695	2113	11
834	2131	11
907	2127	11
981	2089	13
1112	2099	13
1156	2106	13
1283	2098	13
1388	2099	13
1467	2087	13
1577	2085	13
1725	2072	13
1807	2088	15
1869	2088	15
2032	2125	15
2136	2091	15
2160	2060	10
2329	2089	10
2400	2060	10
2521	2120	10
2586	2131	10
2668	2108	10
2799	2145	10
2870	2139	10
2991	2104	10
3070	2102	10
-7	2204	11
80	2192	11
200	2193	11
268	2239	11
423	2213	11
495	2200	11
556	2228	11
703	2168	11
801	2201	11
870	2232	6
1005	2232	6
1130	2207	13
1211	2210	6
1309	2193	6
1382	2210	6
1503	2171	13
1564	2191	13
1650	2205	15
1783	2205	15
1931	2210	15
2003	2188	4
2096	2196	15
2231	2221	10
2280	2202	10
2436	2214	10
2520	2218	10
2576	2189	10
2713	2195	10
2812	2185	10
2878	2210	10
3019	2221	10
3094	2221	10
5	2303	11
115	2332	11
178	2278	11
272	2282	1
401	2306	1
498	2290	11
582	2296	11
690	2296	11
826	2253	6
908	2296	6
951	2255	6
1090	2288	6
1179	2303	6
1315	2284	6
1419	2254	6
1523	2260	15
1609	2269	15
1690	2329	15
1764	2285	15
1919	2266	4
2010	2291	4
2100	2322	4
2231	2313	10
2275	2264	10
2393	2265	10
2483	2310	10
2597	2307	10
2734	2298	2
2754	2274	2
2886	2305	2
2981	2303	2
3132	2310	2
-22	2399	11
74	2441	1
223	2392	1
332	2427	1
410	2363	1
469	2417	1
585	2395	1
733	2371	6
787	2382	6
885	2390	6
995	2410	6
1112	2429	6
1171	2409	6
1300	2386	6
1402	2406	6
1503	2377	6
1618	2382	6
1683	2371	15
1800	2374	4
1910	2450	4
1995	2366	4
2115	2408	4
2170	2420	4
2322	2372	10
2420	2409	10
2491	2414	2
2597	2417	10
2684	2410	2
2783	2381	2
2891	2398	2
3030	2405	2
3099	2388	2
11	2529	1
97	2482	1
196	2500	1
275	2478	1
391	2482	1
512	2515	1
631	2532	1
737	2483	6
829	2511	6
891	2496	6
994	2521	6
1083	2491	6
1191	2489	6
1315	2481	6
1378	2482	6
1534	2496	4
1613	2477	4
1746	2505	4
1789	2526	4
1922	2455	4
2000	2501	4
2084	2461	4
2160	2451	4
2327	2543	4
2436	2503	2
2524	2535	2
2640	2531	10
2670	2496	2
2785	2496	2
2882	2501	2
2984	2532	2
3113	2527	2
-4	2633	1
88	2642	1
185	2615	1
274	2576	1
418	2628	1
487	2622	1
578	2591	1
687	2622	1
831	2602	6
907	2600	6
1001	2589	6
1137	2591	6
1188	2591	6
1296	2597	6
1398	2597	6
1522	2600	4
1575	2614	4
1709	2635	4
1777	2584	4
1896	2599	4
2005	2607	4
2083	2624	4
2207	2617	4
2330	2592	4
2368	2610	2
2478	2566	2
2565	2622	2
2691	2614	2
2786	2630	2
2938	2616	2
2968	2622	2
3090	2613	2
-7	2719	1
95	2727	1
217	2690	1
335	2668	1
379	2717	1
482	2664	1
618	2704	1
742	2675	1
797	2661	1
904	2704	6
972	2697	6
1058	2718	6
1171	2684	6
1314	2687	6
1402	2688	6
1505	2663	4
1561	2717	4
1702	2676	4
1771	2693	4
1915	2710	4
2024	2669	4
2092	2663	4
2210	2656	4
2255	2734	2
2445	2712	2
2508	2707	2
2565	2721	2
2670	2691	2
2787	2689	2
2881	2670	2
3024	2714	2
3083	2655	2
1	2805	1
139	2779	1
207	2826	1
294	2772	1
418	2793	1
485	2831	1
577	2769	1
704	2800	1
800	2773	1
880	2766	1
981	2798	6
1091	2817	6
1191	2810	6
1265	2795	6
1397	2816	6
1515	2787	4
1639	2799	4
1743	2777	4
1774	2777	4
1870	2804	4
1980	2797	4
2084	2811	4
2227	2790	4
2267	2804	2
2435	2833	2
2531	2815	2
2627	2798	2
2668	2789	2
2826	2811	2
2913	2774	2
3032	2837	2
3091	2808	2
22	2878	1
118	2926	1
215	2905	1
321	2899	1
407	2934	1
490	2887	1
628	2885	1
699	2864	1
775	2888	1
900	2892	6
1034	2902	6
1111	2916	6
1181	2898	6
1298	2904	6
1419	2859	6
1490	2877	4
1592	2896	4
1736	2905	4
1810	2913	4
1872	2922	4
1969	2915	4
2074	2937	4
2182	2946	4
2292	2860	2
2396	2891	2
2536	2909	2
2569	2898	2
2730	2924	2
2777	2896	2
2896	2911	2
2986	2872	2
3123	2882	2
40	3017	1
64	3017	1
206	3025	1
303	2980	1
397	3023	1
501	2978	1
554	2999	1
662	3023	1
802	2978	1
860	2957	6
1008	3002	6
1143	2998	6
1175	3001	6
1293	3035	6
1368	2984	6
1481	2977	4
1602	2994	4
1727	2999	4
1825	3004	4
1891	2981	4
2000	2992	4
2141	2997	4
2216	2968	4
2306	2967	2
2395	3007	2
2503	3030	2
2577	3028	2
2686	2984	2
2778	2985	2
2861	3019	2
3005	2961	2
3068	3020	2
-2	3105	1
117	3097	1
180	3106	1
284	3102	1
403	3104	1
485	3098	1
617	3104	1
675	3133	1
784	3085	1
920	3109	6
996	3116	6
1127	3128	6
1169	3063	6
1286	3119	6
1377	3075	6
1482	3118	6
1605	3117	6
1681	3094	4
1807	3090	4
1890	3094	4
1980	3107	4
2098	3116	4
2216	3102	4
2292	3083	4
2386	3124	4
2508	3093	2
2597	3085	2
2699	3125	2
2774	3064	2
2929	3116	2
3001	3094	2
3104	3104	2

0 	 1 	235	15.00
0 	 32 	212	19.00
1 	 2 	207	22.00
2 	 3 	216	28.00
2 	 34 	169	15.00
3 	 4 	215	22.00
3 	 35 	237	23.00
4 	 5 	237	28.00
4 	 36 	176	22.00
5 	 6 	201	20.00
6 	 7 	188	28.00
7 	 8 	160	26.00
8 	 9 	203	27.00
8 	 40 	192	13.00
9 	 10 	189	26.00
9 	 41 	168	22.00
10 	 11 	194	14.00
12 	 13 	215	21.00
12 	 44 	161	23.00
13 	 14 	238	17.00
14 	 15 	187	13.00
15 	 16 	163	28.00
15 	 47 	237	17.00
16 	 17 	177	26.00
16 	 48 	167	24.00
17 	 18 	164	17.00
17 	 49 	174	22.00
18 	 19 	236	19.00
18 	 50 	218	20.00
19 	 20 	236	14.00
19 	 51 	226	27.00
20 	 21 	229	22.00
21 	 22 	171	24.00
21 	 53 	196	27.00
22 	 23 	200	24.00
22 	 54 	215	27.00
23 	 24 	197	23.00
23 	 55 	167	26.00
24 	 25 	166	16.00
24 	 56 	193	18.00
25 	 26 	222	27.00
25 	 57 	188	26.00
27 	 28 	228	13.00
27 	 59 	187	25.00
28 	 29 	185	17.00
29 	 30 	199	26.00
29 	 61 	183	25.00
30 	 31 	234	12.00
30 	 62 	218	27.00
31 	 63 	196	17.00
32 	 33 	204	16.00
32 	 64 	209	15.00
33 	 34 	188	26.00
33 	 65 	237	17.00
35 	 36 	231	18.00
36 	 37 	203	20.00
36 	 68 	192	27.00
37 	 38 	222	17.00
37 	 69 	189	27.00
38 	 39 	176	21.00
38 	 70 	178	24.00
39 	 40 	232	20.00
39 	 71 	235	23.00
40 	 41 	194	16.00
40 	 72 	235	13.00
41 	 42 	231	18.00
42 	 43 	227	24.00
42 	 74 	227	28.00
43 	 44 	190	16.00
43 	 75 	202	17.00
44 	 45 	240	27.00
44 	 76 	238	13.00
45 	 46 	220	15.00
46 	 47 	192	16.00
46 	 78 	209	28.00
47 	 48 	190	26.00
47 	 79 	203	25.00
48 	 49 	240	27.00
48 	 80 	173	13.00
49 	 50 	219	13.00
49 	 81 	164	28.00
50 	 51 	168	17.00
50 	 82 	225	12.00
51 	 52 	182	12.00
52 	 53 	229	28.00
52 	 84 	190	24.00
53 	 54 	162	27.00
53 	 85 	161	27.00
54 	 55 	196	22.00
54 	 86 	181	21.00
55 	 56 	160	25.00
55 	 87 	176	28.00
56 	 57 	167	17.00
57 	 58 	217	23.00
57 	 89 	169	13.00
58 	 59 	222	23.00
58 	 90 	224	22.00
60 	 61 	167	21.00
60 	 92 	199	24.00
61 	 62 	183	19.00
61 	 93 	180	19.00
62 	 63 	192	26.00
63 	 95 	227	24.00
64 	 65 	178	25.00
64 	 96 	190	17.00
65 	 66 	228	12.00
65 	 97 	226	21.00
66 	 67 	193	25.00
66 	 98 	231	28.00
67 	 99 	216	24.00
69 	 70 	178	19.00
69 	 101 	184	19.00
70 	 71 	178	25.00
70 	 102 	205	28.00
71 	 72 	169	21.00
72 	 73 	198	23.00
72 	 104 	185	18.00
73 	 74 	205	27.00
73 	 105 	209	24.00
75 	 76 	176	19.00
75 	 107 	199	16.00
76 	 77 	211	12.00
76 	 108 	186	27.00
77 	 78 	196	26.00
78 	 79 	210	17.00
78 	 110 	218	25.00
79 	 80 	182	24.00
79 	 111 	220	19.00
80 	 81 	185	27.00
82 	 83 	223	26.00
82 	 114 	188	25.00
83 	 115 	181	24.00
85 	 86 	167	20.00
85 	 117 	162	12.00
86 	 87 	189	22.00
86 	 118 	168	21.00
87 	 88 	202	26.00
87 	 119 	198	19.00
89 	 90 	208	19.00
89 	 121 	237	16.00
90 	 91 	173	12.00
90 	 122 	212	22.00
91 	 92 	193	14.00
91 	 123 	240	25.00
93 	 94 	171	18.00
93 	 125 	238	23.00
95 	 127 	215	26.00
96 	 97 	184	15.00
96 	 128 	183	14.00
97 	 98 	178	13.00
98 	 99 	196	12.00
100 	 101 	184	27.00
100 	 132 	176	27.00
101 	 102 	217	15.00
101 	 133 	201	22.00
102 	 103 	182	25.00
103 	 104 	204	27.00
104 	 105 	232	25.00
104 	 136 	223	20.00
105 	 106 	179	18.00
106 	 107 	203	13.00
106 	 138 	191	19.00
107 	 108 	214	16.00
107 	 139 	195	25.00
108 	 109 	195	19.00
109 	 110 	238	23.00
109 	 141 	177	27.00
110 	 111 	192	12.00
110 	 142 	237	16.00
111 	 112 	191	19.00
111 	 143 	179	24.00
113 	 114 	162	25.00
113 	 145 	211	26.00
114 	 115 	194	27.00
114 	 146 	167	24.00
115 	 116 	211	25.00
116 	 117 	229	26.00
117 	 118 	220	12.00
117 	 149 	175	18.00
118 	 119 	195	18.00
118 	 150 	192	16.00
119 	 120 	198	23.00
120 	 121 	184	23.00
120 	 152 	181	27.00
121 	 122 	160	17.00
121 	 153 	180	21.00
122 	 123 	173	28.00
122 	 154 	176	21.00
123 	 124 	200	18.00
123 	 155 	205	15.00
125 	 126 	169	27.00
126 	 127 	220	15.00
126 	 158 	202	14.00
127 	 159 	238	15.00
128 	 129 	181	27.00
129 	 130 	175	12.00
129 	 161 	194	15.00
130 	 131 	213	26.00
130 	 162 	187	15.00
131 	 132 	222	15.00
131 	 163 	188	27.00
132 	 133 	229	24.00
132 	 164 	188	20.00
133 	 134 	216	26.00
134 	 135 	203	20.00
135 	 136 	225	16.00
136 	 137 	180	22.00
136 	 168 	180	15.00
138 	 139 	214	25.00
139 	 140 	180	24.00
139 	 171 	203	16.00
140 	 141 	232	18.00
140 	 172 	194	13.00
141 	 142 	209	27.00
141 	 173 	224	23.00
142 	 143 	239	24.00
142 	 174 	182	16.00
143 	 144 	197	25.00
143 	 175 	236	22.00
144 	 145 	236	22.00
144 	 176 	203	14.00
145 	 146 	191	25.00
145 	 177 	178	23.00
146 	 147 	162	28.00
146 	 178 	238	24.00
147 	 148 	213	27.00
147 	 179 	204	15.00
149 	 150 	214	24.00
150 	 151 	226	19.00
151 	 152 	239	25.00
151 	 183 	173	15.00
152 	 153 	181	18.00
152 	 184 	179	13.00
153 	 154 	175	25.00
154 	 155 	205	21.00
154 	 186 	225	27.00
155 	 156 	197	21.00
156 	 157 	217	21.00
156 	 188 	209	18.00
157 	 158 	171	22.00
158 	 159 	210	20.00
159 	 191 	175	12.00
160 	 161 	212	23.00
160 	 192 	202	17.00
161 	 162 	164	15.00
162 	 163 	193	14.00
162 	 194 	208	25.00
163 	 164 	231	20.00
164 	 165 	209	27.00
165 	 166 	207	26.00
165 	 197 	160	20.00
166 	 167 	220	20.00
166 	 198 	197	19.00
167 	 168 	235	23.00
167 	 199 	165	13.00
168 	 169 	238	24.00
168 	 200 	221	15.00
169 	 170 	225	13.00
169 	 201 	166	23.00
170 	 171 	196	15.00
171 	 172 	195	12.00
171 	 203 	204	18.00
172 	 173 	187	25.00
172 	 204 	205	25.00
173 	 174 	212	17.00
173 	 205 	166	18.00
174 	 175 	171	21.00
174 	 206 	234	16.00
176 	 177 	165	28.00
177 	 178 	233	23.00
177 	 209 	227	23.00
179 	 180 	191	26.00
180 	 181 	209	15.00
180 	 212 	207	25.00
181 	 182 	186	12.00
181 	 213 	238	18.00
182 	 183 	173	16.00
182 	 214 	210	13.00
183 	 184 	199	13.00
183 	 215 	230	28.00
184 	 185 	223	27.00
184 	 216 	240	23.00
187 	 188 	188	26.00
187 	 219 	187	18.00
188 	 189 	218	16.00
189 	 190 	182	21.00
189 	 221 	238	21.00
190 	 191 	160	13.00
190 	 222 	218	28.00
191 	 223 	221	21.00
192 	 193 	174	12.00
192 	 224 	194	13.00
193 	 194 	235	15.00
193 	 225 	227	14.00
194 	 195 	224	27.00
194 	 226 	238	12.00
195 	 196 	179	12.00
196 	 197 	163	26.00
197 	 198 	161	15.00
197 	 229 	182	12.00
198 	 199 	172	13.00
199 	 200 	190	13.00
200 	 201 	160	15.00
200 	 232 	165	17.00
201 	 202 	238	28.00
202 	 203 	179	23.00
202 	 234 	199	23.00
203 	 204 	172	21.00
203 	 235 	188	19.00
204 	 205 	162	17.00
204 	 236 	170	25.00
206 	 207 	234	12.00
206 	 238 	231	26.00
207 	 208 	213	22.00
207 	 239 	203	26.00
208 	 209 	215	23.00
209 	 210 	212	13.00
209 	 241 	192	23.00
210 	 211 	174	19.00
210 	 242 	214	13.00
211 	 243 	178	25.00
213 	 214 	216	13.00
213 	 245 	170	28.00
214 	 215 	188	24.00
214 	 246 	224	22.00
215 	 216 	186	18.00
215 	 247 	165	25.00
217 	 218 	190	17.00
217 	 249 	226	16.00
218 	 219 	236	22.00
218 	 250 	174	18.00
219 	 220 	217	21.00
219 	 251 	225	17.00
220 	 221 	202	19.00
220 	 252 	221	19.00
221 	 222 	168	20.00
221 	 253 	182	23.00
222 	 223 	192	28.00
223 	 255 	201	14.00
224 	 225 	161	25.00
225 	 226 	190	24.00
226 	 227 	227	19.00
227 	 228 	238	16.00
227 	 259 	220	14.00
228 	 229 	190	23.00
228 	 260 	229	26.00
229 	 230 	177	16.00
229 	 261 	162	20.00
230 	 231 	212	24.00
231 	 232 	192	25.00
231 	 263 	196	16.00
232 	 233 	205	25.00
233 	 234 	184	21.00
234 	 235 	197	24.00
234 	 266 	177	28.00
235 	 236 	232	24.00
235 	 267 	190	17.00
237 	 238 	163	19.00
237 	 269 	207	18.00
238 	 239 	229	16.00
238 	 270 	209	27.00
239 	 240 	188	12.00
240 	 241 	193	21.00
242 	 243 	178	19.00
242 	 274 	204	23.00
243 	 244 	213	17.00
243 	 275 	209	23.00
244 	 245 	232	26.00
244 	 276 	188	13.00
245 	 246 	177	27.00
245 	 277 	180	19.00
246 	 247 	238	20.00
247 	 248 	237	14.00
247 	 279 	240	25.00
248 	 249 	197	19.00
249 	 250 	177	25.00
249 	 281 	230	15.00
250 	 251 	229	18.00
250 	 282 	191	15.00
251 	 252 	236	16.00
252 	 253 	168	16.00
253 	 254 	175	24.00
253 	 285 	209	14.00
254 	 255 	227	16.00
256 	 257 	168	21.00
256 	 288 	218	21.00
257 	 258 	203	20.00
257 	 289 	210	18.00
258 	 259 	206	12.00
259 	 260 	224	18.00
259 	 291 	182	22.00
262 	 263 	180	28.00
262 	 294 	194	22.00
263 	 264 	212	25.00
263 	 295 	205	26.00
264 	 265 	192	21.00
264 	 296 	189	20.00
266 	 267 	211	23.00
267 	 268 	206	23.00
267 	 299 	204	27.00
268 	 269 	186	23.00
268 	 300 	205	17.00
269 	 270 	185	20.00
269 	 301 	173	13.00
270 	 271 	183	28.00
271 	 272 	184	23.00
271 	 303 	231	16.00
273 	 274 	213	27.00
274 	 275 	176	22.00
274 	 306 	168	20.00
275 	 276 	195	27.00
275 	 307 	167	12.00
276 	 277 	202	22.00
276 	 308 	235	21.00
277 	 278 	170	28.00
278 	 279 	180	22.00
278 	 310 	208	25.00
279 	 280 	216	28.00
280 	 281 	188	25.00
280 	 312 	171	20.00
281 	 282 	221	27.00
283 	 284 	177	17.00
283 	 315 	211	25.00
284 	 285 	194	26.00
285 	 286 	173	20.00
285 	 317 	173	19.00
286 	 287 	225	21.00
286 	 318 	221	14.00
288 	 289 	204	19.00
288 	 320 	212	15.00
289 	 290 	185	25.00
290 	 291 	179	18.00
290 	 322 	217	28.00
292 	 293 	217	20.00
292 	 324 	168	26.00
293 	 294 	224	19.00
294 	 295 	212	25.00
294 	 326 	207	27.00
295 	 296 	225	27.00
295 	 327 	165	14.00
296 	 297 	207	28.00
296 	 328 	228	12.00
297 	 298 	236	14.00
298 	 299 	228	18.00
298 	 330 	196	13.00
299 	 300 	211	14.00
299 	 331 	234	27.00
300 	 301 	186	17.00
300 	 332 	174	13.00
301 	 302 	180	23.00
301 	 333 	213	28.00
302 	 303 	210	12.00
303 	 304 	187	16.00
303 	 335 	235	28.00
304 	 305 	189	21.00
304 	 336 	231	19.00
305 	 306 	232	13.00
305 	 337 	199	20.00
306 	 307 	180	27.00
307 	 308 	186	14.00
307 	 339 	194	27.00
308 	 309 	191	17.00
308 	 340 	219	13.00
309 	 310 	181	26.00
310 	 311 	229	26.00
310 	 342 	162	17.00
311 	 312 	212	22.00
311 	 343 	175	13.00
312 	 313 	236	12.00
313 	 314 	169	18.00
313 	 345 	180	21.00
314 	 315 	164	23.00
315 	 316 	179	28.00
317 	 318 	211	12.00
318 	 319 	183	17.00
318 	 350 	162	19.00
319 	 351 	216	26.00
320 	 321 	193	24.00
320 	 352 	182	25.00
321 	 322 	187	21.00
321 	 353 	189	21.00
322 	 323 	231	21.00
322 	 354 	227	12.00
323 	 324 	206	26.00
323 	 355 	161	16.00
324 	 325 	199	17.00
325 	 326 	182	18.00
326 	 327 	237	14.00
327 	 328 	197	20.00
327 	 359 	203	17.00
328 	 329 	162	27.00
329 	 330 	202	20.00
330 	 331 	173	22.00
330 	 362 	188	20.00
331 	 332 	206	13.00
331 	 363 	213	28.00
332 	 333 	219	25.00
333 	 334 	205	21.00
333 	 365 	163	20.00
334 	 335 	231	14.00
334 	 366 	163	12.00
335 	 336 	163	20.00
335 	 367 	184	14.00
336 	 337 	166	27.00
337 	 338 	162	23.00
337 	 369 	240	16.00
338 	 339 	180	27.00
338 	 370 	199	15.00
339 	 340 	234	22.00
340 	 341 	160	14.00
340 	 372 	188	16.00
341 	 342 	231	13.00
341 	 373 	233	13.00
342 	 343 	229	17.00
342 	 374 	233	23.00
343 	 344 	163	18.00
343 	 375 	237	22.00
344 	 345 	234	26.00
344 	 376 	197	12.00
345 	 346 	228	20.00
347 	 348 	228	19.00
347 	 379 	202	26.00
348 	 349 	189	26.00
349 	 350 	197	27.00
350 	 351 	173	18.00
351 	 383 	176	21.00
352 	 353 	193	15.00
352 	 384 	222	23.00
353 	 354 	222	21.00
353 	 385 	186	22.00
354 	 355 	180	22.00
354 	 386 	168	27.00
355 	 356 	160	22.00
355 	 387 	211	28.00
356 	 357 	215	24.00
357 	 358 	237	14.00
357 	 389 	199	16.00
359 	 360 	175	19.00
360 	 361 	225	19.00
360 	 392 	160	13.00
361 	 362 	203	22.00
361 	 393 	201	22.00
362 	 363 	196	14.00
363 	 364 	232	12.00
363 	 395 	240	18.00
364 	 365 	179	17.00
365 	 366 	170	28.00
365 	 397 	212	13.00
366 	 367 	228	25.00
366 	 398 	219	28.00
367 	 368 	197	28.00
368 	 369 	236	15.00
368 	 400 	223	13.00
369 	 370 	240	19.00
369 	 401 	183	13.00
370 	 371 	194	15.00
370 	 402 	218	20.00
371 	 372 	190	14.00
371 	 403 	221	14.00
372 	 373 	201	25.00
372 	 404 	221	16.00
373 	 374 	183	28.00
374 	 375 	185	25.00
374 	 406 	187	19.00
375 	 376 	182	20.00
375 	 407 	175	27.00
376 	 377 	175	27.00
376 	 408 	160	18.00
377 	 378 	233	19.00
377 	 409 	178	16.00
378 	 379 	190	26.00
378 	 410 	185	17.00
379 	 380 	173	13.00
379 	 411 	219	12.00
380 	 381 	196	15.00
380 	 412 	215	21.00
381 	 382 	184	13.00
381 	 413 	228	23.00
382 	 383 	230	23.00
383 	 415 	223	27.00
384 	 385 	220	22.00
384 	 416 	166	16.00
385 	 386 	235	23.00
385 	 417 	225	16.00
387 	 388 	200	13.00
387 	 419 	189	28.00
388 	 389 	179	22.00
389 	 390 	217	14.00
389 	 421 	194	13.00
390 	 391 	232	19.00
390 	 422 	205	20.00
391 	 392 	220	14.00
391 	 423 	202	15.00
392 	 393 	231	16.00
392 	 424 	232	19.00
393 	 394 	164	18.00
393 	 425 	213	24.00
394 	 395 	239	16.00
395 	 396 	217	17.00
395 	 427 	201	24.00
396 	 397 	209	23.00
396 	 428 	169	20.00
397 	 398 	233	19.00
397 	 429 	189	17.00
398 	 399 	209	14.00
398 	 430 	172	28.00
399 	 400 	204	15.00
399 	 431 	201	22.00
400 	 401 	239	20.00
400 	 432 	190	13.00
401 	 402 	202	21.00
401 	 433 	233	23.00
402 	 403 	191	15.00
402 	 434 	178	19.00
403 	 404 	176	15.00
403 	 435 	201	28.00
404 	 405 	211	12.00
404 	 436 	238	15.00
405 	 406 	174	20.00
405 	 437 	211	26.00
406 	 407 	222	17.00
407 	 408 	197	27.00
407 	 439 	205	13.00
408 	 409 	235	25.00
408 	 440 	165	24.00
409 	 410 	236	17.00
410 	 411 	160	13.00
410 	 442 	163	25.00
411 	 412 	236	14.00
411 	 443 	169	26.00
412 	 413 	223	20.00
412 	 444 	186	23.00
413 	 414 	209	14.00
413 	 445 	179	26.00
414 	 415 	176	14.00
414 	 446 	169	15.00
415 	 447 	231	18.00
416 	 417 	232	15.00
416 	 448 	207	27.00
417 	 418 	160	17.00
417 	 449 	199	27.00
418 	 419 	180	12.00
418 	 450 	192	27.00
419 	 420 	208	12.00
420 	 421 	202	26.00
420 	 452 	189	27.00
421 	 422 	232	14.00
421 	 453 	169	14.00
422 	 423 	239	25.00
422 	 454 	213	27.00
423 	 424 	174	24.00
423 	 455 	195	22.00
424 	 425 	170	13.00
424 	 456 	184	26.00
425 	 426 	161	22.00
427 	 428 	227	16.00
428 	 429 	227	28.00
429 	 430 	199	24.00
430 	 462 	210	24.00
432 	 433 	186	25.00
432 	 464 	199	18.00
433 	 434 	194	12.00
433 	 465 	196	13.00
434 	 435 	211	24.00
434 	 466 	193	21.00
435 	 436 	229	18.00
435 	 467 	197	16.00
436 	 437 	239	12.00
438 	 439 	218	13.00
438 	 470 	223	28.00
439 	 440 	189	21.00
439 	 471 	240	21.00
440 	 441 	228	25.00
440 	 472 	208	15.00
441 	 442 	225	16.00
441 	 473 	222	16.00
442 	 443 	214	17.00
442 	 474 	179	20.00
443 	 444 	195	25.00
443 	 475 	218	22.00
445 	 477 	211	26.00
447 	 479 	205	15.00
448 	 449 	171	13.00
448 	 480 	199	18.00
449 	 450 	208	15.00
449 	 481 	190	27.00
450 	 451 	233	18.00
450 	 482 	197	16.00
451 	 452 	181	21.00
451 	 483 	240	17.00
452 	 453 	180	21.00
452 	 484 	165	22.00
453 	 454 	191	24.00
454 	 455 	183	18.00
454 	 486 	192	17.00
455 	 456 	239	13.00
455 	 487 	176	19.00
456 	 457 	174	23.00
456 	 488 	240	12.00
457 	 458 	230	21.00
457 	 489 	189	13.00
458 	 459 	205	23.00
458 	 490 	207	24.00
459 	 460 	214	17.00
459 	 491 	162	22.00
460 	 461 	171	18.00
460 	 492 	195	21.00
461 	 462 	200	27.00
461 	 493 	211	12.00
462 	 463 	199	22.00
462 	 494 	217	26.00
463 	 464 	185	26.00
463 	 495 	213	12.00
464 	 465 	211	22.00
464 	 496 	193	25.00
465 	 466 	192	18.00
466 	 467 	163	15.00
466 	 498 	201	22.00
468 	 469 	225	22.00
468 	 500 	190	21.00
469 	 470 	213	17.00
470 	 471 	179	27.00
470 	 502 	188	23.00
471 	 472 	237	22.00
472 	 473 	223	15.00
474 	 475 	202	17.00
475 	 476 	213	19.00
475 	 507 	161	16.00
477 	 478 	234	14.00
477 	 509 	170	16.00
478 	 479 	188	23.00
478 	 510 	202	18.00
479 	 511 	229	12.00
480 	 481 	177	13.00
480 	 512 	203	28.00
481 	 482 	180	17.00
481 	 513 	180	23.00
482 	 483 	190	18.00
482 	 514 	223	24.00
483 	 484 	184	22.00
484 	 485 	176	22.00
485 	 486 	209	12.00
486 	 487 	229	20.00
486 	 518 	219	27.00
487 	 488 	168	15.00
488 	 489 	175	13.00
490 	 491 	177	28.00
493 	 494 	192	15.00
494 	 495 	177	23.00
494 	 526 	183	28.00
495 	 496 	199	14.00
496 	 497 	187	17.00
496 	 528 	201	28.00
499 	 500 	200	26.00
500 	 501 	197	21.00
500 	 532 	203	13.00
502 	 503 	231	23.00
502 	 534 	201	28.00
503 	 504 	197	24.00
503 	 535 	191	18.00
504 	 505 	178	15.00
504 	 536 	164	17.00
505 	 506 	187	14.00
508 	 509 	217	14.00
509 	 510 	225	20.00
509 	 541 	188	26.00
510 	 511 	166	23.00
510 	 542 	178	17.00
512 	 513 	163	27.00
512 	 544 	204	27.00
513 	 514 	235	26.00
513 	 545 	180	17.00
514 	 515 	231	22.00
514 	 546 	185	16.00
515 	 516 	172	22.00
515 	 547 	167	14.00
516 	 517 	167	18.00
516 	 548 	170	19.00
518 	 519 	223	23.00
518 	 550 	169	21.00
519 	 520 	160	27.00
521 	 522 	204	21.00
521 	 553 	169	12.00
522 	 523 	176	19.00
522 	 554 	178	12.00
523 	 524 	191	23.00
523 	 555 	226	16.00
524 	 525 	227	21.00
524 	 556 	195	13.00
525 	 526 	184	22.00
525 	 557 	231	16.00
526 	 527 	166	23.00
526 	 558 	164	18.00
527 	 528 	223	23.00
528 	 529 	238	23.00
528 	 560 	236	15.00
530 	 531 	208	20.00
530 	 562 	224	25.00
531 	 532 	233	22.00
531 	 563 	228	21.00
532 	 533 	192	20.00
532 	 564 	235	21.00
533 	 534 	195	22.00
533 	 565 	232	27.00
534 	 535 	225	18.00
534 	 566 	162	23.00
535 	 536 	208	19.00
535 	 567 	185	15.00
536 	 537 	180	21.00
537 	 538 	169	15.00
537 	 569 	177	19.00
538 	 539 	171	18.00
538 	 570 	179	26.00
540 	 541 	170	20.00
540 	 572 	202	26.00
541 	 542 	164	20.00
541 	 573 	226	25.00
542 	 543 	166	18.00
542 	 574 	184	20.00
545 	 546 	199	20.00
546 	 547 	167	13.00
546 	 578 	200	24.00
547 	 548 	189	17.00
549 	 550 	187	16.00
550 	 551 	162	13.00
550 	 582 	201	25.00
551 	 552 	191	24.00
551 	 583 	173	28.00
552 	 553 	215	20.00
552 	 584 	183	27.00
553 	 554 	192	17.00
554 	 555 	202	25.00
555 	 556 	178	19.00
556 	 557 	220	23.00
556 	 588 	184	28.00
557 	 558 	206	13.00
558 	 559 	197	21.00
558 	 590 	182	17.00
559 	 560 	181	24.00
559 	 591 	203	17.00
560 	 561 	174	12.00
565 	 566 	167	21.00
565 	 597 	225	20.00
566 	 567 	179	26.00
566 	 598 	205	14.00
567 	 568 	220	24.00
567 	 599 	203	12.00
568 	 569 	223	24.00
568 	 600 	218	16.00
569 	 570 	215	13.00
571 	 572 	186	28.00
571 	 603 	217	19.00
572 	 573 	230	13.00
572 	 604 	164	13.00
573 	 574 	235	17.00
575 	 607 	167	26.00
576 	 577 	219	19.00
576 	 608 	180	16.00
578 	 579 	218	21.00
578 	 610 	190	20.00
579 	 580 	195	24.00
579 	 611 	220	16.00
580 	 581 	240	20.00
580 	 612 	240	18.00
581 	 582 	163	26.00
581 	 613 	177	27.00
582 	 583 	184	21.00
582 	 614 	214	17.00
584 	 585 	178	23.00
585 	 586 	231	15.00
585 	 617 	167	25.00
586 	 587 	172	17.00
586 	 618 	214	23.00
587 	 588 	216	25.00
587 	 619 	229	26.00
588 	 589 	227	18.00
588 	 620 	175	15.00
589 	 590 	183	27.00
589 	 621 	182	16.00
590 	 591 	200	13.00
591 	 592 	174	28.00
591 	 623 	214	19.00
592 	 593 	165	21.00
592 	 624 	221	24.00
593 	 594 	230	20.00
593 	 625 	221	28.00
594 	 595 	190	16.00
594 	 626 	179	19.00
595 	 596 	230	18.00
595 	 627 	183	27.00
596 	 597 	232	18.00
597 	 598 	219	15.00
598 	 599 	193	14.00
598 	 630 	190	28.00
599 	 600 	228	15.00
600 	 601 	196	27.00
600 	 632 	184	26.00
601 	 602 	239	19.00
601 	 633 	229	23.00
603 	 604 	208	20.00
604 	 605 	166	23.00
604 	 636 	160	20.00
605 	 606 	223	22.00
605 	 637 	236	28.00
606 	 607 	231	17.00
606 	 638 	190	16.00
608 	 609 	173	27.00
608 	 640 	232	23.00
609 	 610 	210	13.00
610 	 611 	222	16.00
611 	 612 	173	27.00
612 	 613 	218	14.00
613 	 614 	185	24.00
614 	 615 	185	26.00
614 	 646 	165	21.00
615 	 616 	174	28.00
616 	 617 	224	26.00
616 	 648 	179	14.00
617 	 618 	200	28.00
618 	 619 	167	27.00
618 	 650 	170	20.00
619 	 620 	167	14.00
619 	 651 	192	27.00
620 	 621 	187	18.00
620 	 652 	165	28.00
621 	 622 	198	24.00
621 	 653 	238	19.00
622 	 623 	203	14.00
622 	 654 	193	13.00
623 	 624 	184	22.00
623 	 655 	170	16.00
624 	 625 	235	25.00
625 	 626 	238	15.00
625 	 657 	204	14.00
626 	 627 	233	23.00
626 	 658 	230	13.00
627 	 628 	204	13.00
627 	 659 	201	18.00
628 	 629 	166	25.00
628 	 660 	197	23.00
629 	 630 	181	17.00
630 	 631 	164	28.00
630 	 662 	205	27.00
631 	 632 	161	22.00
632 	 633 	193	19.00
633 	 634 	167	14.00
634 	 635 	168	14.00
634 	 666 	237	15.00
635 	 636 	230	18.00
636 	 637 	183	15.00
637 	 638 	233	17.00
637 	 669 	160	24.00
638 	 639 	199	16.00
640 	 641 	172	15.00
641 	 642 	197	14.00
641 	 673 	182	24.00
642 	 643 	161	25.00
643 	 644 	183	24.00
644 	 645 	168	13.00
644 	 676 	201	17.00
646 	 647 	238	20.00
646 	 678 	168	12.00
647 	 648 	220	27.00
648 	 649 	178	24.00
648 	 680 	194	21.00
649 	 650 	217	13.00
649 	 681 	216	15.00
650 	 651 	226	19.00
650 	 682 	235	12.00
651 	 652 	190	27.00
651 	 683 	198	18.00
652 	 653 	177	13.00
652 	 684 	199	26.00
653 	 654 	175	23.00
653 	 685 	198	20.00
654 	 655 	193	27.00
654 	 686 	228	22.00
655 	 656 	204	14.00
655 	 687 	222	27.00
656 	 657 	169	22.00
657 	 658 	212	16.00
657 	 689 	171	20.00
658 	 659 	229	16.00
658 	 690 	192	23.00
659 	 660 	210	17.00
659 	 691 	184	18.00
660 	 661 	164	28.00
660 	 692 	200	28.00
662 	 663 	190	27.00
662 	 694 	222	15.00
663 	 664 	198	14.00
664 	 665 	172	23.00
665 	 666 	174	25.00
666 	 667 	237	26.00
668 	 669 	231	19.00
668 	 700 	167	14.00
669 	 670 	219	18.00
669 	 701 	197	13.00
670 	 671 	189	26.00
671 	 703 	169	28.00
672 	 673 	187	16.00
672 	 704 	218	23.00
673 	 674 	197	27.00
674 	 675 	206	14.00
675 	 676 	233	26.00
676 	 677 	185	14.00
676 	 708 	211	26.00
677 	 678 	184	25.00
677 	 709 	161	12.00
678 	 679 	194	14.00
678 	 710 	162	24.00
679 	 680 	202	27.00
679 	 711 	214	27.00
681 	 682 	235	14.00
681 	 713 	175	12.00
682 	 683 	226	23.00
683 	 684 	204	23.00
683 	 715 	178	12.00
685 	 686 	237	18.00
685 	 717 	181	19.00
686 	 687 	165	18.00
686 	 718 	189	19.00
687 	 688 	212	21.00
687 	 719 	220	12.00
688 	 689 	177	23.00
688 	 720 	200	23.00
689 	 690 	164	15.00
689 	 721 	223	19.00
690 	 691 	172	22.00
691 	 692 	215	18.00
693 	 694 	190	13.00
693 	 725 	220	27.00
694 	 695 	227	20.00
694 	 726 	199	20.00
695 	 696 	210	22.00
695 	 727 	204	16.00
696 	 697 	162	25.00
697 	 698 	220	25.00
697 	 729 	165	12.00
698 	 699 	213	16.00
698 	 730 	199	28.00
701 	 702 	170	15.00
702 	 703 	161	25.00
702 	 734 	206	20.00
703 	 735 	170	19.00
704 	 705 	179	24.00
704 	 736 	165	19.00
705 	 706 	210	24.00
705 	 737 	173	15.00
706 	 707 	181	17.00
707 	 708 	215	22.00
707 	 739 	180	18.00
708 	 709 	196	15.00
708 	 740 	231	15.00
709 	 710 	211	21.00
710 	 711 	163	21.00
710 	 742 	232	16.00
711 	 712 	215	13.00
711 	 743 	205	17.00
712 	 713 	207	28.00
712 	 744 	167	22.00
713 	 714 	229	23.00
713 	 745 	208	16.00
714 	 715 	183	14.00
715 	 716 	239	22.00
716 	 717 	194	15.00
716 	 748 	228	14.00
717 	 718 	163	16.00
718 	 719 	184	12.00
718 	 750 	163	12.00
719 	 720 	195	27.00
720 	 721 	177	15.00
720 	 752 	224	14.00
721 	 722 	174	14.00
722 	 723 	190	23.00
723 	 724 	222	19.00
723 	 755 	180	16.00
724 	 725 	161	12.00
725 	 726 	196	13.00
725 	 757 	226	18.00
726 	 727 	211	20.00
726 	 758 	235	20.00
727 	 728 	166	14.00
727 	 759 	165	13.00
728 	 729 	240	13.00
728 	 760 	208	19.00
729 	 730 	200	24.00
730 	 731 	166	28.00
730 	 762 	168	16.00
731 	 732 	199	21.00
731 	 763 	208	27.00
732 	 733 	193	28.00
733 	 734 	181	24.00
733 	 765 	165	22.00
734 	 735 	214	18.00
735 	 767 	219	22.00
736 	 737 	172	23.00
736 	 768 	206	27.00
737 	 738 	197	21.00
738 	 739 	206	26.00
738 	 770 	205	15.00
740 	 741 	168	16.00
741 	 742 	190	26.00
742 	 743 	234	14.00
742 	 774 	189	18.00
743 	 744 	227	28.00
743 	 775 	166	13.00
744 	 745 	216	16.00
744 	 776 	225	18.00
745 	 746 	179	17.00
746 	 747 	165	22.00
746 	 778 	235	20.00
747 	 748 	163	19.00
747 	 779 	239	28.00
748 	 749 	211	24.00
749 	 750 	206	23.00
749 	 781 	228	15.00
750 	 751 	182	15.00
751 	 752 	182	12.00
751 	 783 	188	18.00
752 	 753 	220	25.00
752 	 784 	190	20.00
753 	 754 	163	15.00
754 	 755 	191	21.00
754 	 786 	196	14.00
755 	 756 	162	15.00
755 	 787 	211	28.00
756 	 757 	204	24.00
757 	 758 	220	14.00
757 	 789 	168	24.00
758 	 759 	169	28.00
759 	 760 	188	24.00
759 	 791 	223	28.00
760 	 761 	168	21.00
761 	 762 	160	25.00
761 	 793 	207	19.00
764 	 765 	234	21.00
764 	 796 	170	21.00
765 	 766 	230	15.00
766 	 767 	173	20.00
766 	 798 	164	26.00
767 	 799 	199	27.00
768 	 769 	203	24.00
769 	 770 	194	18.00
770 	 771 	217	12.00
771 	 772 	193	18.00
771 	 803 	188	21.00
772 	 773 	178	25.00
773 	 774 	238	21.00
773 	 805 	192	28.00
774 	 775 	230	12.00
774 	 806 	215	18.00
775 	 776 	199	23.00
775 	 807 	161	24.00
776 	 777 	237	23.00
776 	 808 	192	24.00
777 	 778 	169	22.00
777 	 809 	221	19.00
778 	 779 	204	24.00
778 	 810 	212	18.00
780 	 781 	211	13.00
781 	 782 	178	23.00
781 	 813 	172	25.00
782 	 783 	197	25.00
782 	 814 	208	19.00
783 	 784 	234	26.00
783 	 815 	174	26.00
784 	 785 	219	18.00
784 	 816 	238	27.00
785 	 786 	231	25.00
785 	 817 	210	23.00
786 	 787 	213	12.00
787 	 788 	165	17.00
788 	 789 	188	19.00
789 	 790 	234	25.00
790 	 791 	188	17.00
791 	 792 	196	15.00
792 	 793 	179	18.00
793 	 794 	183	26.00
793 	 825 	235	16.00
794 	 795 	216	18.00
794 	 826 	232	23.00
795 	 796 	196	20.00
796 	 797 	231	23.00
797 	 798 	198	27.00
797 	 829 	236	20.00
798 	 799 	209	26.00
800 	 801 	211	18.00
800 	 832 	173	17.00
801 	 802 	167	22.00
801 	 833 	205	13.00
802 	 803 	213	15.00
802 	 834 	178	26.00
803 	 804 	180	17.00
803 	 835 	222	27.00
804 	 805 	184	18.00
804 	 836 	183	14.00
805 	 806 	184	26.00
806 	 807 	205	27.00
806 	 838 	233	18.00
807 	 808 	231	14.00
808 	 809 	188	23.00
808 	 840 	234	26.00
810 	 811 	222	16.00
810 	 842 	230	22.00
811 	 812 	202	24.00
811 	 843 	221	20.00
812 	 813 	235	25.00
812 	 844 	175	27.00
813 	 814 	210	27.00
814 	 815 	210	15.00
814 	 846 	186	22.00
815 	 816 	214	19.00
816 	 817 	161	13.00
816 	 848 	220	25.00
817 	 818 	170	24.00
817 	 849 	209	19.00
818 	 819 	210	24.00
819 	 820 	222	24.00
819 	 851 	217	27.00
820 	 821 	239	18.00
820 	 852 	206	18.00
821 	 822 	224	15.00
822 	 823 	179	23.00
823 	 824 	215	18.00
823 	 855 	240	22.00
824 	 825 	220	21.00
824 	 856 	208	26.00
825 	 826 	232	13.00
825 	 857 	176	12.00
826 	 827 	187	12.00
827 	 828 	210	12.00
828 	 829 	181	23.00
828 	 860 	172	13.00
829 	 830 	240	17.00
829 	 861 	214	18.00
830 	 831 	218	12.00
830 	 862 	221	19.00
832 	 833 	227	16.00
832 	 864 	211	21.00
833 	 834 	181	18.00
833 	 865 	235	23.00
834 	 835 	227	16.00
835 	 836 	180	23.00
836 	 837 	221	26.00
836 	 868 	210	26.00
837 	 838 	199	24.00
837 	 869 	162	19.00
838 	 839 	223	22.00
838 	 870 	160	26.00
839 	 840 	168	21.00
839 	 871 	179	16.00
841 	 842 	210	14.00
842 	 843 	166	26.00
842 	 874 	232	22.00
843 	 844 	165	25.00
844 	 845 	197	25.00
845 	 877 	231	12.00
847 	 848 	187	20.00
848 	 849 	194	12.00
848 	 880 	213	26.00
849 	 850 	207	24.00
850 	 851 	185	16.00
850 	 882 	166	16.00
851 	 852 	235	13.00
852 	 853 	199	12.00
853 	 854 	197	24.00
853 	 885 	215	12.00
854 	 855 	167	20.00
854 	 886 	226	23.00
855 	 856 	171	21.00
856 	 857 	174	20.00
856 	 888 	192	22.00
857 	 858 	207	19.00
857 	 889 	205	21.00
858 	 859 	212	27.00
858 	 890 	236	28.00
859 	 860 	164	27.00
859 	 891 	163	21.00
861 	 862 	200	28.00
861 	 893 	172	25.00
862 	 863 	169	24.00
862 	 894 	188	22.00
863 	 895 	219	23.00
864 	 865 	213	28.00
865 	 866 	235	19.00
865 	 897 	239	27.00
866 	 867 	214	26.00
866 	 898 	234	26.00
867 	 868 	173	14.00
869 	 870 	177	27.00
869 	 901 	231	28.00
870 	 871 	178	13.00
871 	 872 	224	23.00
872 	 873 	236	16.00
872 	 904 	192	28.00
874 	 875 	179	27.00
874 	 906 	190	13.00
875 	 876 	219	25.00
876 	 877 	213	27.00
876 	 908 	194	18.00
877 	 878 	184	13.00
878 	 879 	227	23.00
878 	 910 	240	24.00
879 	 880 	179	17.00
879 	 911 	191	23.00
880 	 881 	197	18.00
881 	 882 	202	21.00
881 	 913 	193	13.00
882 	 883 	166	26.00
882 	 914 	183	15.00
884 	 885 	200	14.00
884 	 916 	234	16.00
885 	 886 	177	13.00
885 	 917 	175	20.00
887 	 888 	240	12.00
887 	 919 	199	22.00
888 	 889 	190	24.00
888 	 920 	202	28.00
889 	 890 	223	16.00
890 	 891 	218	16.00
890 	 922 	235	26.00
891 	 892 	224	19.00
891 	 923 	212	21.00
893 	 894 	239	26.00
893 	 925 	204	17.00
894 	 895 	178	20.00
896 	 897 	240	26.00
896 	 928 	171	14.00
897 	 898 	175	17.00
897 	 929 	183	14.00
898 	 899 	200	17.00
898 	 930 	223	22.00
899 	 900 	177	25.00
900 	 901 	160	19.00
901 	 902 	165	22.00
901 	 933 	191	16.00
903 	 904 	166	18.00
903 	 935 	203	16.00
904 	 905 	174	21.00
904 	 936 	228	28.00
905 	 906 	163	16.00
905 	 937 	176	20.00
906 	 907 	202	12.00
906 	 938 	160	19.00
907 	 908 	231	12.00
907 	 939 	232	21.00
908 	 909 	222	16.00
910 	 911 	234	26.00
911 	 912 	168	27.00
912 	 913 	192	18.00
912 	 944 	169	24.00
913 	 914 	169	14.00
913 	 945 	192	19.00
914 	 915 	185	18.00
914 	 946 	227	20.00
915 	 916 	186	22.00
917 	 918 	199	16.00
917 	 949 	230	25.00
918 	 919 	235	15.00
919 	 920 	235	14.00
919 	 951 	235	28.00
920 	 921 	162	14.00
921 	 922 	171	24.00
921 	 953 	223	19.00
922 	 923 	238	26.00
923 	 924 	189	15.00
924 	 925 	194	19.00
924 	 956 	215	22.00
925 	 926 	192	13.00
925 	 957 	210	17.00
926 	 927 	206	12.00
926 	 958 	215	20.00
928 	 929 	236	14.00
929 	 930 	194	16.00
929 	 961 	164	19.00
930 	 931 	171	24.00
930 	 962 	160	24.00
931 	 932 	175	26.00
931 	 963 	199	25.00
932 	 933 	225	16.00
932 	 964 	203	18.00
934 	 935 	163	17.00
934 	 966 	211	20.00
935 	 967 	172	16.00
937 	 938 	162	27.00
937 	 969 	176	13.00
938 	 939 	206	13.00
938 	 970 	203	21.00
939 	 940 	221	12.00
941 	 942 	217	13.00
942 	 943 	198	26.00
942 	 974 	234	26.00
943 	 944 	166	28.00
944 	 945 	224	28.00
944 	 976 	188	18.00
945 	 946 	235	13.00
946 	 947 	210	18.00
947 	 948 	234	21.00
948 	 949 	170	24.00
948 	 980 	226	26.00
949 	 950 	193	23.00
949 	 981 	184	14.00
950 	 951 	169	25.00
952 	 953 	221	25.00
952 	 984 	177	19.00
953 	 954 	236	20.00
953 	 985 	239	26.00
954 	 955 	219	17.00
954 	 986 	217	23.00
955 	 956 	195	28.00
956 	 957 	219	19.00
956 	 988 	181	16.00
957 	 958 	192	12.00
957 	 989 	164	25.00
958 	 959 	171	28.00
958 	 990 	211	14.00
959 	 991 	239	13.00
960 	 961 	230	25.00
962 	 963 	236	19.00
962 	 994 	220	16.00
963 	 964 	212	13.00
963 	 995 	196	13.00
964 	 965 	238	25.00
965 	 966 	224	18.00
965 	 997 	171	12.00
966 	 967 	216	15.00
967 	 968 	224	16.00
967 	 999 	195	19.00
968 	 969 	181	16.00
968 	 1000 	184	12.00
969 	 970 	191	26.00
969 	 1001 	225	27.00
970 	 971 	191	14.00
971 	 972 	193	22.00
972 	 973 	181	23.00
972 	 1004 	165	24.00
973 	 974 	231	14.00
974 	 975 	178	15.00
974 	 1006 	173	16.00
975 	 976 	207	12.00
975 	 1007 	231	18.00
977 	 978 	164	18.00
977 	 1009 	167	21.00
978 	 979 	184	21.00
978 	 1010 	209	12.00
979 	 980 	220	26.00
981 	 982 	160	24.00
981 	 1013 	186	19.00
982 	 983 	231	20.00
982 	 1014 	234	14.00
983 	 984 	201	17.00
983 	 1015 	208	22.00
984 	 985 	173	14.00
985 	 986 	236	14.00
985 	 1017 	202	27.00
986 	 987 	166	27.00
987 	 988 	178	20.00
988 	 989 	225	14.00
988 	 1020 	237	22.00
989 	 990 	166	17.00
989 	 1021 	170	24.00
990 	 991 	207	13.00
990 	 1022 	230	18.00
991 	 1023 	197	24.00
992 	 993 	165	24.00
993 	 994 	193	15.00
995 	 996 	197	24.00
997 	 998 	232	19.00
999 	 1000 	165	18.00
1002 	 1003 	231	21.00
1003 	 1004 	172	22.00
1005 	 1006 	214	23.00
1006 	 1007 	173	12.00
1007 	 1008 	228	14.00
1008 	 1009 	162	25.00
1009 	 1010 	168	25.00
1010 	 1011 	202	19.00
1011 	 1012 	172	12.00
1013 	 1014 	209	27.00
1014 	 1015 	186	22.00
1015 	 1016 	195	16.00
1017 	 1018 	220	13.00
1018 	 1019 	219	24.00
1019 	 1020 	216	17.00
1020 	 1021 	162	16.00
1021 	 1022 	210	18.00
1022 	 1023 	181	27.00
