1024 	 1488 	 20 	 0.30 
 
-3	-35	0
146	22	0
159	-6	0
288	-37	0
408	-23	0
482	-8	0
612	10	0
749	36	10
812	6	10
890	7	10
993	3	10
1096	11	10
1206	15	10
1287	10	10
1414	-19	10
1514	20	8
1593	22	8
1694	-12	8
1775	-14	8
1875	14	8
2037	12	8
2096	4	8
2187	-35	8
2307	21	3
2383	24	3
2513	-42	3
2610	6	3
2697	13	3
2831	17	3
2907	-7	3
2986	-28	3
3052	31	3
8	106	0
85	77	0
201	136	0
321	73	0
383	100	0
481	114	0
610	75	0
683	122	0
799	98	10
866	85	10
1001	110	10
1112	109	10
1170	127	10
1294	85	10
1419	84	8
1523	75	8
1583	99	8
1685	54	8
1797	140	8
1861	97	8
2045	121	8
2100	103	8
2200	69	8
2253	80	3
2435	92	3
2471	100	3
2564	93	3
2714	124	3
2791	85	3
2885	98	3
3016	98	3
3121	118	3
8	199	0
71	227	0
210	179	0
290	193	0
404	221	0
487	179	0
587	174	0
732	187	0
800	211	0
884	162	10
1001	231	10
1108	177	10
1199	204	10
1300	203	10
1387	165	8
1491	193	8
1564	188	8
1699	183	8
1769	240	8
1901	192	8
2021	227	8
2076	205	8
2189	203	8
2251	194	3
2393	198	3
2535	217	3
2584	187	3
2740	206	3
2775	216	3
2894	195	3
2981	234	3
3091	211	3
-30	260	0
57	309	0
233	294	0
314	282	0
397	301	0
530	303	0
587	303	0
679	310	0
817	280	0
898	333	10
963	324	10
1102	279	10
1184	257	10
1276	271	10
1373	318	8
1472	327	8
1632	276	8
1728	315	8
1822	277	8
1903	298	8
1973	306	8
2066	295	8
2218	275	3
2328	280	3
2422	281	3
2508	338	3
2575	305	3
2709	301	3
2792	311	3
2915	292	3
3008	296	3
3093	314	3
7	444	0
82	394	0
166	402	0
305	386	0
429	394	0
497	386	0
576	390	0
705	412	0
801	369	0
927	371	10
999	417	10
1114	396	10
1216	416	10
1294	420	10
1417	409	8
1470	430	8
1561	371	8
1663	402	8
1765	363	8
1934	387	8
1977	401	8
2088	389	8
2202	397	8
2314	411	3
2394	422	3
2485	403	3
2602	403	3
2708	398	3
2801	408	3
2900	408	3
2991	427	3
3097	379	3
2	466	0
122	497	0
193	504	0
295	510	0
376	468	0
493	507	0
566	506	0
683	482	0
790	500	0
932	484	10
990	488	10
1113	508	10
1198	490	10
1312	462	10
1394	489	8
1499	485	8
1575	498	8
1660	521	8
1831	506	8
1888	487	8
1961	515	8
2061	483	8
2192	519	8
2335	533	8
2416	490	3
2517	507	3
2611	544	3
2734	470	3
2804	486	3
2901	469	3
2968	482	3
3076	478	3
23	565	0
95	603	0
184	605	0
302	608	0
423	619	19
498	597	0
585	605	0
732	628	10
808	589	10
900	588	10
976	592	10
1094	601	10
1181	585	10
1286	572	10
1443	596	10
1481	600	10
1566	624	8
1679	587	8
1781	591	8
1917	585	8
1999	640	8
2110	591	8
2212	573	16
2313	580	3
2431	581	3
2497	608	3
2563	612	3
2676	598	3
2773	610	3
2916	601	3
2995	583	3
3099	634	5
2	691	0
109	710	11
225	703	0
322	718	0
434	732	0
514	710	0
574	711	0
708	696	10
824	699	10
894	684	10
999	687	10
1086	691	10
1182	736	10
1303	726	10
1373	712	10
1512	694	10
1609	744	12
1718	709	8
1814	699	8
1885	707	8
2032	699	8
2069	660	8
2197	734	16
2305	671	16
2393	692	5
2509	686	3
2601	677	3
2696	692	3
2803	730	3
2886	726	3
3035	709	5
3086	666	5
-11	770	0
95	781	11
210	762	0
316	773	0
361	820	0
520	797	0
593	796	11
691	780	11
793	816	10
884	833	10
997	794	10
1130	768	10
1211	811	10
1308	780	10
1393	790	10
1497	766	10
1606	837	12
1712	816	8
1807	844	8
1927	832	8
2000	820	8
2123	812	16
2215	786	16
2347	798	5
2412	816	5
2509	846	5
2622	816	3
2670	808	5
2759	780	3
2919	812	5
2987	826	5
3108	770	5
23	937	11
121	917	11
181	909	0
298	923	11
425	896	11
536	911	11
564	914	11
684	910	11
836	875	11
918	913	10
979	900	10
1108	904	10
1189	923	10
1319	873	10
1405	940	12
1525	852	12
1598	904	12
1703	898	12
1803	876	12
1923	871	12
2027	894	12
2115	886	16
2240	917	5
2310	921	5
2373	916	5
2500	893	5
2624	909	5
2715	879	5
2791	897	5
2867	949	5
3017	885	5
3100	859	5
8	976	11
64	1013	11
181	1042	11
274	1021	11
390	1006	11
498	989	11
604	1030	11
685	978	11
805	1034	11
903	991	11
994	980	11
1086	1015	13
1233	998	10
1286	957	12
1412	1014	12
1535	978	12
1641	1049	12
1671	1021	12
1829	992	12
1921	1013	12
2011	959	12
2095	1012	12
2190	1000	5
2281	985	5
2421	991	5
2485	1038	5
2611	988	5
2692	1009	5
2776	1006	5
2883	1026	5
3024	969	5
3088	988	5
-43	1098	11
101	1118	11
204	1066	11
293	1076	11
365	1099	11
504	1099	11
618	1111	11
697	1103	11
817	1106	11
920	1067	11
1005	1111	11
1134	1127	13
1183	1092	13
1314	1098	12
1381	1129	12
1516	1116	12
1583	1074	12
1694	1127	12
1817	1109	12
1865	1092	12
2010	1078	12
2097	1078	12
2220	1061	14
2336	1086	5
2384	1088	5
2537	1131	5
2590	1123	5
2692	1078	5
2783	1078	5
2906	1089	5
2967	1110	5
3075	1095	5
-34	1219	11
114	1185	11
190	1226	11
321	1194	11
411	1191	11
517	1206	11
578	1221	11
701	1169	11
781	1218	11
904	1242	11
1021	1189	13
1084	1204	13
1224	1186	12
1305	1199	12
1409	1216	12
1515	1218	12
1585	1223	12
1704	1199	12
1779	1228	12
1917	1200	12
1998	1234	12
2090	1226	12
2245	1214	14
2280	1196	14
2395	1180	5
2519	1226	5
2615	1186	5
2672	1193	5
2787	1239	5
2887	1195	5
3015	1168	5
3135	1184	5
27	1311	11
112	1321	11
197	1333	11
257	1302	11
412	1328	11
485	1296	11
640	1291	11
684	1287	11
805	1310	11
866	1296	11
995	1308	13
1075	1308	13
1194	1305	13
1259	1262	12
1399	1285	12
1482	1313	12
1589	1269	12
1711	1321	12
1804	1294	12
1886	1266	12
2036	1265	12
2115	1310	12
2226	1295	14
2335	1310	14
2424	1302	5
2522	1322	17
2599	1276	5
2701	1321	5
2788	1297	5
2899	1261	5
2991	1313	5
3109	1322	5
20	1389	11
99	1402	11
183	1447	9
308	1384	9
420	1400	9
529	1402	11
590	1371	11
705	1406	11
833	1413	11
929	1410	11
977	1407	11
1119	1404	13
1198	1400	13
1317	1430	12
1405	1374	12
1482	1363	12
1584	1394	12
1657	1402	12
1790	1380	12
1911	1390	12
1982	1399	12
2128	1365	14
2239	1426	14
2341	1417	14
2364	1382	14
2463	1424	5
2565	1400	5
2727	1367	5
2789	1415	5
2911	1426	5
3009	1379	5
3096	1361	5
26	1485	11
115	1524	9
209	1530	9
291	1454	9
447	1532	9
483	1487	9
615	1548	9
704	1501	11
813	1507	11
875	1486	13
992	1461	13
1061	1464	13
1177	1493	13
1313	1530	13
1371	1473	12
1536	1452	12
1642	1487	12
1709	1514	12
1808	1498	12
1863	1499	14
2015	1513	12
2131	1504	14
2226	1497	14
2282	1488	14
2405	1476	14
2480	1477	14
2607	1490	7
2710	1491	5
2816	1525	5
2891	1515	5
2968	1499	5
3141	1497	7
10	1605	9
118	1591	9
244	1626	9
292	1563	9
416	1567	9
537	1602	9
638	1600	9
723	1561	9
777	1608	11
910	1614	13
1009	1605	13
1115	1618	13
1170	1582	13
1292	1591	13
1400	1597	13
1488	1606	12
1573	1598	12
1687	1586	12
1770	1620	12
1884	1589	14
1966	1575	14
2076	1581	14
2196	1584	14
2299	1622	7
2420	1603	7
2513	1588	7
2617	1616	7
2727	1607	5
2810	1620	7
2916	1612	7
3025	1612	7
3097	1623	7
-30	1717	9
99	1695	9
208	1702	9
331	1669	9
439	1694	9
498	1689	9
561	1744	9
706	1694	9
786	1683	9
903	1697	13
975	1675	13
1063	1691	13
1224	1671	13
1297	1696	13
1411	1722	13
1472	1685	13
1590	1702	13
1740	1692	13
1796	1710	13
1885	1698	13
2026	1687	14
2105	1719	14
2187	1698	14
2287	1715	7
2397	1718	7
2477	1732	7
2624	1666	7
2724	1705	7
2782	1725	7
2917	1698	7
2965	1692	7
3076	1696	7
-9	1762	9
79	1766	9
218	1759	9
302	1775	9
370	1825	9
531	1838	9
611	1781	9
654	1807	9
772	1798	9
892	1763	13
953	1807	13
1115	1787	13
1194	1796	13
1297	1751	13
1415	1817	13
1522	1792	13
1568	1798	13
1689	1809	13
1805	1822	13
1882	1767	13
1997	1835	14
2104	1803	14
2161	1822	14
2278	1795	14
2437	1804	7
2500	1838	7
2613	1809	7
2692	1801	7
2782	1832	7
2904	1795	7
3045	1796	7
3113	1794	7
2	1902	9
97	1884	9
194	1946	9
306	1895	9
397	1911	9
532	1923	9
637	1895	9
722	1904	9
806	1910	9
894	1915	9
987	1895	13
1066	1908	13
1195	1911	13
1312	1918	13
1373	1911	13
1545	1870	13
1610	1909	13
1726	1896	13
1761	1884	14
1912	1896	14
2018	1938	14
2096	1896	14
2197	1914	7
2316	1921	7
2390	1923	7
2531	1905	7
2593	1907	7
2698	1900	7
2799	1919	7
2899	1887	7
3026	1919	7
3077	1931	7
-13	2008	9
101	2037	9
202	2000	9
319	2045	9
402	1969	9
487	1995	9
636	2001	9
732	2033	9
815	2001	9
894	2017	13
995	2006	13
1083	1998	13
1209	2010	13
1268	2008	13
1362	2028	13
1503	2003	13
1566	2025	13
1718	1995	14
1824	1973	14
1923	2006	14
1991	1995	14
2123	2027	14
2166	2003	7
2299	1974	7
2392	1987	7
2495	1983	7
2610	2006	7
2718	2029	7
2826	1993	7
2907	1997	7
2975	1989	7
3140	1999	7
13	2132	9
97	2125	9
175	2114	9
346	2075	9
435	2083	9
534	2076	9
594	2117	9
694	2093	9
829	2125	15
920	2106	13
978	2132	15
1092	2098	13
1204	2075	13
1314	2083	13
1371	2058	13
1467	2065	13
1614	2094	14
1681	2095	14
1820	2091	14
1899	2084	14
2018	2133	14
2127	2098	14
2197	2078	14
2320	2092	7
2365	2067	7
2488	2116	7
2618	2089	7
2657	2084	7
2804	2144	7
2878	2112	7
2973	2127	7
3108	2088	7
23	2217	9
129	2207	1
174	2168	9
262	2232	1
392	2198	1
493	2196	9
580	2227	15
689	2163	9
801	2193	15
881	2230	15
972	2230	15
1124	2200	15
1196	2205	6
1317	2199	13
1363	2235	6
1536	2193	14
1567	2189	14
1651	2182	14
1777	2236	14
1899	2205	14
2044	2169	4
2111	2211	14
2210	2222	14
2276	2182	14
2407	2223	7
2501	2232	7
2594	2188	7
2683	2200	7
2781	2206	2
2902	2179	7
3014	2178	7
3088	2195	7
7	2297	1
138	2306	1
181	2288	9
274	2301	1
403	2340	1
519	2326	1
571	2296	15
719	2321	15
840	2279	15
913	2283	15
1000	2277	6
1085	2288	6
1180	2305	6
1338	2296	6
1383	2284	6
1517	2268	14
1630	2291	14
1724	2316	14
1774	2258	14
1886	2288	4
2007	2261	4
2068	2287	4
2208	2316	14
2289	2280	14
2400	2282	7
2512	2309	7
2643	2314	7
2740	2283	2
2760	2260	2
2873	2255	2
3020	2317	7
3088	2312	7
-13	2399	1
113	2396	1
224	2359	1
298	2449	1
421	2401	1
466	2439	1
594	2405	1
704	2391	15
802	2381	15
894	2384	6
977	2396	6
1124	2443	6
1185	2415	6
1308	2381	6
1384	2403	6
1500	2398	14
1618	2412	14
1661	2386	14
1807	2378	4
1914	2426	4
1974	2373	4
2094	2398	4
2175	2433	4
2334	2403	14
2432	2372	14
2464	2423	2
2628	2421	2
2710	2400	2
2780	2378	2
2904	2426	2
3019	2402	2
3124	2372	7
-2	2536	1
99	2500	1
227	2478	1
258	2515	1
413	2520	1
502	2512	1
631	2502	1
701	2470	1
825	2474	6
924	2502	6
1004	2511	6
1101	2525	6
1200	2505	6
1312	2469	6
1362	2520	6
1501	2494	4
1636	2493	4
1744	2491	4
1819	2518	4
1908	2459	4
2039	2515	4
2110	2487	4
2164	2497	4
2323	2534	4
2403	2483	2
2509	2535	2
2618	2510	2
2702	2504	2
2785	2504	2
2886	2533	2
2995	2524	2
3088	2491	2
-29	2608	1
89	2639	1
193	2595	1
313	2590	1
429	2637	1
484	2621	1
581	2606	1
690	2615	1
832	2599	6
884	2634	6
980	2590	6
1136	2629	6
1191	2615	6
1268	2595	6
1408	2585	6
1506	2626	6
1572	2569	6
1677	2619	4
1778	2553	4
1912	2596	4
2002	2628	4
2119	2581	4
2185	2594	4
2305	2607	2
2380	2598	2
2507	2563	2
2603	2586	2
2698	2586	2
2788	2626	2
2930	2579	2
3015	2620	2
3122	2613	2
-36	2699	1
101	2725	1
203	2711	1
323	2684	1
385	2694	1
507	2662	1
629	2696	18
723	2672	1
800	2670	6
928	2676	6
992	2682	6
1079	2693	6
1205	2707	6
1288	2693	6
1397	2733	6
1458	2651	6
1594	2706	4
1671	2722	4
1785	2712	4
1915	2682	4
2009	2674	4
2116	2662	4
2193	2691	4
2284	2703	4
2422	2700	2
2510	2668	2
2589	2723	2
2713	2674	2
2785	2703	2
2890	2675	2
3000	2724	2
3097	2673	2
-12	2799	1
107	2767	1
200	2807	1
285	2799	1
396	2779	1
472	2800	1
604	2773	1
665	2839	1
800	2802	1
890	2787	6
999	2805	6
1086	2826	6
1218	2826	6
1305	2810	6
1394	2798	6
1500	2795	4
1627	2801	4
1745	2786	4
1797	2770	4
1903	2783	4
2016	2811	4
2092	2789	4
2179	2800	4
2291	2799	2
2432	2799	2
2548	2807	2
2614	2806	2
2678	2778	2
2782	2806	2
2903	2759	2
3007	2838	2
3128	2796	2
21	2859	1
133	2932	1
225	2906	1
287	2888	1
402	2916	1
496	2883	1
602	2917	1
705	2863	6
798	2931	6
939	2905	6
1027	2883	6
1141	2915	6
1195	2901	6
1267	2913	6
1410	2886	6
1461	2894	4
1596	2885	4
1742	2874	4
1784	2875	4
1910	2881	4
1969	2895	4
2096	2909	4
2196	2934	4
2304	2907	4
2399	2887	2
2543	2888	2
2590	2894	2
2727	2931	2
2796	2872	2
2911	2932	2
2968	2856	2
3114	2897	2
20	3010	1
99	3033	1
206	3004	1
347	2971	1
400	2998	1
487	3007	1
569	2975	1
683	3009	1
792	3002	6
865	2997	6
1002	3013	6
1143	3016	6
1205	3034	6
1281	3031	6
1355	3003	6
1452	2999	4
1578	3024	4
1722	3019	4
1811	3005	4
1900	2972	4
1959	2998	4
2115	3001	4
2222	2969	4
2299	2990	2
2422	3002	2
2466	3014	2
2607	3019	2
2683	2995	2
2774	2986	2
2855	3000	2
2976	2981	2
3062	2992	2
-19	3084	1
98	3073	1
220	3108	1
323	3093	1
403	3115	1
494	3079	1
590	3059	1
693	3105	6
788	3057	6
891	3091	6
1007	3088	6
1128	3091	6
1155	3060	6
1274	3125	6
1395	3089	6
1495	3106	6
1615	3094	4
1707	3083	4
1820	3076	4
1924	3088	4
1980	3098	4
2135	3099	4
2216	3127	4
2285	3099	4
2364	3108	4
2495	3099	2
2575	3068	2
2709	3139	2
2804	3089	2
2913	3122	2
3005	3117	2
3103	3100	2

0 	 1 	224	26.00
0 	 32 	180	20.00
1 	 2 	218	25.00
2 	 3 	211	12.00
2 	 34 	180	19.00
3 	 4 	227	27.00
3 	 35 	171	14.00
4 	 5 	225	19.00
4 	 36 	169	16.00
5 	 6 	161	18.00
6 	 7 	167	23.00
7 	 8 	198	18.00
8 	 9 	175	27.00
8 	 40 	162	13.00
9 	 10 	222	22.00
9 	 41 	208	21.00
10 	 11 	211	15.00
12 	 13 	189	23.00
12 	 44 	210	18.00
13 	 14 	208	13.00
14 	 15 	226	26.00
15 	 16 	169	28.00
15 	 47 	240	26.00
16 	 17 	232	22.00
16 	 48 	190	23.00
17 	 18 	182	26.00
17 	 49 	236	18.00
18 	 19 	160	13.00
18 	 50 	224	28.00
19 	 20 	178	14.00
19 	 51 	205	27.00
20 	 21 	228	22.00
21 	 22 	220	27.00
21 	 53 	205	12.00
22 	 23 	164	21.00
22 	 54 	181	27.00
23 	 24 	174	21.00
23 	 55 	162	13.00
24 	 25 	160	20.00
24 	 56 	167	28.00
25 	 26 	198	22.00
25 	 57 	208	20.00
27 	 28 	223	27.00
27 	 59 	182	23.00
28 	 29 	170	25.00
29 	 30 	198	21.00
29 	 61 	200	21.00
30 	 31 	238	15.00
30 	 62 	168	12.00
31 	 63 	184	24.00
32 	 33 	235	20.00
32 	 64 	207	16.00
33 	 34 	175	26.00
33 	 65 	184	24.00
35 	 36 	232	18.00
36 	 37 	169	14.00
36 	 68 	214	20.00
37 	 38 	195	18.00
37 	 69 	172	12.00
38 	 39 	227	23.00
38 	 70 	178	21.00
39 	 40 	196	15.00
39 	 71 	203	27.00
40 	 41 	180	14.00
40 	 72 	230	13.00
41 	 42 	185	17.00
42 	 43 	231	23.00
42 	 74 	240	17.00
43 	 44 	171	12.00
43 	 75 	194	19.00
44 	 45 	230	12.00
44 	 76 	226	24.00
45 	 46 	223	22.00
46 	 47 	217	16.00
46 	 78 	214	12.00
47 	 48 	201	26.00
47 	 79 	166	25.00
48 	 49 	236	14.00
48 	 80 	198	15.00
49 	 50 	212	24.00
49 	 81 	167	28.00
50 	 51 	203	15.00
50 	 82 	175	12.00
51 	 52 	177	25.00
52 	 53 	211	19.00
52 	 84 	161	13.00
53 	 54 	232	20.00
53 	 85 	179	14.00
54 	 55 	232	12.00
54 	 86 	195	13.00
55 	 56 	221	26.00
55 	 87 	240	18.00
56 	 57 	221	26.00
57 	 58 	206	26.00
57 	 89 	182	18.00
58 	 59 	209	23.00
58 	 90 	227	27.00
60 	 61 	233	26.00
60 	 92 	218	20.00
61 	 62 	160	18.00
61 	 93 	165	25.00
62 	 63 	234	14.00
63 	 95 	213	19.00
64 	 65 	199	28.00
64 	 96 	198	16.00
65 	 66 	237	28.00
65 	 97 	214	27.00
66 	 67 	211	14.00
66 	 98 	202	28.00
67 	 99 	210	22.00
69 	 70 	191	13.00
69 	 101 	198	23.00
70 	 71 	239	19.00
70 	 102 	214	14.00
71 	 72 	213	14.00
72 	 73 	211	15.00
72 	 104 	214	22.00
73 	 74 	180	25.00
73 	 105 	209	20.00
75 	 76 	238	25.00
75 	 107 	183	21.00
76 	 77 	236	28.00
76 	 108 	174	23.00
77 	 78 	236	13.00
78 	 79 	162	28.00
78 	 110 	206	27.00
79 	 80 	169	25.00
79 	 111 	168	17.00
80 	 81 	177	28.00
82 	 83 	179	20.00
82 	 114 	196	28.00
83 	 115 	210	28.00
85 	 86 	192	22.00
85 	 117 	165	26.00
86 	 87 	181	16.00
86 	 118 	224	14.00
87 	 88 	210	16.00
87 	 119 	232	16.00
89 	 90 	163	21.00
89 	 121 	185	27.00
90 	 91 	189	15.00
90 	 122 	232	14.00
91 	 92 	215	17.00
91 	 123 	172	23.00
93 	 94 	223	27.00
93 	 125 	166	21.00
95 	 127 	190	19.00
96 	 97 	164	22.00
96 	 128 	227	23.00
97 	 98 	176	25.00
98 	 99 	174	22.00
100 	 101 	167	25.00
100 	 132 	236	12.00
101 	 102 	171	15.00
101 	 133 	207	17.00
102 	 103 	181	23.00
103 	 104 	170	24.00
104 	 105 	186	27.00
104 	 136 	220	18.00
105 	 106 	221	27.00
106 	 107 	193	20.00
106 	 138 	224	27.00
107 	 108 	210	18.00
107 	 139 	204	19.00
108 	 109 	222	19.00
109 	 110 	201	22.00
109 	 141 	189	22.00
110 	 111 	171	20.00
110 	 142 	209	17.00
111 	 112 	172	12.00
111 	 143 	171	19.00
113 	 114 	176	18.00
113 	 145 	172	21.00
114 	 115 	239	28.00
114 	 146 	162	25.00
115 	 116 	220	20.00
116 	 117 	171	23.00
117 	 118 	240	17.00
117 	 149 	211	15.00
118 	 119 	199	16.00
118 	 150 	170	24.00
119 	 120 	185	22.00
120 	 121 	239	25.00
120 	 152 	182	20.00
121 	 122 	240	20.00
121 	 153 	230	13.00
122 	 123 	186	21.00
122 	 154 	164	27.00
123 	 124 	171	24.00
123 	 155 	227	19.00
125 	 126 	222	21.00
126 	 127 	198	19.00
126 	 158 	197	18.00
127 	 159 	228	26.00
128 	 129 	227	24.00
129 	 130 	188	28.00
129 	 161 	198	12.00
130 	 131 	197	24.00
130 	 162 	209	26.00
131 	 132 	163	12.00
131 	 163 	160	20.00
132 	 133 	207	22.00
132 	 164 	169	21.00
133 	 134 	184	12.00
134 	 135 	239	21.00
135 	 136 	170	26.00
136 	 137 	235	17.00
136 	 168 	174	26.00
138 	 139 	219	18.00
139 	 140 	229	20.00
139 	 171 	228	21.00
140 	 141 	167	26.00
140 	 172 	230	26.00
141 	 142 	223	24.00
141 	 173 	213	26.00
142 	 143 	217	25.00
142 	 174 	190	12.00
143 	 144 	201	13.00
143 	 175 	207	25.00
144 	 145 	206	14.00
144 	 176 	189	23.00
145 	 146 	165	22.00
145 	 177 	182	20.00
146 	 147 	207	17.00
146 	 178 	240	20.00
147 	 148 	178	17.00
147 	 179 	161	22.00
149 	 150 	209	24.00
150 	 151 	186	18.00
151 	 152 	208	16.00
151 	 183 	208	24.00
152 	 153 	215	23.00
152 	 184 	175	21.00
153 	 154 	227	22.00
154 	 155 	191	17.00
154 	 186 	203	14.00
155 	 156 	169	18.00
156 	 157 	172	12.00
156 	 188 	160	25.00
157 	 158 	166	28.00
158 	 159 	194	17.00
159 	 191 	223	17.00
160 	 161 	167	21.00
160 	 192 	219	20.00
161 	 162 	229	28.00
162 	 163 	172	23.00
162 	 194 	235	17.00
163 	 164 	166	13.00
164 	 165 	171	14.00
165 	 166 	190	13.00
165 	 197 	188	16.00
166 	 167 	211	17.00
166 	 198 	176	26.00
167 	 168 	234	25.00
167 	 199 	209	22.00
168 	 169 	175	24.00
168 	 200 	213	25.00
169 	 170 	225	20.00
169 	 201 	189	26.00
170 	 171 	225	18.00
171 	 172 	196	27.00
171 	 203 	199	25.00
172 	 173 	187	22.00
172 	 204 	163	26.00
173 	 174 	179	20.00
173 	 205 	175	14.00
174 	 175 	200	17.00
174 	 206 	216	24.00
176 	 177 	237	22.00
177 	 178 	165	28.00
177 	 209 	192	24.00
179 	 180 	175	24.00
180 	 181 	195	14.00
180 	 212 	206	24.00
181 	 182 	169	17.00
181 	 213 	185	12.00
182 	 183 	207	18.00
182 	 214 	176	22.00
183 	 184 	184	22.00
183 	 215 	239	16.00
184 	 185 	217	16.00
184 	 216 	161	17.00
187 	 188 	193	24.00
187 	 219 	186	12.00
188 	 189 	185	21.00
189 	 190 	186	19.00
189 	 221 	163	20.00
190 	 191 	213	12.00
190 	 222 	232	26.00
191 	 223 	220	15.00
192 	 193 	207	25.00
192 	 224 	187	28.00
193 	 194 	238	12.00
193 	 225 	177	19.00
194 	 195 	182	17.00
194 	 226 	206	15.00
195 	 196 	170	23.00
196 	 197 	179	27.00
197 	 198 	215	17.00
197 	 229 	171	22.00
198 	 199 	206	20.00
199 	 200 	193	16.00
200 	 201 	229	20.00
200 	 232 	160	16.00
201 	 202 	183	21.00
202 	 203 	193	26.00
202 	 234 	239	14.00
203 	 204 	205	13.00
203 	 235 	210	22.00
204 	 205 	233	24.00
204 	 236 	182	25.00
206 	 207 	228	17.00
206 	 238 	189	16.00
207 	 208 	200	16.00
207 	 239 	168	25.00
208 	 209 	224	25.00
209 	 210 	160	17.00
209 	 241 	191	17.00
210 	 211 	200	16.00
210 	 242 	240	16.00
211 	 243 	207	23.00
213 	 214 	211	25.00
213 	 245 	200	22.00
214 	 215 	239	21.00
214 	 246 	162	21.00
215 	 216 	196	17.00
215 	 247 	175	19.00
217 	 218 	175	13.00
217 	 249 	233	27.00
218 	 219 	233	19.00
218 	 250 	213	12.00
219 	 220 	186	14.00
219 	 251 	201	23.00
220 	 221 	201	13.00
220 	 252 	196	25.00
221 	 222 	164	20.00
221 	 253 	200	22.00
222 	 223 	201	28.00
223 	 255 	195	20.00
224 	 225 	160	26.00
225 	 226 	175	18.00
226 	 227 	226	27.00
227 	 228 	171	15.00
227 	 259 	170	16.00
228 	 229 	177	23.00
228 	 260 	231	27.00
229 	 230 	225	12.00
229 	 261 	182	25.00
230 	 231 	209	25.00
231 	 232 	239	18.00
231 	 263 	181	14.00
232 	 233 	218	23.00
233 	 234 	185	16.00
234 	 235 	175	27.00
234 	 266 	172	24.00
235 	 236 	179	28.00
235 	 267 	194	19.00
237 	 238 	223	18.00
237 	 269 	229	14.00
238 	 239 	228	13.00
238 	 270 	216	17.00
239 	 240 	171	22.00
240 	 241 	211	19.00
242 	 243 	166	21.00
242 	 274 	238	17.00
243 	 244 	227	22.00
243 	 275 	181	14.00
244 	 245 	211	22.00
244 	 276 	188	14.00
245 	 246 	198	13.00
245 	 277 	230	14.00
246 	 247 	238	24.00
247 	 248 	172	28.00
247 	 279 	170	14.00
248 	 249 	176	13.00
249 	 250 	190	12.00
249 	 281 	213	25.00
250 	 251 	232	25.00
250 	 282 	164	26.00
251 	 252 	168	14.00
252 	 253 	177	26.00
253 	 254 	194	19.00
253 	 285 	239	27.00
254 	 255 	186	27.00
256 	 257 	224	25.00
256 	 288 	160	19.00
257 	 258 	181	12.00
257 	 289 	217	12.00
258 	 259 	199	21.00
259 	 260 	198	18.00
259 	 291 	170	22.00
262 	 263 	226	22.00
262 	 294 	239	16.00
263 	 264 	228	15.00
263 	 295 	176	13.00
264 	 265 	160	14.00
264 	 296 	180	18.00
266 	 267 	236	16.00
267 	 268 	172	22.00
267 	 299 	234	28.00
268 	 269 	199	17.00
268 	 300 	175	14.00
269 	 270 	224	15.00
269 	 301 	192	15.00
270 	 271 	202	26.00
271 	 272 	229	25.00
271 	 303 	215	19.00
273 	 274 	180	13.00
274 	 275 	174	23.00
274 	 306 	192	24.00
275 	 276 	227	19.00
275 	 307 	227	12.00
276 	 277 	211	28.00
276 	 308 	227	13.00
277 	 278 	174	21.00
278 	 279 	182	12.00
278 	 310 	179	15.00
279 	 280 	232	17.00
280 	 281 	201	20.00
280 	 312 	225	12.00
281 	 282 	202	13.00
283 	 284 	196	26.00
283 	 315 	210	20.00
284 	 285 	218	12.00
285 	 286 	189	17.00
285 	 317 	228	23.00
286 	 287 	222	16.00
286 	 318 	162	13.00
288 	 289 	232	20.00
288 	 320 	207	16.00
289 	 290 	177	28.00
290 	 291 	201	16.00
290 	 322 	214	13.00
292 	 293 	236	23.00
292 	 324 	235	15.00
293 	 294 	236	19.00
294 	 295 	189	12.00
294 	 326 	214	12.00
295 	 296 	203	25.00
295 	 327 	231	18.00
296 	 297 	234	17.00
296 	 328 	174	13.00
297 	 298 	193	16.00
298 	 299 	187	22.00
298 	 330 	228	25.00
299 	 300 	222	22.00
299 	 331 	198	20.00
300 	 301 	188	14.00
300 	 332 	234	15.00
301 	 302 	202	26.00
301 	 333 	188	28.00
302 	 303 	180	13.00
303 	 304 	232	23.00
303 	 335 	228	16.00
304 	 305 	224	26.00
304 	 336 	181	19.00
305 	 306 	225	27.00
305 	 337 	200	27.00
306 	 307 	223	12.00
307 	 308 	205	22.00
307 	 339 	170	17.00
308 	 309 	224	28.00
308 	 340 	185	24.00
309 	 310 	167	19.00
310 	 311 	214	16.00
310 	 342 	177	21.00
311 	 312 	239	16.00
311 	 343 	177	16.00
312 	 313 	210	14.00
313 	 314 	198	14.00
313 	 345 	236	16.00
314 	 315 	165	16.00
315 	 316 	174	25.00
317 	 318 	162	19.00
318 	 319 	185	17.00
318 	 350 	225	25.00
319 	 351 	224	15.00
320 	 321 	163	25.00
320 	 352 	232	24.00
321 	 322 	201	18.00
321 	 353 	212	24.00
322 	 323 	233	21.00
322 	 354 	181	27.00
323 	 324 	223	26.00
323 	 355 	167	27.00
324 	 325 	223	15.00
325 	 326 	204	13.00
326 	 327 	219	23.00
327 	 328 	181	25.00
327 	 359 	197	20.00
328 	 329 	187	12.00
329 	 330 	163	13.00
330 	 331 	179	19.00
330 	 362 	217	23.00
331 	 332 	225	12.00
331 	 363 	201	23.00
332 	 333 	208	22.00
333 	 334 	188	21.00
333 	 365 	217	19.00
334 	 335 	190	26.00
334 	 366 	238	24.00
335 	 336 	238	15.00
335 	 367 	219	12.00
336 	 337 	178	19.00
337 	 338 	187	14.00
337 	 369 	236	12.00
338 	 339 	176	18.00
338 	 370 	191	19.00
339 	 340 	235	25.00
340 	 341 	232	13.00
340 	 372 	169	21.00
341 	 342 	192	20.00
341 	 373 	238	22.00
342 	 343 	219	25.00
342 	 374 	214	17.00
343 	 344 	208	22.00
343 	 375 	199	22.00
344 	 345 	212	19.00
344 	 376 	166	20.00
345 	 346 	234	16.00
347 	 348 	201	27.00
347 	 379 	193	24.00
348 	 349 	178	26.00
349 	 350 	192	26.00
350 	 351 	203	20.00
351 	 383 	201	15.00
352 	 353 	188	12.00
352 	 384 	185	12.00
353 	 354 	220	26.00
353 	 385 	215	14.00
354 	 355 	179	24.00
354 	 386 	237	25.00
355 	 356 	237	15.00
355 	 387 	227	19.00
356 	 357 	201	12.00
357 	 358 	190	23.00
357 	 389 	212	23.00
359 	 360 	218	22.00
360 	 361 	239	21.00
360 	 392 	171	22.00
361 	 362 	229	15.00
361 	 393 	177	22.00
362 	 363 	190	28.00
363 	 364 	161	26.00
363 	 395 	181	24.00
364 	 365 	228	21.00
365 	 366 	239	17.00
365 	 397 	237	18.00
366 	 367 	179	18.00
366 	 398 	176	13.00
367 	 368 	208	13.00
368 	 369 	176	23.00
368 	 400 	200	19.00
369 	 370 	178	28.00
369 	 401 	204	20.00
370 	 371 	218	18.00
370 	 402 	221	18.00
371 	 372 	161	23.00
371 	 403 	171	19.00
372 	 373 	182	21.00
372 	 404 	210	25.00
373 	 374 	208	17.00
374 	 375 	234	23.00
374 	 406 	203	26.00
375 	 376 	188	22.00
375 	 407 	228	26.00
376 	 377 	198	27.00
376 	 408 	178	19.00
377 	 378 	175	25.00
377 	 409 	219	23.00
378 	 379 	237	23.00
378 	 410 	211	13.00
379 	 380 	217	19.00
379 	 411 	225	28.00
380 	 381 	194	17.00
380 	 412 	214	22.00
381 	 382 	178	12.00
381 	 413 	226	27.00
382 	 383 	173	17.00
383 	 415 	219	24.00
384 	 385 	188	16.00
384 	 416 	197	25.00
385 	 386 	217	18.00
385 	 417 	228	27.00
387 	 388 	217	25.00
387 	 419 	182	12.00
388 	 389 	172	16.00
389 	 390 	162	14.00
389 	 421 	221	23.00
390 	 391 	238	19.00
390 	 422 	205	19.00
391 	 392 	173	21.00
391 	 423 	192	24.00
392 	 393 	194	27.00
392 	 424 	189	22.00
393 	 394 	195	27.00
393 	 425 	219	27.00
394 	 395 	232	22.00
395 	 396 	163	20.00
395 	 427 	184	12.00
396 	 397 	169	13.00
396 	 428 	164	16.00
397 	 398 	161	18.00
397 	 429 	228	19.00
398 	 399 	196	15.00
398 	 430 	161	20.00
399 	 400 	163	22.00
399 	 431 	182	27.00
400 	 401 	235	23.00
400 	 432 	207	25.00
401 	 402 	216	26.00
401 	 433 	221	26.00
402 	 403 	202	19.00
402 	 434 	211	18.00
403 	 404 	235	23.00
403 	 435 	225	22.00
404 	 405 	206	21.00
404 	 436 	186	12.00
405 	 406 	195	22.00
405 	 437 	169	27.00
406 	 407 	162	12.00
407 	 408 	207	21.00
407 	 439 	192	19.00
408 	 409 	193	22.00
408 	 440 	172	18.00
409 	 410 	203	18.00
410 	 411 	193	21.00
410 	 442 	180	19.00
411 	 412 	240	18.00
411 	 443 	204	25.00
412 	 413 	196	15.00
412 	 444 	187	14.00
413 	 414 	201	17.00
413 	 445 	171	22.00
414 	 415 	169	22.00
414 	 446 	182	20.00
415 	 447 	221	21.00
416 	 417 	195	21.00
416 	 448 	213	24.00
417 	 418 	184	21.00
417 	 449 	226	28.00
418 	 419 	160	19.00
418 	 450 	207	13.00
419 	 420 	225	15.00
420 	 421 	183	22.00
420 	 452 	177	27.00
421 	 422 	190	13.00
421 	 453 	179	21.00
422 	 423 	184	20.00
422 	 454 	170	28.00
423 	 424 	230	21.00
423 	 455 	184	26.00
424 	 425 	173	15.00
424 	 456 	179	15.00
425 	 426 	181	28.00
427 	 428 	233	16.00
428 	 429 	219	18.00
429 	 430 	224	13.00
430 	 462 	234	20.00
432 	 433 	211	28.00
432 	 464 	205	21.00
433 	 434 	166	21.00
433 	 465 	228	16.00
434 	 435 	182	19.00
434 	 466 	239	12.00
435 	 436 	215	19.00
435 	 467 	162	15.00
436 	 437 	225	19.00
438 	 439 	205	16.00
438 	 470 	235	15.00
439 	 440 	188	24.00
439 	 471 	212	23.00
440 	 441 	187	21.00
440 	 472 	169	12.00
441 	 442 	182	14.00
441 	 473 	165	27.00
442 	 443 	218	17.00
442 	 474 	161	28.00
443 	 444 	199	14.00
443 	 475 	205	23.00
445 	 477 	230	15.00
447 	 479 	232	28.00
448 	 449 	218	20.00
448 	 480 	165	21.00
449 	 450 	196	18.00
449 	 481 	211	22.00
450 	 451 	179	19.00
450 	 482 	167	13.00
451 	 452 	206	24.00
451 	 483 	219	28.00
452 	 453 	163	14.00
452 	 484 	209	17.00
453 	 454 	233	25.00
454 	 455 	166	14.00
454 	 486 	194	23.00
455 	 456 	184	15.00
455 	 487 	233	20.00
456 	 457 	213	13.00
456 	 488 	173	28.00
457 	 458 	199	17.00
457 	 489 	201	24.00
458 	 459 	232	26.00
458 	 490 	164	13.00
459 	 460 	187	23.00
459 	 491 	208	25.00
460 	 461 	171	22.00
460 	 492 	225	17.00
461 	 462 	179	13.00
461 	 493 	225	15.00
462 	 463 	174	26.00
462 	 494 	238	19.00
463 	 464 	166	24.00
463 	 495 	230	22.00
464 	 465 	239	28.00
464 	 496 	217	13.00
465 	 466 	224	15.00
466 	 467 	167	26.00
466 	 498 	213	27.00
468 	 469 	181	25.00
468 	 500 	175	22.00
469 	 470 	234	27.00
470 	 471 	184	27.00
470 	 502 	179	28.00
471 	 472 	234	17.00
472 	 473 	206	15.00
474 	 475 	192	13.00
475 	 476 	226	26.00
475 	 507 	213	23.00
477 	 478 	161	24.00
477 	 509 	200	25.00
478 	 479 	216	25.00
478 	 510 	190	22.00
479 	 511 	180	15.00
480 	 481 	199	17.00
480 	 512 	195	27.00
481 	 482 	222	20.00
481 	 513 	201	18.00
482 	 483 	175	12.00
482 	 514 	232	17.00
483 	 484 	238	25.00
484 	 485 	222	23.00
485 	 486 	189	19.00
486 	 487 	213	22.00
486 	 518 	202	23.00
487 	 488 	240	15.00
488 	 489 	213	16.00
490 	 491 	221	21.00
493 	 494 	178	13.00
494 	 495 	190	16.00
494 	 526 	163	15.00
495 	 496 	232	28.00
496 	 497 	231	20.00
496 	 528 	173	13.00
499 	 500 	179	16.00
500 	 501 	238	26.00
500 	 532 	201	26.00
502 	 503 	179	27.00
502 	 534 	238	15.00
503 	 504 	200	21.00
503 	 535 	211	28.00
504 	 505 	221	21.00
504 	 536 	163	28.00
505 	 506 	227	13.00
508 	 509 	225	20.00
509 	 510 	229	19.00
509 	 541 	183	22.00
510 	 511 	208	28.00
510 	 542 	206	23.00
512 	 513 	187	13.00
512 	 544 	165	18.00
513 	 514 	175	22.00
513 	 545 	165	15.00
514 	 515 	229	12.00
514 	 546 	172	13.00
515 	 516 	190	16.00
515 	 547 	240	22.00
516 	 517 	165	25.00
516 	 548 	228	26.00
518 	 519 	185	16.00
518 	 550 	231	18.00
519 	 520 	170	15.00
521 	 522 	238	24.00
521 	 553 	177	26.00
522 	 523 	185	12.00
522 	 554 	219	22.00
523 	 524 	167	15.00
523 	 555 	189	24.00
524 	 525 	213	14.00
524 	 556 	190	14.00
525 	 526 	228	14.00
525 	 557 	165	12.00
526 	 527 	235	16.00
526 	 558 	172	28.00
527 	 528 	198	19.00
528 	 529 	166	13.00
528 	 560 	169	17.00
530 	 531 	229	25.00
530 	 562 	204	19.00
531 	 532 	219	28.00
531 	 563 	233	28.00
532 	 533 	160	27.00
532 	 564 	216	14.00
533 	 534 	202	24.00
533 	 565 	235	17.00
534 	 535 	182	16.00
534 	 566 	208	19.00
535 	 536 	186	20.00
535 	 567 	177	15.00
536 	 537 	224	20.00
537 	 538 	196	24.00
537 	 569 	172	12.00
538 	 539 	214	12.00
538 	 570 	196	13.00
540 	 541 	197	28.00
540 	 572 	228	20.00
541 	 542 	239	16.00
541 	 573 	232	24.00
542 	 543 	163	21.00
542 	 574 	168	22.00
545 	 546 	205	21.00
546 	 547 	212	12.00
546 	 578 	189	12.00
547 	 548 	183	18.00
549 	 550 	238	16.00
550 	 551 	233	22.00
550 	 582 	191	20.00
551 	 552 	215	27.00
551 	 583 	199	26.00
552 	 553 	178	14.00
552 	 584 	239	13.00
553 	 554 	186	16.00
554 	 555 	160	13.00
555 	 556 	213	23.00
556 	 557 	227	24.00
556 	 588 	177	21.00
557 	 558 	228	17.00
558 	 559 	189	20.00
558 	 590 	165	27.00
559 	 560 	231	19.00
559 	 591 	200	25.00
560 	 561 	229	25.00
565 	 566 	194	15.00
565 	 597 	165	25.00
566 	 567 	201	12.00
566 	 598 	220	23.00
567 	 568 	166	14.00
567 	 599 	193	19.00
568 	 569 	219	17.00
568 	 600 	162	19.00
569 	 570 	238	22.00
571 	 572 	202	19.00
571 	 603 	201	18.00
572 	 573 	196	17.00
572 	 604 	211	16.00
573 	 574 	179	14.00
575 	 607 	175	17.00
576 	 577 	174	20.00
576 	 608 	165	22.00
578 	 579 	203	19.00
578 	 610 	170	14.00
579 	 580 	200	13.00
579 	 611 	185	23.00
580 	 581 	165	19.00
580 	 612 	185	28.00
581 	 582 	211	16.00
581 	 613 	166	27.00
582 	 583 	160	13.00
582 	 614 	240	16.00
584 	 585 	205	24.00
585 	 586 	227	13.00
585 	 617 	210	28.00
586 	 587 	198	12.00
586 	 618 	234	26.00
587 	 588 	181	19.00
587 	 619 	225	17.00
588 	 589 	223	28.00
588 	 620 	239	25.00
589 	 590 	178	28.00
589 	 621 	175	14.00
590 	 591 	240	22.00
591 	 592 	205	15.00
591 	 623 	228	27.00
592 	 593 	174	23.00
592 	 624 	168	15.00
593 	 594 	219	14.00
593 	 625 	206	13.00
594 	 595 	210	15.00
594 	 626 	163	24.00
595 	 596 	193	26.00
595 	 627 	224	25.00
596 	 597 	195	12.00
597 	 598 	194	28.00
598 	 599 	240	27.00
598 	 630 	187	24.00
599 	 600 	199	21.00
600 	 601 	180	16.00
600 	 632 	189	20.00
601 	 602 	202	17.00
601 	 633 	214	14.00
603 	 604 	180	25.00
604 	 605 	187	28.00
604 	 636 	189	13.00
605 	 606 	173	12.00
605 	 637 	204	26.00
606 	 607 	190	26.00
606 	 638 	185	27.00
608 	 609 	203	28.00
608 	 640 	194	23.00
609 	 610 	189	23.00
610 	 611 	224	24.00
611 	 612 	160	28.00
612 	 613 	196	21.00
613 	 614 	227	22.00
614 	 615 	173	15.00
614 	 646 	231	12.00
615 	 616 	185	21.00
616 	 617 	218	20.00
616 	 648 	240	28.00
617 	 618 	233	17.00
618 	 619 	165	14.00
618 	 650 	239	26.00
619 	 620 	203	26.00
619 	 651 	218	27.00
620 	 621 	190	16.00
620 	 652 	215	19.00
621 	 622 	215	18.00
621 	 653 	229	25.00
622 	 623 	192	19.00
622 	 654 	203	26.00
623 	 624 	194	19.00
623 	 655 	191	18.00
624 	 625 	216	22.00
625 	 626 	165	18.00
625 	 657 	222	21.00
626 	 627 	182	17.00
626 	 658 	228	27.00
627 	 628 	191	15.00
627 	 659 	203	27.00
628 	 629 	181	15.00
628 	 660 	186	14.00
629 	 630 	219	18.00
630 	 631 	189	17.00
630 	 662 	202	28.00
631 	 632 	160	23.00
632 	 633 	237	12.00
633 	 634 	203	17.00
634 	 635 	177	26.00
634 	 666 	193	18.00
635 	 636 	198	12.00
636 	 637 	206	18.00
637 	 638 	178	15.00
637 	 669 	169	24.00
638 	 639 	172	12.00
640 	 641 	167	14.00
641 	 642 	230	14.00
641 	 673 	171	19.00
642 	 643 	223	16.00
643 	 644 	166	26.00
644 	 645 	207	22.00
644 	 676 	237	25.00
646 	 647 	163	13.00
646 	 678 	217	15.00
647 	 648 	183	12.00
648 	 649 	200	23.00
648 	 680 	196	27.00
649 	 650 	177	14.00
649 	 681 	185	21.00
650 	 651 	175	22.00
650 	 682 	170	16.00
651 	 652 	235	25.00
651 	 683 	198	26.00
652 	 653 	206	21.00
652 	 684 	168	15.00
653 	 654 	188	21.00
653 	 685 	175	23.00
654 	 655 	226	21.00
654 	 686 	237	16.00
655 	 656 	231	26.00
655 	 687 	192	13.00
656 	 657 	233	24.00
657 	 658 	208	18.00
657 	 689 	217	26.00
658 	 659 	233	18.00
658 	 690 	204	24.00
659 	 660 	197	27.00
659 	 691 	167	22.00
660 	 661 	221	15.00
660 	 692 	198	20.00
662 	 663 	199	25.00
662 	 694 	199	25.00
663 	 664 	238	17.00
664 	 665 	185	16.00
665 	 666 	199	22.00
666 	 667 	234	18.00
668 	 669 	164	16.00
668 	 700 	161	18.00
669 	 670 	203	12.00
669 	 701 	235	24.00
670 	 671 	177	26.00
671 	 703 	164	21.00
672 	 673 	220	13.00
672 	 704 	167	24.00
673 	 674 	211	27.00
674 	 675 	180	22.00
675 	 676 	199	23.00
676 	 677 	206	19.00
676 	 708 	231	12.00
677 	 678 	201	28.00
677 	 709 	178	17.00
678 	 679 	229	12.00
678 	 710 	164	25.00
679 	 680 	174	14.00
679 	 711 	160	21.00
681 	 682 	210	17.00
681 	 713 	186	26.00
682 	 683 	181	13.00
683 	 684 	183	16.00
683 	 715 	165	24.00
685 	 686 	175	26.00
685 	 717 	221	17.00
686 	 687 	197	13.00
686 	 718 	176	17.00
687 	 688 	224	28.00
687 	 719 	233	13.00
688 	 689 	180	27.00
688 	 720 	168	12.00
689 	 690 	169	22.00
689 	 721 	194	18.00
690 	 691 	189	23.00
691 	 692 	234	24.00
693 	 694 	167	27.00
693 	 725 	195	28.00
694 	 695 	184	22.00
694 	 726 	186	13.00
695 	 696 	164	16.00
695 	 727 	210	25.00
696 	 697 	231	14.00
697 	 698 	168	20.00
697 	 729 	236	20.00
698 	 699 	222	22.00
698 	 730 	211	28.00
701 	 702 	175	23.00
702 	 703 	179	24.00
702 	 734 	168	27.00
703 	 735 	228	22.00
704 	 705 	225	20.00
704 	 736 	168	28.00
705 	 706 	175	13.00
705 	 737 	223	13.00
706 	 707 	163	28.00
707 	 708 	163	17.00
707 	 739 	228	14.00
708 	 709 	167	27.00
708 	 740 	235	14.00
709 	 710 	237	20.00
710 	 711 	203	15.00
710 	 742 	163	20.00
711 	 712 	214	13.00
711 	 743 	207	12.00
712 	 713 	185	26.00
712 	 744 	225	23.00
713 	 714 	229	19.00
713 	 745 	197	18.00
714 	 715 	228	26.00
715 	 716 	173	23.00
716 	 717 	174	20.00
716 	 748 	183	26.00
717 	 718 	208	24.00
718 	 719 	160	27.00
718 	 750 	227	16.00
719 	 720 	181	19.00
720 	 721 	189	27.00
720 	 752 	171	24.00
721 	 722 	187	18.00
722 	 723 	207	12.00
723 	 724 	231	15.00
723 	 755 	231	16.00
724 	 725 	228	19.00
725 	 726 	219	28.00
725 	 757 	229	21.00
726 	 727 	218	20.00
726 	 758 	176	22.00
727 	 728 	206	27.00
727 	 759 	202	14.00
728 	 729 	226	17.00
728 	 760 	219	16.00
729 	 730 	169	16.00
730 	 731 	185	13.00
730 	 762 	162	14.00
731 	 732 	220	28.00
731 	 763 	196	22.00
732 	 733 	188	12.00
733 	 734 	236	24.00
733 	 765 	228	26.00
734 	 735 	232	22.00
735 	 767 	235	27.00
736 	 737 	230	26.00
736 	 768 	190	15.00
737 	 738 	162	21.00
738 	 739 	172	26.00
738 	 770 	229	13.00
740 	 741 	198	17.00
741 	 742 	213	24.00
742 	 743 	178	13.00
742 	 774 	198	12.00
743 	 744 	185	19.00
743 	 775 	201	27.00
744 	 745 	229	17.00
744 	 776 	204	19.00
745 	 746 	234	20.00
746 	 747 	216	25.00
746 	 778 	186	22.00
747 	 748 	169	20.00
747 	 779 	224	28.00
748 	 749 	181	12.00
749 	 750 	189	19.00
749 	 781 	170	23.00
750 	 751 	235	24.00
751 	 752 	211	16.00
751 	 783 	166	12.00
752 	 753 	223	15.00
752 	 784 	160	14.00
753 	 754 	171	27.00
754 	 755 	232	20.00
754 	 786 	161	26.00
755 	 756 	200	13.00
755 	 787 	202	24.00
756 	 757 	187	24.00
757 	 758 	227	13.00
757 	 789 	227	18.00
758 	 759 	201	23.00
759 	 760 	208	28.00
759 	 791 	236	24.00
760 	 761 	188	17.00
761 	 762 	230	27.00
761 	 793 	182	15.00
764 	 765 	184	12.00
764 	 796 	212	16.00
765 	 766 	173	26.00
766 	 767 	216	14.00
766 	 798 	162	23.00
767 	 799 	222	25.00
768 	 769 	231	17.00
769 	 770 	165	21.00
770 	 771 	223	13.00
771 	 772 	160	19.00
771 	 803 	235	20.00
772 	 773 	208	28.00
773 	 774 	195	20.00
773 	 805 	226	22.00
774 	 775 	196	22.00
774 	 806 	187	18.00
775 	 776 	160	25.00
775 	 807 	162	28.00
776 	 777 	219	25.00
776 	 808 	160	20.00
777 	 778 	196	13.00
777 	 809 	227	20.00
778 	 779 	172	28.00
778 	 810 	165	15.00
780 	 781 	166	18.00
781 	 782 	164	23.00
781 	 813 	175	24.00
782 	 783 	213	18.00
782 	 814 	240	19.00
783 	 784 	170	28.00
783 	 815 	175	13.00
784 	 785 	228	20.00
784 	 816 	193	13.00
785 	 786 	173	14.00
785 	 817 	190	22.00
786 	 787 	165	21.00
787 	 788 	230	12.00
788 	 789 	237	22.00
789 	 790 	211	16.00
790 	 791 	174	12.00
791 	 792 	239	15.00
792 	 793 	202	14.00
793 	 794 	186	27.00
793 	 825 	231	25.00
794 	 795 	213	21.00
794 	 826 	180	28.00
795 	 796 	199	13.00
796 	 797 	229	23.00
797 	 798 	211	20.00
797 	 829 	195	16.00
798 	 799 	168	15.00
800 	 801 	175	12.00
800 	 832 	170	21.00
801 	 802 	165	27.00
801 	 833 	175	26.00
802 	 803 	160	25.00
802 	 834 	210	23.00
803 	 804 	234	22.00
803 	 835 	166	24.00
804 	 805 	184	12.00
804 	 836 	230	16.00
805 	 806 	164	24.00
806 	 807 	205	27.00
806 	 838 	177	16.00
807 	 808 	195	26.00
808 	 809 	163	23.00
808 	 840 	166	23.00
810 	 811 	217	19.00
810 	 842 	213	26.00
811 	 812 	221	27.00
811 	 843 	183	14.00
812 	 813 	186	18.00
812 	 844 	174	26.00
813 	 814 	185	27.00
814 	 815 	225	15.00
814 	 846 	174	13.00
815 	 816 	190	12.00
816 	 817 	192	17.00
816 	 848 	218	26.00
817 	 818 	175	22.00
817 	 849 	170	25.00
818 	 819 	235	24.00
819 	 820 	193	23.00
819 	 851 	173	23.00
820 	 821 	185	21.00
820 	 852 	232	26.00
821 	 822 	183	26.00
822 	 823 	199	28.00
823 	 824 	189	19.00
823 	 855 	161	15.00
824 	 825 	191	15.00
824 	 856 	199	13.00
825 	 826 	168	13.00
825 	 857 	180	15.00
826 	 827 	190	18.00
827 	 828 	208	19.00
828 	 829 	214	23.00
828 	 860 	175	25.00
829 	 830 	175	18.00
829 	 861 	166	13.00
830 	 831 	228	14.00
830 	 862 	161	28.00
832 	 833 	229	20.00
832 	 864 	213	28.00
833 	 834 	185	25.00
833 	 865 	219	13.00
834 	 835 	238	28.00
835 	 836 	179	12.00
836 	 837 	162	20.00
836 	 868 	179	13.00
837 	 838 	220	22.00
837 	 869 	236	15.00
838 	 839 	235	12.00
838 	 870 	199	12.00
839 	 840 	189	28.00
839 	 871 	220	24.00
841 	 842 	172	22.00
842 	 843 	240	12.00
842 	 874 	207	14.00
843 	 844 	178	15.00
844 	 845 	227	13.00
845 	 877 	205	23.00
847 	 848 	207	12.00
848 	 849 	205	22.00
848 	 880 	207	13.00
849 	 850 	231	23.00
850 	 851 	215	20.00
850 	 882 	191	21.00
851 	 852 	160	23.00
852 	 853 	228	19.00
853 	 854 	238	28.00
853 	 885 	218	25.00
854 	 855 	168	23.00
854 	 886 	200	20.00
855 	 856 	228	15.00
856 	 857 	163	24.00
856 	 888 	195	24.00
857 	 858 	204	20.00
857 	 889 	236	19.00
858 	 859 	185	20.00
858 	 890 	192	25.00
859 	 860 	187	12.00
859 	 891 	170	23.00
861 	 862 	165	25.00
861 	 893 	218	22.00
862 	 863 	190	28.00
862 	 894 	161	26.00
863 	 895 	199	14.00
864 	 865 	170	21.00
865 	 866 	162	22.00
865 	 897 	170	18.00
866 	 867 	165	24.00
866 	 898 	217	26.00
867 	 868 	238	26.00
869 	 870 	208	26.00
869 	 901 	227	22.00
870 	 871 	202	15.00
871 	 872 	213	26.00
872 	 873 	240	14.00
872 	 904 	235	28.00
874 	 875 	193	13.00
874 	 906 	172	21.00
875 	 876 	210	27.00
876 	 877 	170	20.00
876 	 908 	201	17.00
877 	 878 	173	24.00
878 	 879 	217	26.00
878 	 910 	178	23.00
879 	 880 	200	12.00
879 	 911 	178	19.00
880 	 881 	188	28.00
881 	 882 	166	25.00
881 	 913 	200	17.00
882 	 883 	231	23.00
882 	 914 	170	13.00
884 	 885 	193	12.00
884 	 916 	164	26.00
885 	 886 	212	21.00
885 	 917 	188	28.00
887 	 888 	160	14.00
887 	 919 	238	17.00
888 	 889 	199	22.00
888 	 920 	166	28.00
889 	 890 	236	18.00
890 	 891 	163	27.00
890 	 922 	225	14.00
891 	 892 	170	27.00
891 	 923 	231	14.00
893 	 894 	161	25.00
893 	 925 	176	15.00
894 	 895 	235	21.00
896 	 897 	238	27.00
896 	 928 	238	22.00
897 	 898 	170	23.00
897 	 929 	212	13.00
898 	 899 	177	18.00
898 	 930 	203	26.00
899 	 900 	181	16.00
900 	 901 	187	27.00
901 	 902 	238	14.00
901 	 933 	219	16.00
903 	 904 	188	28.00
903 	 935 	178	20.00
904 	 905 	203	12.00
904 	 936 	189	18.00
905 	 906 	237	28.00
905 	 937 	234	22.00
906 	 907 	171	21.00
906 	 938 	184	16.00
907 	 908 	215	23.00
907 	 939 	187	12.00
908 	 909 	228	22.00
910 	 911 	161	14.00
911 	 912 	187	17.00
912 	 913 	169	21.00
912 	 944 	193	25.00
913 	 914 	164	18.00
913 	 945 	184	22.00
914 	 915 	219	17.00
914 	 946 	175	21.00
915 	 916 	177	28.00
917 	 918 	226	21.00
917 	 949 	165	27.00
918 	 919 	177	25.00
919 	 920 	169	17.00
919 	 951 	218	22.00
920 	 921 	206	21.00
921 	 922 	175	27.00
921 	 953 	216	13.00
922 	 923 	207	19.00
923 	 924 	165	12.00
924 	 925 	187	14.00
924 	 956 	212	20.00
925 	 926 	185	24.00
925 	 957 	238	17.00
926 	 927 	216	27.00
926 	 958 	183	22.00
928 	 929 	237	25.00
929 	 930 	175	14.00
929 	 961 	163	23.00
930 	 931 	192	18.00
930 	 962 	221	24.00
931 	 932 	216	25.00
931 	 963 	185	22.00
932 	 933 	177	20.00
932 	 964 	173	27.00
934 	 935 	200	12.00
934 	 966 	227	18.00
935 	 967 	168	14.00
937 	 938 	210	20.00
937 	 969 	226	21.00
938 	 939 	215	19.00
938 	 970 	236	20.00
939 	 940 	193	27.00
941 	 942 	166	21.00
942 	 943 	200	28.00
942 	 974 	203	13.00
943 	 944 	229	24.00
944 	 945 	184	26.00
944 	 976 	208	14.00
945 	 946 	171	23.00
946 	 947 	207	12.00
947 	 948 	171	17.00
948 	 949 	184	27.00
948 	 980 	204	17.00
949 	 950 	221	21.00
949 	 981 	210	15.00
950 	 951 	180	12.00
952 	 953 	216	15.00
952 	 984 	198	15.00
953 	 954 	218	23.00
953 	 985 	236	17.00
954 	 955 	206	18.00
954 	 986 	225	26.00
955 	 956 	161	23.00
956 	 957 	202	13.00
956 	 988 	209	25.00
957 	 958 	207	28.00
957 	 989 	183	28.00
958 	 959 	239	20.00
958 	 990 	179	19.00
959 	 991 	224	22.00
960 	 961 	222	17.00
962 	 963 	222	22.00
962 	 994 	171	13.00
963 	 964 	189	28.00
963 	 995 	191	12.00
964 	 965 	181	25.00
965 	 966 	189	13.00
965 	 997 	177	19.00
966 	 967 	170	23.00
967 	 968 	167	22.00
967 	 999 	182	14.00
968 	 969 	238	16.00
968 	 1000 	187	18.00
969 	 970 	218	13.00
969 	 1001 	199	15.00
970 	 971 	162	18.00
971 	 972 	167	19.00
972 	 973 	235	28.00
972 	 1004 	229	22.00
973 	 974 	189	22.00
974 	 975 	167	26.00
974 	 1006 	162	18.00
975 	 976 	176	13.00
975 	 1007 	179	17.00
977 	 978 	206	19.00
977 	 1009 	225	25.00
978 	 979 	233	23.00
978 	 1010 	218	14.00
979 	 980 	174	21.00
981 	 982 	207	21.00
981 	 1013 	214	19.00
982 	 983 	165	18.00
982 	 1014 	210	28.00
983 	 984 	240	19.00
983 	 1015 	167	13.00
984 	 985 	236	12.00
985 	 986 	213	12.00
985 	 1017 	233	27.00
986 	 987 	227	16.00
987 	 988 	226	17.00
988 	 989 	233	19.00
988 	 1020 	193	16.00
989 	 990 	208	16.00
989 	 1021 	170	26.00
990 	 991 	204	26.00
990 	 1022 	189	18.00
991 	 1023 	161	26.00
992 	 993 	236	14.00
993 	 994 	207	19.00
995 	 996 	238	13.00
997 	 998 	195	22.00
999 	 1000 	221	13.00
1002 	 1003 	207	16.00
1003 	 1004 	235	24.00
1005 	 1006 	189	16.00
1006 	 1007 	228	28.00
1007 	 1008 	217	20.00
1008 	 1009 	236	25.00
1009 	 1010 	180	15.00
1010 	 1011 	167	23.00
1011 	 1012 	163	23.00
1013 	 1014 	218	22.00
1014 	 1015 	211	19.00
1015 	 1016 	227	26.00
1017 	 1018 	180	18.00
1018 	 1019 	231	23.00
1019 	 1020 	174	17.00
1020 	 1021 	197	21.00
1021 	 1022 	166	18.00
1022 	 1023 	164	21.00
