1024 	 1488 	 20 	 0.30 
 
-4	-2	0
124	13	0
188	-9	0
282	-32	0
412	-45	0
505	-41	0
589	-15	0
723	-7	9
775	-16	9
898	3	7
1019	31	7
1086	-3	7
1187	-10	7
1312	-7	7
1430	-15	7
1514	19	7
1618	1	5
1687	-21	5
1811	-6	5
1875	-23	5
2013	35	5
2102	-15	5
2188	-2	5
2307	-19	5
2387	23	3
2538	-19	3
2636	-8	3
2694	1	3
2803	22	3
2933	-20	3
3033	-2	3
3056	14	3
18	68	0
83	81	0
208	131	0
322	114	0
392	81	0
471	116	0
586	77	0
687	104	0
786	102	9
886	108	7
1000	106	7
1071	93	7
1200	90	7
1256	102	7
1441	127	7
1496	62	7
1582	76	5
1701	68	5
1783	103	5
1868	104	5
2022	87	5
2132	111	5
2243	62	5
2279	88	5
2392	58	5
2501	104	3
2576	102	3
2720	116	3
2813	77	3
2871	127	3
3025	127	3
3145	82	3
-6	208	0
76	209	0
214	181	0
301	209	0
392	226	0
464	193	0
586	189	0
700	171	0
791	221	0
889	181	7
1000	238	7
1122	204	7
1182	186	7
1297	244	7
1368	189	7
1497	175	5
1597	188	5
1712	180	5
1770	240	5
1895	184	5
2037	231	5
2078	212	5
2192	191	5
2276	201	3
2403	211	3
2527	231	3
2587	152	3
2721	174	3
2777	233	3
2901	194	3
2964	223	3
3078	199	3
-25	308	0
84	289	0
232	314	0
286	260	0
415	301	0
538	309	0
607	293	0
697	305	0
816	317	0
939	309	7
962	305	7
1078	265	7
1193	275	7
1292	262	7
1382	292	7
1502	314	7
1616	286	5
1721	305	5
1792	293	5
1889	334	5
1952	322	5
2072	289	5
2230	305	5
2288	296	3
2406	296	3
2511	307	3
2587	303	3
2723	301	3
2824	316	3
2931	292	3
3031	299	3
3082	323	3
24	413	0
64	409	0
191	389	0
328	386	0
404	405	0
486	389	0
613	415	0
728	387	0
783	364	0
888	394	7
982	422	7
1078	378	7
1196	422	7
1317	400	7
1376	396	7
1476	419	7
1565	373	5
1669	395	5
1767	373	5
1935	372	5
1981	403	5
2103	406	5
2200	418	5
2315	424	3
2393	400	3
2512	383	3
2579	405	3
2703	378	3
2798	436	3
2888	390	3
3027	387	3
3101	416	3
7	489	0
116	512	0
186	474	0
304	503	0
379	491	0
486	489	0
575	506	0
669	485	0
785	504	19
932	493	7
1000	488	7
1096	506	7
1179	482	7
1303	458	7
1392	462	7
1497	487	7
1590	485	5
1692	515	5
1831	513	5
1927	500	5
1983	541	5
2071	486	5
2181	523	5
2303	535	3
2413	506	3
2491	492	3
2603	498	3
2738	473	3
2786	517	3
2928	475	3
2993	509	3
3114	528	3
-5	586	0
109	609	0
188	599	0
271	582	0
413	626	0
496	614	0
588	610	0
735	630	12
797	582	7
862	601	7
999	590	7
1106	613	7
1186	579	7
1305	618	7
1414	617	7
1506	591	7
1579	604	5
1704	611	5
1782	588	5
1885	589	5
1971	638	5
2065	562	5
2235	583	5
2293	602	5
2433	568	16
2479	617	3
2584	644	3
2665	594	3
2802	636	3
2919	590	3
3012	611	3
3114	636	3
35	707	0
87	716	0
197	692	0
336	723	0
413	710	0
507	714	0
569	701	0
717	692	12
838	693	7
919	699	7
973	687	7
1111	675	7
1180	724	7
1310	719	7
1403	712	7
1480	708	7
1627	739	7
1697	666	5
1841	712	5
1909	702	5
2024	690	5
2053	676	5
2173	702	5
2296	683	16
2394	698	16
2494	699	3
2630	682	3
2688	659	3
2794	718	3
2880	705	3
3031	709	3
3075	706	3
-16	794	0
129	758	0
189	789	0
324	793	0
396	789	0
510	817	12
564	781	12
716	772	12
809	808	12
916	833	7
991	781	7
1136	796	7
1224	812	7
1338	789	7
1414	789	7
1476	792	7
1591	810	14
1685	830	14
1826	823	5
1900	816	5
1996	847	5
2127	808	5
2209	812	16
2316	833	16
2406	798	8
2466	833	8
2614	819	3
2675	796	8
2767	822	3
2879	780	3
2992	825	8
3108	754	8
33	924	12
90	923	12
209	905	12
300	934	12
403	916	12
537	890	12
588	887	12
700	898	12
830	875	12
926	921	14
989	900	14
1119	912	7
1212	899	7
1299	883	14
1422	905	14
1498	891	14
1578	891	14
1669	925	14
1801	913	14
1882	899	16
1997	913	16
2119	870	16
2201	929	16
2329	901	8
2368	912	8
2536	917	8
2650	945	8
2706	900	8
2765	875	3
2869	900	8
2986	870	8
3122	897	8
-10	1011	12
69	1010	12
189	1036	12
259	1004	12
383	1001	12
488	985	12
612	1009	12
699	956	12
780	1017	12
910	1026	12
993	1020	14
1063	1018	14
1235	1001	14
1292	983	14
1416	1015	14
1498	983	14
1637	1031	14
1706	1029	14
1820	1035	14
1906	988	14
2011	998	16
2136	1022	16
2181	982	8
2277	1008	8
2434	983	8
2500	1019	8
2609	981	8
2703	1008	8
2774	1005	8
2864	1008	8
3013	970	8
3065	1000	8
-46	1105	12
119	1082	12
212	1107	12
292	1064	12
360	1107	12
496	1114	12
592	1109	12
670	1093	12
821	1077	12
920	1105	12
998	1100	14
1098	1136	14
1166	1076	14
1310	1097	14
1380	1129	14
1511	1110	14
1588	1093	14
1730	1092	14
1792	1138	14
1871	1062	14
2009	1073	16
2124	1089	16
2220	1099	8
2326	1117	8
2383	1093	8
2507	1130	8
2590	1138	8
2725	1115	8
2810	1095	8
2908	1054	8
3000	1075	8
3099	1106	8
-9	1239	12
125	1184	12
192	1185	12
309	1212	12
400	1209	12
504	1202	12
586	1198	12
712	1186	12
788	1219	12
936	1234	12
1020	1179	14
1066	1197	14
1211	1208	14
1298	1206	14
1391	1199	14
1490	1235	14
1587	1194	14
1718	1198	14
1818	1202	14
1893	1186	14
1998	1213	14
2097	1191	15
2206	1202	15
2315	1167	15
2415	1191	8
2499	1235	8
2596	1202	8
2690	1170	8
2812	1207	8
2865	1229	8
3004	1198	8
3106	1223	8
28	1323	12
87	1311	12
157	1302	12
299	1293	12
419	1317	12
457	1320	12
612	1263	12
693	1282	12
818	1275	12
889	1273	12
983	1311	14
1061	1328	14
1220	1330	14
1257	1305	14
1420	1270	14
1486	1278	14
1586	1278	14
1686	1286	14
1777	1326	14
1881	1265	14
2039	1299	15
2098	1337	15
2207	1302	15
2342	1289	8
2443	1325	8
2491	1316	8
2590	1282	8
2719	1311	8
2808	1264	8
2913	1281	8
2993	1297	8
3069	1335	8
35	1402	12
77	1408	12
191	1410	11
341	1391	12
431	1366	11
508	1401	12
590	1382	12
672	1371	12
818	1390	12
947	1401	14
971	1381	14
1138	1409	14
1167	1404	13
1294	1433	13
1414	1387	14
1511	1405	14
1609	1423	14
1662	1403	14
1802	1393	14
1924	1375	15
1992	1434	15
2111	1365	15
2234	1418	15
2302	1414	15
2364	1403	15
2468	1399	8
2595	1365	8
2726	1376	8
2826	1404	8
2924	1435	8
3020	1377	8
3089	1388	8
7	1510	11
134	1489	11
167	1493	11
315	1478	12
428	1504	11
493	1509	11
620	1527	11
673	1502	12
828	1497	12
912	1516	13
979	1454	13
1078	1478	13
1203	1533	13
1320	1502	13
1390	1468	14
1520	1464	14
1626	1515	14
1743	1479	14
1802	1520	15
1867	1461	15
2004	1495	15
2086	1526	15
2219	1506	15
2304	1533	15
2414	1479	15
2504	1463	8
2562	1524	8
2679	1506	8
2806	1539	8
2866	1526	8
3008	1495	8
3107	1537	10
5	1621	11
119	1563	11
250	1599	11
286	1606	11
382	1588	11
529	1630	11
634	1637	11
695	1584	11
790	1613	12
917	1599	13
1009	1593	13
1075	1584	13
1209	1601	13
1276	1600	13
1436	1637	13
1507	1592	13
1561	1606	13
1656	1575	14
1771	1620	15
1881	1599	15
1982	1600	15
2104	1562	15
2174	1597	15
2338	1631	10
2425	1641	10
2501	1563	10
2608	1641	10
2691	1633	8
2802	1602	8
2909	1625	8
3030	1600	10
3109	1583	10
-44	1736	11
68	1695	11
219	1684	11
291	1695	11
414	1694	11
516	1719	11
576	1718	11
708	1710	11
756	1710	11
876	1683	13
995	1663	13
1095	1693	13
1217	1665	13
1319	1723	13
1396	1729	13
1509	1682	13
1605	1660	13
1713	1700	14
1812	1725	15
1901	1699	15
1998	1690	15
2101	1713	15
2191	1677	10
2270	1736	10
2420	1693	10
2499	1701	10
2579	1706	10
2718	1730	10
2772	1727	10
2925	1678	10
3008	1700	10
3073	1697	10
22	1805	11
125	1773	11
196	1802	11
300	1801	11
398	1844	11
485	1812	11
586	1805	11
686	1815	11
799	1830	11
921	1808	13
971	1808	13
1130	1765	13
1194	1794	13
1257	1762	13
1418	1836	13
1497	1818	13
1552	1800	13
1691	1797	15
1822	1777	15
1893	1765	15
1997	1821	15
2076	1836	15
2185	1814	10
2301	1798	10
2425	1803	10
2498	1790	10
2567	1829	10
2736	1785	10
2807	1810	10
2915	1786	10
2997	1819	10
3115	1841	10
50	1909	11
87	1868	11
187	1906	11
282	1912	11
375	1911	11
516	1900	11
617	1869	11
693	1886	11
784	1932	11
912	1909	13
987	1934	13
1077	1891	13
1204	1893	13
1284	1940	13
1379	1902	13
1522	1884	13
1640	1922	13
1721	1875	15
1780	1900	15
1932	1877	15
1995	1937	15
2080	1889	15
2201	1923	10
2325	1926	10
2408	1901	10
2491	1879	10
2628	1907	10
2694	1906	10
2778	1916	10
2874	1920	10
3022	1907	10
3078	1889	10
-13	1973	11
97	2037	11
237	2027	11
346	2046	11
423	1976	11
506	2002	11
638	2036	11
701	2006	11
788	1979	11
878	1986	13
1011	1984	13
1077	2010	13
1192	2010	13
1275	2005	13
1381	2027	13
1472	2033	13
1589	2011	13
1708	2031	15
1815	1964	15
1915	2027	15
2003	2001	15
2106	2014	15
2199	1976	10
2286	1992	10
2398	1973	10
2532	1985	10
2574	1987	10
2672	2017	10
2809	1990	10
2902	1982	10
2988	1971	10
3119	2016	10
-6	2119	11
138	2103	11
187	2111	11
331	2110	11
437	2102	11
511	2109	11
597	2114	11
712	2114	11
795	2129	13
944	2129	13
994	2085	13
1104	2098	13
1181	2064	13
1273	2061	13
1360	2056	13
1503	2073	13
1601	2091	15
1715	2079	15
1805	2110	15
1901	2118	15
2006	2091	15
2102	2086	15
2176	2089	15
2305	2103	10
2376	2058	10
2485	2101	10
2628	2129	10
2681	2091	10
2784	2142	10
2899	2139	10
2973	2129	10
3117	2092	10
12	2208	11
109	2192	11
203	2193	11
280	2205	11
396	2228	11
476	2220	11
571	2233	11
711	2212	17
795	2165	13
865	2183	13
1000	2211	6
1095	2207	6
1183	2191	13
1311	2196	13
1396	2224	13
1501	2161	13
1586	2177	13
1653	2185	15
1796	2214	15
1896	2191	15
2042	2190	4
2100	2167	15
2197	2177	15
2294	2181	10
2430	2218	10
2497	2207	10
2589	2229	10
2693	2201	10
2769	2193	10
2879	2166	10
3017	2173	10
3092	2175	10
-12	2259	1
119	2316	1
205	2314	1
285	2283	1
361	2341	1
512	2313	1
601	2278	17
707	2306	17
841	2262	6
909	2321	6
954	2268	6
1105	2327	6
1208	2299	6
1311	2333	13
1409	2253	13
1528	2299	15
1635	2278	15
1722	2299	15
1769	2298	15
1915	2274	4
1994	2268	4
2084	2312	4
2203	2284	4
2275	2264	18
2401	2282	10
2507	2304	10
2637	2295	2
2746	2281	2
2759	2301	2
2906	2279	2
2985	2293	2
3091	2315	2
-14	2370	1
108	2422	1
214	2379	1
314	2443	1
394	2397	1
487	2394	1
567	2398	1
692	2412	17
779	2401	6
860	2374	6
1000	2378	6
1086	2412	6
1169	2385	6
1336	2365	6
1368	2370	6
1465	2368	15
1585	2415	15
1701	2376	15
1804	2368	4
1896	2428	4
1994	2371	4
2093	2425	4
2174	2431	4
2318	2374	18
2413	2404	18
2460	2422	18
2635	2398	2
2670	2426	2
2790	2365	2
2918	2396	2
2983	2389	2
3116	2416	2
-4	2532	1
114	2453	1
181	2492	1
286	2515	1
381	2524	1
511	2512	1
599	2518	1
737	2471	6
833	2481	6
922	2499	6
998	2494	6
1084	2498	6
1197	2492	6
1302	2499	6
1356	2520	6
1527	2490	15
1602	2481	15
1750	2508	4
1802	2534	4
1940	2483	4
2020	2497	4
2132	2467	4
2178	2480	4
2336	2539	4
2390	2505	4
2526	2514	2
2639	2521	2
2667	2496	2
2782	2520	2
2890	2494	2
2976	2524	2
3128	2529	2
-28	2608	1
96	2613	1
212	2607	1
299	2605	1
425	2613	1
481	2613	1
563	2602	1
677	2602	1
815	2577	6
886	2636	6
968	2563	6
1131	2599	6
1205	2610	6
1284	2604	6
1388	2580	6
1539	2596	4
1581	2590	4
1697	2617	4
1768	2559	4
1917	2580	4
1987	2638	4
2083	2610	4
2190	2608	4
2334	2578	4
2389	2640	2
2523	2596	2
2610	2584	2
2703	2604	2
2821	2604	2
2935	2619	2
2996	2610	2
3103	2617	2
2	2689	1
80	2700	1
212	2716	1
291	2677	1
401	2686	1
516	2676	1
624	2687	1
700	2679	1
825	2674	1
903	2687	6
981	2665	6
1088	2730	6
1205	2707	6
1320	2685	6
1392	2705	4
1475	2688	4
1583	2720	4
1678	2689	4
1811	2710	4
1890	2716	4
2001	2694	4
2101	2682	4
2201	2667	4
2298	2703	4
2439	2717	2
2525	2664	2
2601	2722	2
2699	2688	2
2813	2672	2
2901	2681	2
3006	2716	2
3098	2674	2
-35	2775	1
90	2796	1
185	2822	1
301	2766	1
392	2793	1
495	2818	1
582	2789	1
674	2794	1
765	2774	1
866	2805	6
964	2813	6
1077	2827	6
1203	2827	6
1262	2778	6
1406	2818	6
1477	2797	4
1594	2820	4
1715	2778	4
1801	2775	4
1853	2812	4
2008	2813	4
2099	2822	4
2183	2821	4
2286	2806	2
2399	2833	2
2501	2842	2
2601	2810	2
2672	2767	2
2815	2805	2
2931	2801	2
3042	2835	2
3120	2779	2
-18	2885	1
150	2931	1
224	2886	1
303	2912	1
438	2911	1
533	2902	1
603	2930	1
701	2901	1
816	2915	6
912	2926	6
1024	2873	6
1118	2913	6
1200	2903	6
1297	2879	6
1441	2888	6
1489	2916	6
1601	2915	4
1722	2893	4
1795	2890	4
1869	2927	4
1986	2899	4
2104	2922	4
2182	2929	4
2297	2898	2
2396	2905	2
2499	2879	2
2601	2909	2
2686	2921	2
2804	2901	2
2897	2932	2
2982	2881	2
3113	2890	2
30	3006	1
67	2999	1
191	3021	1
318	2957	1
383	3022	1
483	3018	1
588	2992	1
696	3028	6
778	2987	6
884	2966	6
1001	2973	6
1100	3023	6
1199	3043	6
1303	3011	6
1364	2984	6
1477	3020	6
1576	3026	4
1701	2998	4
1814	3028	4
1890	2968	4
1984	3015	4
2131	2987	4
2194	2971	4
2336	2956	2
2416	3008	2
2507	3011	2
2614	2998	2
2674	3021	2
2768	2980	2
2901	3032	2
3000	2972	2
3058	3014	2
-4	3077	1
86	3090	1
215	3119	1
299	3109	1
420	3090	1
507	3073	1
581	3056	1
713	3113	6
810	3077	6
889	3125	6
995	3093	6
1110	3099	6
1154	3088	6
1288	3090	6
1410	3085	6
1479	3071	6
1639	3126	4
1702	3083	4
1818	3060	4
1894	3077	4
1982	3116	4
2116	3106	4
2217	3127	4
2269	3072	4
2360	3127	4
2496	3066	2
2574	3111	2
2705	3133	2
2793	3089	2
2921	3120	2
2994	3131	2
3135	3116	2

0 	 1 	192	14.00
0 	 32 	174	25.00
1 	 2 	229	17.00
2 	 3 	187	15.00
2 	 34 	214	15.00
3 	 4 	218	28.00
3 	 35 	215	19.00
4 	 5 	195	16.00
4 	 36 	228	20.00
5 	 6 	184	18.00
6 	 7 	235	12.00
7 	 8 	167	24.00
8 	 9 	225	22.00
8 	 40 	173	24.00
9 	 10 	205	17.00
9 	 41 	200	15.00
10 	 11 	191	20.00
12 	 13 	220	22.00
12 	 44 	194	20.00
13 	 14 	236	24.00
14 	 15 	166	15.00
15 	 16 	165	22.00
15 	 47 	205	22.00
16 	 17 	217	21.00
16 	 48 	183	23.00
17 	 18 	212	20.00
17 	 49 	181	23.00
18 	 19 	208	13.00
18 	 50 	204	20.00
19 	 20 	224	20.00
19 	 51 	200	15.00
20 	 21 	196	23.00
21 	 22 	178	14.00
21 	 53 	180	22.00
22 	 23 	177	22.00
22 	 54 	183	15.00
23 	 24 	207	23.00
23 	 55 	223	28.00
24 	 25 	211	23.00
24 	 56 	186	17.00
25 	 26 	216	14.00
25 	 57 	183	23.00
27 	 28 	228	20.00
27 	 59 	219	20.00
28 	 29 	181	20.00
29 	 30 	166	17.00
29 	 61 	212	19.00
30 	 31 	198	15.00
30 	 62 	207	12.00
31 	 63 	224	21.00
32 	 33 	235	17.00
32 	 64 	200	16.00
33 	 34 	164	16.00
33 	 65 	206	16.00
35 	 36 	231	18.00
36 	 37 	230	18.00
36 	 68 	237	19.00
37 	 38 	215	18.00
37 	 69 	224	12.00
38 	 39 	194	25.00
38 	 70 	227	28.00
39 	 40 	174	24.00
39 	 71 	203	18.00
40 	 41 	195	17.00
40 	 72 	235	12.00
41 	 42 	200	21.00
42 	 43 	191	24.00
42 	 74 	196	26.00
43 	 44 	206	28.00
43 	 75 	165	23.00
44 	 45 	203	21.00
44 	 76 	227	15.00
45 	 46 	201	23.00
46 	 47 	184	12.00
46 	 78 	239	18.00
47 	 48 	183	16.00
47 	 79 	192	21.00
48 	 49 	204	24.00
48 	 80 	195	28.00
49 	 50 	221	25.00
49 	 81 	184	16.00
50 	 51 	221	28.00
50 	 82 	207	28.00
51 	 52 	209	23.00
52 	 53 	174	28.00
52 	 84 	214	27.00
53 	 54 	234	14.00
53 	 85 	223	21.00
54 	 55 	221	22.00
54 	 86 	162	21.00
55 	 56 	174	14.00
55 	 87 	221	12.00
56 	 57 	203	19.00
57 	 58 	171	24.00
57 	 89 	218	15.00
58 	 59 	163	18.00
58 	 90 	231	19.00
60 	 61 	178	12.00
60 	 92 	185	16.00
61 	 62 	199	22.00
61 	 93 	192	23.00
62 	 63 	180	24.00
63 	 95 	226	26.00
64 	 65 	187	18.00
64 	 96 	198	24.00
65 	 66 	191	17.00
65 	 97 	204	25.00
66 	 67 	196	22.00
66 	 98 	166	28.00
67 	 99 	217	23.00
69 	 70 	205	19.00
69 	 101 	193	26.00
70 	 71 	190	26.00
70 	 102 	211	23.00
71 	 72 	180	26.00
72 	 73 	195	16.00
72 	 104 	227	25.00
73 	 74 	239	24.00
73 	 105 	237	23.00
75 	 76 	232	16.00
75 	 107 	234	22.00
76 	 77 	180	28.00
76 	 108 	168	19.00
77 	 78 	225	24.00
78 	 79 	182	24.00
78 	 110 	206	28.00
79 	 80 	223	26.00
79 	 111 	212	17.00
80 	 81 	228	25.00
82 	 83 	223	28.00
82 	 114 	234	17.00
83 	 115 	178	12.00
85 	 86 	187	27.00
85 	 117 	164	28.00
86 	 87 	190	17.00
86 	 118 	174	16.00
87 	 88 	184	19.00
87 	 119 	233	28.00
89 	 90 	203	23.00
89 	 121 	191	21.00
90 	 91 	240	16.00
90 	 122 	238	28.00
91 	 92 	186	22.00
91 	 123 	206	16.00
93 	 94 	166	19.00
93 	 125 	235	21.00
95 	 127 	201	26.00
96 	 97 	164	16.00
96 	 128 	238	22.00
97 	 98 	206	19.00
98 	 99 	171	16.00
100 	 101 	160	23.00
100 	 132 	200	14.00
101 	 102 	189	12.00
101 	 133 	237	23.00
102 	 103 	239	25.00
103 	 104 	184	17.00
104 	 105 	214	16.00
104 	 136 	233	12.00
105 	 106 	180	15.00
106 	 107 	166	19.00
106 	 138 	236	23.00
107 	 108 	193	23.00
107 	 139 	217	12.00
108 	 109 	178	19.00
109 	 110 	164	21.00
109 	 141 	184	13.00
110 	 111 	172	21.00
110 	 142 	223	25.00
111 	 112 	196	18.00
111 	 143 	184	18.00
113 	 114 	165	26.00
113 	 145 	207	13.00
114 	 115 	228	12.00
114 	 146 	229	26.00
115 	 116 	190	20.00
116 	 117 	169	15.00
117 	 118 	189	28.00
117 	 149 	164	15.00
118 	 119 	202	24.00
118 	 150 	183	25.00
119 	 120 	169	16.00
120 	 121 	212	24.00
120 	 152 	217	16.00
121 	 122 	239	25.00
121 	 153 	175	19.00
122 	 123 	196	26.00
122 	 154 	190	23.00
123 	 124 	177	17.00
123 	 155 	225	24.00
125 	 126 	186	23.00
126 	 127 	223	12.00
126 	 158 	168	14.00
127 	 159 	224	23.00
128 	 129 	169	19.00
129 	 130 	227	27.00
129 	 161 	204	28.00
130 	 131 	170	21.00
130 	 162 	228	22.00
131 	 132 	194	23.00
131 	 163 	188	17.00
132 	 133 	191	24.00
132 	 164 	193	13.00
133 	 134 	181	21.00
134 	 135 	215	15.00
135 	 136 	174	27.00
136 	 137 	179	15.00
136 	 168 	219	22.00
138 	 139 	167	17.00
139 	 140 	235	24.00
139 	 171 	222	22.00
140 	 141 	217	16.00
140 	 172 	216	22.00
141 	 142 	226	12.00
141 	 173 	175	13.00
142 	 143 	199	18.00
142 	 174 	169	21.00
143 	 144 	205	24.00
143 	 175 	161	21.00
144 	 145 	166	23.00
144 	 176 	223	17.00
145 	 146 	226	27.00
145 	 177 	226	21.00
146 	 147 	189	15.00
146 	 178 	191	14.00
147 	 148 	190	19.00
147 	 179 	174	19.00
149 	 150 	180	28.00
150 	 151 	204	24.00
151 	 152 	228	19.00
151 	 183 	167	13.00
152 	 153 	186	14.00
152 	 184 	210	14.00
153 	 154 	204	25.00
154 	 155 	175	14.00
154 	 186 	187	20.00
155 	 156 	165	17.00
156 	 157 	217	20.00
156 	 188 	179	27.00
157 	 158 	216	18.00
158 	 159 	192	20.00
159 	 191 	167	20.00
160 	 161 	191	18.00
160 	 192 	235	23.00
161 	 162 	183	13.00
162 	 163 	228	28.00
162 	 194 	224	14.00
163 	 164 	171	24.00
164 	 165 	177	23.00
165 	 166 	214	23.00
165 	 197 	212	23.00
166 	 167 	221	12.00
166 	 198 	204	12.00
167 	 168 	240	25.00
167 	 199 	233	19.00
168 	 169 	226	16.00
168 	 200 	173	13.00
169 	 170 	213	19.00
169 	 201 	170	27.00
170 	 171 	163	13.00
171 	 172 	198	16.00
171 	 203 	194	19.00
172 	 173 	184	28.00
172 	 204 	187	25.00
173 	 174 	210	17.00
173 	 205 	190	22.00
174 	 175 	189	20.00
174 	 206 	204	13.00
176 	 177 	230	18.00
177 	 178 	164	23.00
177 	 209 	193	28.00
179 	 180 	221	24.00
180 	 181 	198	25.00
180 	 212 	162	24.00
181 	 182 	204	27.00
181 	 213 	226	22.00
182 	 183 	177	20.00
182 	 214 	233	21.00
183 	 184 	223	25.00
183 	 215 	218	19.00
184 	 185 	186	19.00
184 	 216 	237	20.00
187 	 188 	202	17.00
187 	 219 	235	21.00
188 	 189 	234	14.00
189 	 190 	168	17.00
189 	 221 	179	19.00
190 	 191 	193	19.00
190 	 222 	177	26.00
191 	 223 	184	18.00
192 	 193 	164	17.00
192 	 224 	224	16.00
193 	 194 	184	26.00
193 	 225 	184	17.00
194 	 195 	226	22.00
194 	 226 	179	19.00
195 	 196 	191	23.00
196 	 197 	173	21.00
197 	 198 	237	26.00
197 	 229 	202	12.00
198 	 199 	180	16.00
199 	 200 	167	21.00
200 	 201 	195	13.00
200 	 232 	196	22.00
201 	 202 	177	18.00
202 	 203 	235	17.00
202 	 234 	210	23.00
203 	 204 	195	26.00
203 	 235 	222	23.00
204 	 205 	177	22.00
204 	 236 	211	28.00
206 	 207 	207	18.00
206 	 238 	197	26.00
207 	 208 	167	13.00
207 	 239 	219	25.00
208 	 209 	173	24.00
209 	 210 	179	23.00
209 	 241 	206	19.00
210 	 211 	226	26.00
210 	 242 	191	15.00
211 	 243 	193	26.00
213 	 214 	203	16.00
213 	 245 	168	15.00
214 	 215 	184	28.00
214 	 246 	163	17.00
215 	 216 	229	22.00
215 	 247 	209	28.00
217 	 218 	177	15.00
217 	 249 	175	14.00
218 	 219 	216	18.00
218 	 250 	168	19.00
219 	 220 	194	20.00
219 	 251 	161	27.00
220 	 221 	219	16.00
220 	 252 	170	18.00
221 	 222 	237	27.00
221 	 253 	240	13.00
222 	 223 	223	28.00
223 	 255 	195	13.00
224 	 225 	190	13.00
225 	 226 	173	25.00
226 	 227 	175	17.00
227 	 228 	165	19.00
227 	 259 	168	15.00
228 	 229 	223	24.00
228 	 260 	190	24.00
229 	 230 	182	27.00
229 	 261 	213	21.00
230 	 231 	173	18.00
231 	 232 	195	16.00
231 	 263 	205	18.00
232 	 233 	163	18.00
233 	 234 	191	19.00
234 	 235 	239	26.00
234 	 266 	235	12.00
235 	 236 	212	27.00
235 	 267 	173	15.00
237 	 238 	188	12.00
237 	 269 	174	24.00
238 	 239 	206	13.00
238 	 270 	162	26.00
239 	 240 	226	16.00
240 	 241 	230	27.00
242 	 243 	211	18.00
242 	 274 	203	16.00
243 	 244 	201	17.00
243 	 275 	238	12.00
244 	 245 	189	25.00
244 	 276 	180	22.00
245 	 246 	186	22.00
245 	 277 	160	23.00
246 	 247 	226	13.00
247 	 248 	161	19.00
247 	 279 	160	27.00
248 	 249 	168	25.00
249 	 250 	180	27.00
249 	 281 	239	21.00
250 	 251 	218	20.00
250 	 282 	166	23.00
251 	 252 	218	16.00
252 	 253 	183	14.00
253 	 254 	203	28.00
253 	 285 	168	22.00
254 	 255 	211	16.00
256 	 257 	215	24.00
256 	 288 	181	13.00
257 	 258 	160	14.00
257 	 289 	168	14.00
258 	 259 	184	17.00
259 	 260 	163	26.00
259 	 291 	219	28.00
262 	 263 	240	17.00
262 	 294 	230	17.00
263 	 264 	208	28.00
263 	 295 	188	20.00
264 	 265 	209	27.00
264 	 296 	193	22.00
266 	 267 	160	19.00
267 	 268 	216	14.00
267 	 299 	196	18.00
268 	 269 	185	24.00
268 	 300 	228	14.00
269 	 270 	187	14.00
269 	 301 	166	18.00
270 	 271 	219	13.00
271 	 272 	219	25.00
271 	 303 	222	23.00
273 	 274 	228	21.00
274 	 275 	169	24.00
274 	 306 	230	22.00
275 	 276 	171	23.00
275 	 307 	166	22.00
276 	 277 	212	12.00
276 	 308 	239	22.00
277 	 278 	183	18.00
278 	 279 	229	26.00
278 	 310 	196	15.00
279 	 280 	186	15.00
280 	 281 	166	18.00
280 	 312 	226	24.00
281 	 282 	217	19.00
283 	 284 	176	28.00
283 	 315 	222	18.00
284 	 285 	203	24.00
285 	 286 	185	20.00
285 	 317 	220	16.00
286 	 287 	189	28.00
286 	 318 	177	23.00
288 	 289 	212	27.00
288 	 320 	169	15.00
289 	 290 	240	25.00
290 	 291 	177	14.00
290 	 322 	183	22.00
292 	 293 	164	23.00
292 	 324 	160	14.00
293 	 294 	198	23.00
294 	 295 	181	21.00
294 	 326 	235	27.00
295 	 296 	229	23.00
295 	 327 	238	26.00
296 	 297 	215	25.00
296 	 328 	229	14.00
297 	 298 	200	28.00
298 	 299 	220	18.00
298 	 330 	204	13.00
299 	 300 	198	26.00
299 	 331 	217	25.00
300 	 301 	189	22.00
300 	 332 	208	20.00
301 	 302 	212	14.00
301 	 333 	182	23.00
302 	 303 	192	18.00
303 	 304 	235	14.00
303 	 335 	221	24.00
304 	 305 	212	25.00
304 	 336 	170	19.00
305 	 306 	167	25.00
305 	 337 	231	17.00
306 	 307 	189	21.00
307 	 308 	162	18.00
307 	 339 	214	26.00
308 	 309 	199	12.00
308 	 340 	186	24.00
309 	 310 	191	22.00
310 	 311 	224	28.00
310 	 342 	234	28.00
311 	 312 	173	17.00
311 	 343 	192	17.00
312 	 313 	165	24.00
313 	 314 	178	23.00
313 	 345 	207	19.00
314 	 315 	174	25.00
315 	 316 	204	22.00
317 	 318 	237	13.00
318 	 319 	226	14.00
318 	 350 	172	23.00
319 	 351 	237	18.00
320 	 321 	237	23.00
320 	 352 	227	22.00
321 	 322 	191	20.00
321 	 353 	162	22.00
322 	 323 	223	21.00
322 	 354 	206	22.00
323 	 324 	201	16.00
323 	 355 	189	28.00
324 	 325 	226	14.00
325 	 326 	197	28.00
326 	 327 	207	16.00
327 	 328 	185	21.00
327 	 359 	185	12.00
328 	 329 	215	14.00
329 	 330 	161	23.00
330 	 331 	174	18.00
330 	 362 	190	12.00
331 	 332 	189	15.00
331 	 363 	206	25.00
332 	 333 	206	13.00
333 	 334 	168	19.00
333 	 365 	228	16.00
334 	 335 	169	23.00
334 	 366 	236	25.00
335 	 336 	210	17.00
335 	 367 	227	24.00
336 	 337 	170	16.00
337 	 338 	234	19.00
337 	 369 	211	26.00
338 	 339 	194	23.00
338 	 370 	180	26.00
339 	 340 	160	25.00
340 	 341 	210	16.00
340 	 372 	210	14.00
341 	 342 	211	23.00
341 	 373 	237	25.00
342 	 343 	220	15.00
342 	 374 	234	24.00
343 	 344 	218	15.00
343 	 375 	181	28.00
344 	 345 	210	22.00
344 	 376 	232	20.00
345 	 346 	203	14.00
347 	 348 	207	25.00
347 	 379 	178	14.00
348 	 349 	234	26.00
349 	 350 	226	24.00
350 	 351 	166	20.00
351 	 383 	185	12.00
352 	 353 	213	14.00
352 	 384 	219	16.00
353 	 354 	220	25.00
353 	 385 	212	14.00
354 	 355 	228	28.00
354 	 386 	191	28.00
355 	 356 	221	18.00
355 	 387 	188	22.00
356 	 357 	201	28.00
357 	 358 	170	24.00
357 	 389 	218	25.00
359 	 360 	237	21.00
360 	 361 	239	12.00
360 	 392 	181	26.00
361 	 362 	226	20.00
361 	 393 	218	18.00
362 	 363 	169	20.00
363 	 364 	219	27.00
363 	 395 	195	12.00
364 	 365 	232	25.00
365 	 366 	162	23.00
365 	 397 	160	21.00
366 	 367 	161	20.00
366 	 398 	179	20.00
367 	 368 	221	27.00
368 	 369 	240	19.00
368 	 400 	194	13.00
369 	 370 	178	12.00
369 	 401 	209	24.00
370 	 371 	198	20.00
370 	 402 	185	28.00
371 	 372 	164	14.00
371 	 403 	169	19.00
372 	 373 	174	21.00
372 	 404 	206	13.00
373 	 374 	182	12.00
374 	 375 	216	23.00
374 	 406 	216	20.00
375 	 376 	210	17.00
375 	 407 	211	27.00
376 	 377 	200	27.00
376 	 408 	199	15.00
377 	 378 	219	24.00
377 	 409 	180	17.00
378 	 379 	240	18.00
378 	 410 	173	24.00
379 	 380 	236	26.00
379 	 411 	209	18.00
380 	 381 	179	22.00
380 	 412 	162	15.00
381 	 382 	220	15.00
381 	 413 	234	14.00
382 	 383 	189	15.00
383 	 415 	172	12.00
384 	 385 	188	14.00
384 	 416 	197	13.00
385 	 386 	170	19.00
385 	 417 	183	20.00
387 	 388 	217	28.00
387 	 419 	235	23.00
388 	 389 	178	24.00
389 	 390 	195	18.00
389 	 421 	166	14.00
390 	 391 	230	21.00
390 	 422 	209	27.00
391 	 392 	229	13.00
391 	 423 	224	27.00
392 	 393 	179	20.00
392 	 424 	208	19.00
393 	 394 	181	15.00
393 	 425 	227	19.00
394 	 395 	170	16.00
395 	 396 	187	19.00
395 	 427 	195	25.00
396 	 397 	214	15.00
396 	 428 	173	22.00
397 	 398 	186	15.00
397 	 429 	196	21.00
398 	 399 	161	27.00
398 	 430 	165	25.00
399 	 400 	229	14.00
399 	 431 	202	20.00
400 	 401 	160	12.00
400 	 432 	172	19.00
401 	 402 	207	25.00
401 	 433 	172	26.00
402 	 403 	220	27.00
402 	 434 	202	22.00
403 	 404 	222	13.00
403 	 435 	189	21.00
404 	 405 	221	17.00
404 	 436 	206	18.00
405 	 406 	161	12.00
405 	 437 	187	17.00
406 	 407 	161	12.00
407 	 408 	235	26.00
407 	 439 	163	20.00
408 	 409 	203	16.00
408 	 440 	237	17.00
409 	 410 	162	23.00
410 	 411 	201	24.00
410 	 442 	227	28.00
411 	 412 	235	15.00
411 	 443 	231	12.00
412 	 413 	221	15.00
412 	 444 	184	14.00
413 	 414 	206	21.00
413 	 445 	210	26.00
414 	 415 	169	19.00
414 	 446 	161	28.00
415 	 447 	195	13.00
416 	 417 	203	25.00
416 	 448 	168	19.00
417 	 418 	174	28.00
417 	 449 	219	17.00
418 	 419 	178	17.00
418 	 450 	193	28.00
419 	 420 	178	23.00
420 	 421 	172	18.00
420 	 452 	202	21.00
421 	 422 	165	16.00
421 	 453 	186	26.00
422 	 423 	168	19.00
422 	 454 	209	24.00
423 	 424 	208	13.00
423 	 455 	194	25.00
424 	 425 	211	26.00
424 	 456 	162	25.00
425 	 426 	233	19.00
427 	 428 	219	19.00
428 	 429 	212	12.00
429 	 430 	209	25.00
430 	 462 	222	18.00
432 	 433 	179	20.00
432 	 464 	174	21.00
433 	 434 	201	27.00
433 	 465 	221	20.00
434 	 435 	230	20.00
434 	 466 	170	19.00
435 	 436 	186	13.00
435 	 467 	168	26.00
436 	 437 	181	12.00
438 	 439 	213	27.00
438 	 470 	187	20.00
439 	 440 	205	18.00
439 	 471 	170	22.00
440 	 441 	218	13.00
440 	 472 	231	21.00
441 	 442 	161	27.00
441 	 473 	183	14.00
442 	 443 	224	20.00
442 	 474 	160	26.00
443 	 444 	179	18.00
443 	 475 	192	21.00
445 	 477 	207	28.00
447 	 479 	188	19.00
448 	 449 	191	25.00
448 	 480 	220	24.00
449 	 450 	203	13.00
449 	 481 	196	17.00
450 	 451 	208	28.00
450 	 482 	160	15.00
451 	 452 	218	13.00
451 	 483 	183	25.00
452 	 453 	165	26.00
452 	 484 	162	24.00
453 	 454 	221	22.00
454 	 455 	182	12.00
454 	 486 	165	23.00
455 	 456 	208	17.00
455 	 487 	198	19.00
456 	 457 	210	26.00
456 	 488 	164	22.00
457 	 458 	200	14.00
457 	 489 	167	14.00
458 	 459 	218	13.00
458 	 490 	163	28.00
459 	 460 	181	15.00
459 	 491 	193	28.00
460 	 461 	217	24.00
460 	 492 	192	19.00
461 	 462 	214	18.00
461 	 493 	193	21.00
462 	 463 	188	24.00
462 	 494 	184	27.00
463 	 464 	195	12.00
463 	 495 	181	25.00
464 	 465 	186	20.00
464 	 496 	206	22.00
465 	 466 	218	21.00
466 	 467 	194	24.00
466 	 498 	188	20.00
468 	 469 	210	14.00
468 	 500 	195	18.00
469 	 470 	168	24.00
470 	 471 	216	26.00
470 	 502 	207	28.00
471 	 472 	202	21.00
472 	 473 	215	15.00
474 	 475 	228	25.00
475 	 476 	190	22.00
475 	 507 	215	18.00
477 	 478 	239	23.00
477 	 509 	163	13.00
478 	 479 	205	20.00
478 	 510 	236	16.00
479 	 511 	181	17.00
480 	 481 	220	20.00
480 	 512 	206	18.00
481 	 482 	191	15.00
481 	 513 	162	17.00
482 	 483 	163	20.00
482 	 514 	219	12.00
483 	 484 	192	16.00
484 	 485 	196	23.00
485 	 486 	174	13.00
486 	 487 	161	17.00
486 	 518 	228	20.00
487 	 488 	184	26.00
488 	 489 	173	27.00
490 	 491 	234	15.00
493 	 494 	186	24.00
494 	 495 	192	14.00
494 	 526 	186	21.00
495 	 496 	192	19.00
496 	 497 	232	27.00
496 	 528 	223	19.00
499 	 500 	191	12.00
500 	 501 	237	18.00
500 	 532 	167	18.00
502 	 503 	177	26.00
502 	 534 	198	22.00
503 	 504 	196	20.00
503 	 535 	213	25.00
504 	 505 	228	22.00
504 	 536 	182	20.00
505 	 506 	186	24.00
508 	 509 	217	20.00
509 	 510 	218	22.00
509 	 541 	192	25.00
510 	 511 	213	19.00
510 	 542 	167	18.00
512 	 513 	197	27.00
512 	 544 	214	14.00
513 	 514 	184	24.00
513 	 545 	202	21.00
514 	 515 	160	18.00
514 	 546 	214	21.00
515 	 516 	212	22.00
515 	 547 	182	21.00
516 	 517 	199	26.00
516 	 548 	226	26.00
518 	 519 	190	26.00
518 	 550 	198	22.00
519 	 520 	211	28.00
521 	 522 	174	13.00
521 	 553 	205	15.00
522 	 523 	200	17.00
522 	 554 	169	19.00
523 	 524 	181	23.00
523 	 555 	214	16.00
524 	 525 	180	27.00
524 	 556 	194	27.00
525 	 526 	212	18.00
525 	 557 	160	16.00
526 	 527 	178	13.00
526 	 558 	215	23.00
527 	 528 	190	24.00
528 	 529 	212	24.00
528 	 560 	226	24.00
530 	 531 	202	28.00
530 	 562 	188	28.00
531 	 532 	235	22.00
531 	 563 	185	28.00
532 	 533 	187	24.00
532 	 564 	223	13.00
533 	 534 	225	18.00
533 	 565 	176	24.00
534 	 535 	195	19.00
534 	 566 	187	21.00
535 	 536 	239	25.00
535 	 567 	171	14.00
536 	 537 	198	23.00
537 	 538 	221	16.00
537 	 569 	197	18.00
538 	 539 	172	24.00
538 	 570 	205	15.00
540 	 541 	233	24.00
540 	 572 	218	22.00
541 	 542 	192	15.00
541 	 573 	228	28.00
542 	 543 	203	16.00
542 	 574 	176	13.00
545 	 546 	216	17.00
546 	 547 	221	12.00
546 	 578 	191	20.00
547 	 548 	168	16.00
549 	 550 	186	22.00
550 	 551 	175	20.00
550 	 582 	213	28.00
551 	 552 	207	20.00
551 	 583 	206	20.00
552 	 553 	240	25.00
552 	 584 	171	19.00
553 	 554 	201	26.00
554 	 555 	184	23.00
555 	 556 	187	19.00
556 	 557 	165	27.00
556 	 588 	221	24.00
557 	 558 	178	15.00
558 	 559 	165	17.00
558 	 590 	230	21.00
559 	 560 	167	17.00
559 	 591 	202	18.00
560 	 561 	179	13.00
565 	 566 	218	27.00
565 	 597 	168	20.00
566 	 567 	168	18.00
566 	 598 	178	22.00
567 	 568 	223	16.00
567 	 599 	173	14.00
568 	 569 	238	17.00
568 	 600 	169	24.00
569 	 570 	226	19.00
571 	 572 	162	14.00
571 	 603 	236	22.00
572 	 573 	187	19.00
572 	 604 	192	21.00
573 	 574 	181	24.00
575 	 607 	239	24.00
576 	 577 	189	28.00
576 	 608 	195	28.00
578 	 579 	167	15.00
578 	 610 	217	19.00
579 	 580 	208	18.00
579 	 611 	201	23.00
580 	 581 	171	18.00
580 	 612 	193	21.00
581 	 582 	222	24.00
581 	 613 	195	27.00
582 	 583 	238	16.00
582 	 614 	219	22.00
584 	 585 	181	15.00
585 	 586 	180	13.00
585 	 617 	167	24.00
586 	 587 	189	16.00
586 	 618 	164	24.00
587 	 588 	201	12.00
587 	 619 	193	17.00
588 	 589 	182	12.00
588 	 620 	163	24.00
589 	 590 	234	16.00
589 	 621 	240	27.00
590 	 591 	197	15.00
591 	 592 	210	18.00
591 	 623 	182	26.00
592 	 593 	224	22.00
592 	 624 	175	16.00
593 	 594 	238	20.00
593 	 625 	199	19.00
594 	 595 	228	12.00
594 	 626 	165	21.00
595 	 596 	224	23.00
595 	 627 	190	15.00
596 	 597 	198	24.00
597 	 598 	216	27.00
598 	 599 	175	14.00
598 	 630 	209	22.00
599 	 600 	201	19.00
600 	 601 	209	16.00
600 	 632 	226	23.00
601 	 602 	178	26.00
601 	 633 	210	22.00
603 	 604 	204	20.00
604 	 605 	194	19.00
604 	 636 	199	16.00
605 	 606 	235	28.00
605 	 637 	181	15.00
606 	 607 	193	23.00
606 	 638 	192	15.00
608 	 609 	210	20.00
608 	 640 	175	19.00
609 	 610 	192	13.00
610 	 611 	222	16.00
611 	 612 	200	14.00
612 	 613 	213	14.00
613 	 614 	229	18.00
614 	 615 	210	24.00
614 	 646 	180	19.00
615 	 616 	237	28.00
616 	 617 	217	24.00
616 	 648 	218	24.00
617 	 618 	162	25.00
618 	 619 	233	28.00
618 	 650 	174	15.00
619 	 620 	195	21.00
619 	 651 	234	22.00
620 	 621 	240	27.00
620 	 652 	188	25.00
621 	 622 	228	23.00
621 	 653 	198	27.00
622 	 623 	217	27.00
622 	 654 	203	20.00
623 	 624 	172	26.00
623 	 655 	235	16.00
624 	 625 	239	17.00
625 	 626 	221	25.00
625 	 657 	173	25.00
626 	 627 	217	23.00
626 	 658 	222	21.00
627 	 628 	197	19.00
627 	 659 	231	22.00
628 	 629 	191	25.00
628 	 660 	180	25.00
629 	 630 	175	13.00
630 	 631 	228	13.00
630 	 662 	234	23.00
631 	 632 	185	14.00
632 	 633 	219	14.00
633 	 634 	162	24.00
634 	 635 	188	16.00
634 	 666 	196	13.00
635 	 636 	189	18.00
636 	 637 	211	17.00
637 	 638 	236	19.00
637 	 669 	175	13.00
638 	 639 	175	12.00
640 	 641 	180	19.00
641 	 642 	217	22.00
641 	 673 	174	21.00
642 	 643 	213	27.00
643 	 644 	199	14.00
644 	 645 	209	14.00
644 	 676 	219	23.00
646 	 647 	230	24.00
646 	 678 	232	12.00
647 	 648 	206	15.00
648 	 649 	226	21.00
648 	 680 	168	28.00
649 	 650 	203	14.00
649 	 681 	194	13.00
650 	 651 	228	28.00
650 	 682 	239	19.00
651 	 652 	235	15.00
651 	 683 	236	13.00
652 	 653 	192	15.00
652 	 684 	188	25.00
653 	 654 	209	12.00
653 	 685 	195	17.00
654 	 655 	163	16.00
654 	 686 	229	16.00
655 	 656 	196	22.00
655 	 687 	237	19.00
656 	 657 	216	21.00
657 	 658 	227	17.00
657 	 689 	226	23.00
658 	 659 	178	24.00
658 	 690 	212	27.00
659 	 660 	162	23.00
659 	 691 	206	17.00
660 	 661 	183	20.00
660 	 692 	179	22.00
662 	 663 	215	15.00
662 	 694 	202	24.00
663 	 664 	201	19.00
664 	 665 	174	14.00
665 	 666 	238	23.00
666 	 667 	204	28.00
668 	 669 	173	15.00
668 	 700 	182	27.00
669 	 670 	186	18.00
669 	 701 	208	23.00
670 	 671 	182	26.00
671 	 703 	214	28.00
672 	 673 	235	22.00
672 	 704 	165	25.00
673 	 674 	171	24.00
674 	 675 	170	18.00
675 	 676 	219	17.00
676 	 677 	231	21.00
676 	 708 	221	28.00
677 	 678 	160	12.00
677 	 709 	239	14.00
678 	 679 	227	28.00
678 	 710 	184	18.00
679 	 680 	219	22.00
679 	 711 	177	17.00
681 	 682 	206	12.00
681 	 713 	214	14.00
682 	 683 	174	15.00
683 	 684 	177	22.00
683 	 715 	226	23.00
685 	 686 	173	23.00
685 	 717 	210	19.00
686 	 687 	165	25.00
686 	 718 	224	23.00
687 	 688 	234	16.00
687 	 719 	240	18.00
688 	 689 	196	16.00
688 	 720 	189	28.00
689 	 690 	233	12.00
689 	 721 	175	13.00
690 	 691 	180	20.00
691 	 692 	180	22.00
693 	 694 	207	26.00
693 	 725 	166	20.00
694 	 695 	210	13.00
694 	 726 	185	20.00
695 	 696 	218	16.00
695 	 727 	189	17.00
696 	 697 	187	12.00
697 	 698 	198	19.00
697 	 729 	237	23.00
698 	 699 	193	16.00
698 	 730 	169	20.00
701 	 702 	218	13.00
702 	 703 	177	28.00
702 	 734 	190	24.00
703 	 735 	186	17.00
704 	 705 	176	24.00
704 	 736 	172	13.00
705 	 706 	219	23.00
705 	 737 	193	21.00
706 	 707 	239	26.00
707 	 708 	177	22.00
707 	 739 	170	18.00
708 	 709 	225	28.00
708 	 740 	215	26.00
709 	 710 	187	13.00
710 	 711 	208	18.00
710 	 742 	206	17.00
711 	 712 	204	26.00
711 	 743 	163	20.00
712 	 713 	193	25.00
712 	 744 	214	16.00
713 	 714 	178	27.00
713 	 745 	224	13.00
714 	 715 	178	15.00
715 	 716 	238	26.00
716 	 717 	218	19.00
716 	 748 	200	15.00
717 	 718 	232	16.00
718 	 719 	240	13.00
718 	 750 	172	20.00
719 	 720 	196	24.00
720 	 721 	196	14.00
720 	 752 	232	22.00
721 	 722 	219	15.00
722 	 723 	191	26.00
723 	 724 	218	27.00
723 	 755 	165	22.00
724 	 725 	177	19.00
725 	 726 	191	12.00
725 	 757 	180	23.00
726 	 727 	175	16.00
726 	 758 	236	24.00
727 	 728 	169	13.00
727 	 759 	195	12.00
728 	 729 	172	23.00
728 	 760 	184	28.00
729 	 730 	180	27.00
730 	 731 	225	27.00
730 	 762 	186	16.00
731 	 732 	227	13.00
731 	 763 	183	17.00
732 	 733 	198	20.00
733 	 734 	175	17.00
733 	 765 	181	13.00
734 	 735 	233	22.00
735 	 767 	174	16.00
736 	 737 	198	23.00
736 	 768 	206	22.00
737 	 738 	184	16.00
738 	 739 	201	25.00
738 	 770 	224	21.00
740 	 741 	194	20.00
741 	 742 	221	23.00
742 	 743 	239	28.00
742 	 774 	187	19.00
743 	 744 	178	16.00
743 	 775 	185	12.00
744 	 745 	191	14.00
744 	 776 	199	18.00
745 	 746 	206	27.00
746 	 747 	163	25.00
746 	 778 	218	13.00
747 	 748 	224	21.00
747 	 779 	162	24.00
748 	 749 	218	16.00
749 	 750 	178	28.00
749 	 781 	218	24.00
750 	 751 	218	13.00
751 	 752 	205	22.00
751 	 783 	166	28.00
752 	 753 	216	23.00
752 	 784 	209	17.00
753 	 754 	223	18.00
754 	 755 	210	17.00
754 	 786 	189	25.00
755 	 756 	168	14.00
755 	 787 	237	14.00
756 	 757 	197	27.00
757 	 758 	178	23.00
757 	 789 	187	22.00
758 	 759 	232	25.00
759 	 760 	213	26.00
759 	 791 	218	17.00
760 	 761 	210	20.00
761 	 762 	196	12.00
761 	 793 	172	25.00
764 	 765 	177	20.00
764 	 796 	177	26.00
765 	 766 	219	14.00
766 	 767 	169	19.00
766 	 798 	166	15.00
767 	 799 	239	18.00
768 	 769 	186	18.00
769 	 770 	198	21.00
770 	 771 	216	15.00
771 	 772 	196	12.00
771 	 803 	208	27.00
772 	 773 	200	15.00
773 	 774 	193	14.00
773 	 805 	166	15.00
774 	 775 	210	21.00
774 	 806 	173	19.00
775 	 776 	216	28.00
775 	 807 	176	18.00
776 	 777 	217	27.00
776 	 808 	216	27.00
777 	 778 	181	21.00
777 	 809 	174	26.00
778 	 779 	160	18.00
778 	 810 	163	26.00
780 	 781 	239	12.00
781 	 782 	206	27.00
781 	 813 	163	21.00
782 	 783 	229	23.00
782 	 814 	229	12.00
783 	 784 	219	23.00
783 	 815 	205	24.00
784 	 785 	194	16.00
784 	 816 	232	19.00
785 	 786 	222	23.00
785 	 817 	220	25.00
786 	 787 	208	22.00
787 	 788 	215	20.00
788 	 789 	220	19.00
789 	 790 	177	16.00
790 	 791 	184	22.00
791 	 792 	207	21.00
792 	 793 	184	18.00
793 	 794 	229	25.00
793 	 825 	183	27.00
794 	 795 	200	17.00
794 	 826 	227	17.00
795 	 796 	201	20.00
796 	 797 	181	12.00
797 	 798 	215	24.00
797 	 829 	178	26.00
798 	 799 	206	24.00
800 	 801 	179	22.00
800 	 832 	204	14.00
801 	 802 	226	18.00
801 	 833 	184	20.00
802 	 803 	180	19.00
802 	 834 	186	18.00
803 	 804 	206	21.00
803 	 835 	239	25.00
804 	 805 	223	27.00
804 	 836 	201	20.00
805 	 806 	171	13.00
806 	 807 	231	26.00
806 	 838 	214	28.00
807 	 808 	195	18.00
808 	 809 	229	15.00
808 	 840 	231	21.00
810 	 811 	204	25.00
810 	 842 	207	15.00
811 	 812 	198	12.00
811 	 843 	172	23.00
812 	 813 	176	23.00
812 	 844 	202	14.00
813 	 814 	217	17.00
814 	 815 	205	26.00
814 	 846 	213	25.00
815 	 816 	192	22.00
816 	 817 	168	16.00
816 	 848 	168	24.00
817 	 818 	230	22.00
817 	 849 	215	23.00
818 	 819 	233	16.00
819 	 820 	164	16.00
819 	 851 	193	14.00
820 	 821 	202	23.00
820 	 852 	181	17.00
821 	 822 	174	21.00
822 	 823 	197	15.00
823 	 824 	165	28.00
823 	 855 	191	15.00
824 	 825 	172	19.00
824 	 856 	162	13.00
825 	 826 	192	22.00
825 	 857 	229	25.00
826 	 827 	237	12.00
827 	 828 	196	27.00
828 	 829 	240	23.00
828 	 860 	230	17.00
829 	 830 	216	25.00
829 	 861 	168	18.00
830 	 831 	215	14.00
830 	 862 	230	17.00
832 	 833 	197	26.00
832 	 864 	195	14.00
833 	 834 	233	20.00
833 	 865 	236	14.00
834 	 835 	182	15.00
835 	 836 	194	20.00
836 	 837 	194	21.00
836 	 868 	230	22.00
837 	 838 	225	13.00
837 	 869 	163	20.00
838 	 839 	203	13.00
838 	 870 	215	19.00
839 	 840 	184	22.00
839 	 871 	239	13.00
841 	 842 	206	19.00
842 	 843 	237	18.00
842 	 874 	184	22.00
843 	 844 	196	26.00
844 	 845 	175	13.00
845 	 877 	205	27.00
847 	 848 	168	26.00
848 	 849 	177	15.00
848 	 880 	239	18.00
849 	 850 	227	24.00
850 	 851 	215	23.00
850 	 882 	187	28.00
851 	 852 	162	17.00
852 	 853 	169	17.00
853 	 854 	171	16.00
853 	 885 	232	16.00
854 	 855 	188	22.00
854 	 886 	162	16.00
855 	 856 	193	15.00
856 	 857 	177	17.00
856 	 888 	208	21.00
857 	 858 	166	22.00
857 	 889 	192	23.00
858 	 859 	199	24.00
858 	 890 	166	13.00
859 	 860 	185	24.00
859 	 891 	231	22.00
861 	 862 	180	15.00
861 	 893 	174	26.00
862 	 863 	186	25.00
862 	 894 	180	25.00
863 	 895 	201	18.00
864 	 865 	220	20.00
865 	 866 	197	28.00
865 	 897 	170	19.00
866 	 867 	190	15.00
866 	 898 	217	12.00
867 	 868 	173	23.00
869 	 870 	221	20.00
869 	 901 	166	12.00
870 	 871 	218	14.00
871 	 872 	211	23.00
872 	 873 	205	14.00
872 	 904 	199	13.00
874 	 875 	219	26.00
874 	 906 	198	16.00
875 	 876 	205	21.00
876 	 877 	168	12.00
876 	 908 	227	24.00
877 	 878 	214	14.00
878 	 879 	200	15.00
878 	 910 	186	25.00
879 	 880 	208	13.00
879 	 911 	162	22.00
880 	 881 	206	24.00
881 	 882 	202	21.00
881 	 913 	216	17.00
882 	 883 	177	20.00
882 	 914 	202	12.00
884 	 885 	193	24.00
884 	 916 	182	22.00
885 	 886 	232	12.00
885 	 917 	167	25.00
887 	 888 	240	27.00
887 	 919 	233	26.00
888 	 889 	236	19.00
888 	 920 	160	14.00
889 	 890 	185	24.00
890 	 891 	225	14.00
890 	 922 	164	12.00
891 	 892 	217	20.00
891 	 923 	206	22.00
893 	 894 	186	19.00
893 	 925 	168	14.00
894 	 895 	195	26.00
896 	 897 	190	17.00
896 	 928 	167	28.00
897 	 898 	225	15.00
897 	 929 	203	22.00
898 	 899 	229	19.00
898 	 930 	206	21.00
899 	 900 	196	28.00
900 	 901 	221	13.00
901 	 902 	221	28.00
901 	 933 	184	16.00
903 	 904 	166	23.00
903 	 935 	224	18.00
904 	 905 	207	14.00
904 	 936 	195	26.00
905 	 906 	179	23.00
905 	 937 	215	22.00
906 	 907 	239	25.00
906 	 938 	214	28.00
907 	 908 	223	24.00
907 	 939 	229	19.00
908 	 909 	237	25.00
910 	 911 	196	17.00
911 	 912 	168	22.00
912 	 913 	193	25.00
912 	 944 	172	22.00
913 	 914 	175	14.00
913 	 945 	172	18.00
914 	 915 	237	21.00
914 	 946 	202	13.00
915 	 916 	163	21.00
917 	 918 	237	23.00
917 	 949 	171	27.00
918 	 919 	220	26.00
919 	 920 	195	27.00
919 	 951 	239	27.00
920 	 921 	205	16.00
921 	 922 	189	23.00
921 	 953 	218	22.00
922 	 923 	176	23.00
923 	 924 	230	28.00
924 	 925 	194	13.00
924 	 956 	160	17.00
925 	 926 	208	17.00
925 	 957 	166	27.00
926 	 927 	165	23.00
926 	 958 	198	25.00
928 	 929 	207	27.00
929 	 930 	225	16.00
929 	 961 	215	20.00
930 	 931 	212	24.00
930 	 962 	179	21.00
931 	 932 	197	21.00
931 	 963 	174	24.00
932 	 933 	180	27.00
932 	 964 	224	20.00
934 	 935 	185	16.00
934 	 966 	213	16.00
935 	 967 	171	18.00
937 	 938 	183	16.00
937 	 969 	186	25.00
938 	 939 	237	28.00
938 	 970 	164	26.00
939 	 940 	160	18.00
941 	 942 	183	17.00
942 	 943 	165	24.00
942 	 974 	182	14.00
943 	 944 	196	19.00
944 	 945 	173	14.00
944 	 976 	172	13.00
945 	 946 	161	17.00
946 	 947 	213	28.00
947 	 948 	205	16.00
948 	 949 	187	26.00
948 	 980 	233	22.00
949 	 950 	203	23.00
949 	 981 	174	14.00
950 	 951 	201	14.00
952 	 953 	170	23.00
952 	 984 	182	17.00
953 	 954 	227	13.00
953 	 985 	185	12.00
954 	 955 	166	24.00
954 	 986 	210	17.00
955 	 956 	216	28.00
956 	 957 	202	25.00
956 	 988 	185	19.00
957 	 958 	212	16.00
957 	 989 	201	18.00
958 	 959 	180	13.00
958 	 990 	185	15.00
959 	 991 	221	21.00
960 	 961 	197	27.00
962 	 963 	231	23.00
962 	 994 	161	26.00
963 	 964 	197	24.00
963 	 995 	208	15.00
964 	 965 	220	16.00
965 	 966 	239	25.00
965 	 997 	216	27.00
966 	 967 	218	14.00
967 	 968 	185	21.00
967 	 999 	234	23.00
968 	 969 	182	20.00
968 	 1000 	217	22.00
969 	 970 	192	12.00
969 	 1001 	228	14.00
970 	 971 	224	14.00
971 	 972 	222	21.00
972 	 973 	206	12.00
972 	 1004 	172	16.00
973 	 974 	180	14.00
974 	 975 	171	24.00
974 	 1006 	173	28.00
975 	 976 	162	25.00
975 	 1007 	193	23.00
977 	 978 	208	17.00
977 	 1009 	233	24.00
978 	 979 	163	18.00
978 	 1010 	234	16.00
979 	 980 	166	23.00
981 	 982 	199	17.00
981 	 1013 	201	28.00
982 	 983 	238	14.00
982 	 1014 	194	17.00
983 	 984 	185	13.00
983 	 1015 	165	20.00
984 	 985 	187	13.00
985 	 986 	200	24.00
985 	 1017 	223	22.00
986 	 987 	232	19.00
987 	 988 	164	22.00
988 	 989 	220	26.00
988 	 1020 	191	27.00
989 	 990 	215	26.00
989 	 1021 	201	27.00
990 	 991 	214	20.00
990 	 1022 	209	13.00
991 	 1023 	161	16.00
992 	 993 	221	22.00
993 	 994 	211	17.00
995 	 996 	236	17.00
997 	 998 	200	26.00
999 	 1000 	180	20.00
1002 	 1003 	195	21.00
1003 	 1004 	178	16.00
1005 	 1006 	190	12.00
1006 	 1007 	176	22.00
1007 	 1008 	204	23.00
1008 	 1009 	169	17.00
1009 	 1010 	185	18.00
1010 	 1011 	214	23.00
1011 	 1012 	230	13.00
1013 	 1014 	171	24.00
1014 	 1015 	206	13.00
1015 	 1016 	223	19.00
1017 	 1018 	209	23.00
1018 	 1019 	189	17.00
1019 	 1020 	161	22.00
1020 	 1021 	187	26.00
1021 	 1022 	203	20.00
1022 	 1023 	169	12.00
