512 	 732 	 10 	 0.30 
 
33	-26	0
99	26	0
210	-7	0
347	-38	0
415	13	0
527	-17	0
571	22	0
680	-4	7
843	16	7
863	-2	7
956	18	7
1081	8	7
1194	31	7
1307	-44	7
1407	14	7
1493	22	7
1603	-11	7
1700	13	6
1783	-2	6
1923	0	6
2016	-5	6
2114	2	6
2222	-1	6
2295	38	6
2392	0	6
2457	42	3
2596	3	3
2687	6	3
2770	-11	3
2936	-2	3
3030	-38	3
3097	7	3
-5	91	0
130	83	0
200	97	0
309	139	0
362	109	0
500	134	0
574	104	0
666	87	0
779	131	7
891	114	7
973	104	7
1110	124	7
1190	116	7
1291	79	7
1402	111	7
1487	66	7
1609	78	6
1711	86	6
1779	135	6
1925	58	6
1973	97	6
2085	136	6
2175	104	6
2321	102	3
2421	89	3
2460	120	3
2587	107	3
2741	87	3
2802	117	3
2873	141	3
3006	85	3
3067	122	3
1	206	0
106	179	0
230	180	0
321	187	0
447	190	0
479	203	0
603	197	0
696	163	0
761	200	0
906	201	7
990	221	7
1077	173	7
1210	221	7
1295	223	7
1385	175	7
1522	236	6
1624	173	6
1695	163	6
1811	215	6
1899	200	6
2019	206	6
2101	175	6
2192	235	6
2299	200	3
2420	220	3
2534	199	3
2645	228	3
2676	191	3
2808	217	3
2939	190	3
2999	192	3
3061	187	3
0	276	0
59	316	0
231	300	0
320	330	0
367	293	0
505	300	0
567	312	0
700	281	0
799	302	0
920	329	7
1003	289	7
1090	296	7
1197	260	7
1284	308	7
1432	327	6
1497	266	6
1603	265	6
1714	273	6
1776	299	6
1877	317	6
1977	279	6
2095	300	6
2229	284	3
2306	317	3
2363	266	3
2542	286	3
2618	312	3
2723	292	3
2811	279	3
2894	327	3
3037	339	3
3129	276	3
-10	383	0
117	398	0
204	381	0
314	401	0
360	408	0
487	420	0
601	405	0
700	369	0
795	410	0
924	412	7
990	434	7
1103	413	7
1199	404	7
1291	429	5
1394	401	8
1513	374	6
1593	421	6
1694	380	6
1802	438	6
1906	377	6
1997	402	6
2083	386	6
2174	428	6
2298	405	3
2408	385	3
2488	428	3
2606	397	3
2728	398	3
2781	447	3
2908	364	3
2965	425	3
3097	384	3
-5	509	0
89	470	0
247	536	0
275	464	0
402	501	0
506	480	0
598	529	0
713	510	0
799	528	7
926	521	7
984	469	7
1070	491	7
1203	499	5
1290	506	5
1378	463	6
1534	507	6
1604	530	6
1720	464	6
1759	513	6
1911	504	6
1963	509	6
2067	491	6
2223	499	6
2276	528	3
2378	493	3
2522	468	3
2594	543	3
2724	467	3
2829	493	3
2894	503	3
2991	505	3
3094	536	3
20	597	0
72	624	0
183	603	0
283	594	0
407	589	0
476	627	0
602	638	0
729	561	0
785	594	7
860	612	5
997	645	5
1070	618	5
1228	614	5
1284	601	5
1370	614	5
1505	583	5
1579	563	6
1679	563	6
1770	571	6
1926	578	6
1966	595	6
2114	622	6
2200	585	6
2294	627	6
2421	579	3
2528	564	3
2615	599	3
2708	562	3
2797	629	3
2887	580	3
3033	583	3
3132	641	3
23	688	0
126	718	0
189	704	0
308	704	0
395	684	0
490	707	0
597	703	7
692	722	7
775	678	7
899	697	5
1016	705	5
1100	699	5
1174	693	5
1272	701	5
1433	691	5
1499	687	5
1591	732	5
1720	741	5
1808	709	4
1913	708	4
1993	701	6
2074	728	4
2157	688	6
2269	729	6
2418	727	6
2516	690	3
2567	700	2
2728	713	2
2768	731	3
2894	695	3
3011	712	3
3097	706	3
-44	800	0
88	828	1
200	804	0
292	809	0
409	824	0
482	804	1
607	816	1
698	801	7
782	811	5
881	810	5
1032	758	5
1099	772	5
1179	810	5
1312	808	5
1404	821	5
1522	782	4
1620	829	4
1721	797	4
1800	806	4
1905	812	4
1963	834	4
2092	772	4
2222	777	6
2290	777	6
2437	796	6
2460	810	2
2626	838	2
2673	813	2
2837	807	3
2896	780	3
3017	834	2
3114	810	3
22	943	1
123	897	1
211	883	1
310	894	1
403	902	1
517	918	1
595	862	1
700	888	1
822	911	1
929	901	5
960	889	5
1095	904	5
1201	914	5
1283	880	5
1418	934	5
1510	910	4
1590	913	4
1691	876	4
1827	906	4
1899	902	4
2026	934	4
2074	898	4
2161	883	4
2295	878	6
2378	903	6
2517	885	2
2631	876	2
2698	896	2
2791	888	2
2875	896	2
3009	873	2
3092	940	2
11	996	1
149	989	1
180	1027	1
323	1027	1
407	992	1
521	1028	1
580	973	1
727	963	1
796	976	1
922	1037	5
991	981	5
1139	989	5
1203	1016	5
1328	992	5
1435	1017	4
1505	1023	4
1565	977	4
1695	1002	4
1792	994	4
1904	991	4
1991	1007	4
2132	1014	4
2209	1022	4
2272	1048	2
2367	970	2
2478	985	2
2624	1011	2
2714	969	2
2802	1030	2
2896	992	2
2991	994	2
3114	979	2
28	1107	1
108	1102	1
226	1093	1
289	1096	1
419	1106	1
505	1104	1
605	1097	1
710	1098	1
798	1061	1
945	1122	5
1012	1148	5
1075	1097	5
1209	1108	5
1251	1070	5
1385	1104	5
1497	1131	4
1614	1109	4
1696	1079	4
1762	1129	4
1896	1124	4
1965	1106	4
2126	1072	4
2167	1098	4
2293	1080	2
2395	1104	2
2533	1098	2
2611	1104	2
2683	1095	2
2793	1097	2
2865	1086	2
2998	1090	2
3115	1090	2
-11	1210	1
118	1221	1
235	1221	1
285	1173	1
364	1221	1
502	1166	1
610	1181	1
705	1175	1
775	1214	1
899	1222	1
1012	1193	5
1095	1203	5
1194	1192	5
1298	1189	5
1411	1185	4
1493	1190	4
1598	1226	9
1736	1195	4
1829	1241	4
1875	1210	4
1995	1200	4
2144	1222	4
2220	1188	4
2287	1207	2
2416	1196	2
2533	1180	2
2613	1175	2
2730	1187	2
2786	1213	2
2869	1184	2
3004	1192	2
3097	1223	2
-31	1318	1
147	1276	1
192	1314	1
304	1267	1
354	1308	1
510	1322	1
584	1275	1
692	1275	1
782	1258	1
921	1342	5
1006	1323	5
1089	1308	5
1204	1298	5
1307	1295	5
1403	1324	4
1494	1317	4
1603	1312	4
1735	1275	4
1808	1338	4
1886	1285	4
2016	1271	4
2120	1302	4
2211	1311	4
2302	1284	2
2402	1295	2
2494	1298	2
2563	1305	2
2725	1313	2
2782	1339	2
2910	1272	2
3012	1268	2
3082	1325	2
21	1423	1
108	1406	1
174	1392	1
290	1415	1
432	1402	1
500	1416	1
584	1371	1
696	1391	1
795	1412	1
893	1387	1
991	1376	5
1081	1368	5
1208	1410	5
1308	1440	5
1399	1408	5
1474	1408	5
1611	1370	4
1701	1369	4
1831	1388	4
1876	1411	4
2014	1375	4
2113	1371	4
2200	1392	4
2297	1363	2
2407	1416	2
2504	1437	2
2622	1402	2
2716	1387	2
2813	1382	2
2868	1393	2
2971	1405	2
3087	1415	2
28	1486	1
70	1509	1
190	1515	1
333	1518	1
394	1521	1
478	1523	1
599	1478	1
720	1480	1
793	1480	1
913	1493	5
990	1503	5
1062	1501	5
1214	1523	5
1256	1520	5
1394	1469	5
1456	1502	5
1591	1486	4
1681	1462	4
1809	1485	4
1874	1476	4
2008	1530	4
2096	1507	4
2174	1482	2
2317	1483	2
2422	1496	2
2465	1508	2
2564	1508	2
2696	1514	2
2806	1461	2
2898	1516	2
3001	1495	2
3080	1521	2

0 	 1 	196	17.00
0 	 32 	230	23.00
1 	 2 	191	17.00
1 	 33 	174	23.00
2 	 3 	234	23.00
2 	 34 	220	17.00
3 	 4 	166	22.00
3 	 35 	183	19.00
4 	 5 	163	22.00
4 	 36 	171	16.00
6 	 7 	239	21.00
6 	 38 	176	21.00
7 	 8 	198	20.00
7 	 39 	233	21.00
8 	 9 	168	24.00
8 	 40 	172	21.00
9 	 10 	205	18.00
9 	 41 	223	24.00
10 	 11 	231	16.00
10 	 42 	191	17.00
11 	 12 	239	16.00
12 	 13 	201	21.00
12 	 44 	186	19.00
13 	 14 	172	23.00
14 	 15 	236	19.00
15 	 16 	229	18.00
16 	 17 	230	23.00
16 	 48 	238	20.00
18 	 19 	216	18.00
18 	 50 	171	17.00
19 	 20 	173	17.00
19 	 51 	200	22.00
20 	 21 	171	18.00
20 	 52 	240	24.00
21 	 22 	208	22.00
21 	 53 	205	21.00
22 	 23 	229	23.00
22 	 54 	177	17.00
23 	 24 	209	23.00
23 	 55 	160	17.00
24 	 25 	172	17.00
24 	 56 	238	23.00
25 	 26 	212	21.00
25 	 57 	184	22.00
27 	 28 	200	18.00
28 	 29 	212	19.00
28 	 60 	168	24.00
29 	 30 	199	22.00
29 	 61 	172	23.00
30 	 31 	175	16.00
30 	 62 	175	23.00
32 	 33 	184	23.00
32 	 64 	193	22.00
33 	 34 	232	23.00
34 	 35 	179	22.00
35 	 36 	200	16.00
35 	 67 	210	22.00
36 	 37 	208	19.00
37 	 38 	176	24.00
37 	 69 	203	19.00
38 	 39 	189	19.00
38 	 70 	160	16.00
39 	 40 	174	17.00
39 	 71 	170	19.00
40 	 41 	231	16.00
40 	 72 	209	18.00
41 	 42 	216	18.00
42 	 43 	221	20.00
43 	 44 	202	22.00
44 	 45 	187	24.00
44 	 76 	213	17.00
45 	 46 	167	23.00
45 	 77 	169	23.00
46 	 47 	231	21.00
46 	 78 	223	19.00
47 	 48 	222	22.00
47 	 79 	176	16.00
48 	 49 	207	19.00
48 	 80 	221	24.00
49 	 50 	236	17.00
52 	 53 	198	18.00
53 	 54 	169	16.00
53 	 85 	194	22.00
54 	 55 	209	17.00
54 	 86 	171	20.00
55 	 56 	219	20.00
55 	 87 	230	23.00
56 	 57 	198	24.00
57 	 58 	230	20.00
57 	 89 	170	20.00
58 	 59 	234	21.00
60 	 61 	187	23.00
60 	 92 	225	18.00
61 	 62 	226	19.00
63 	 95 	190	17.00
64 	 65 	172	21.00
64 	 96 	210	16.00
66 	 67 	238	21.00
66 	 98 	183	23.00
67 	 68 	203	19.00
67 	 99 	191	19.00
68 	 69 	189	16.00
68 	 100 	217	21.00
69 	 70 	165	21.00
69 	 101 	230	16.00
70 	 71 	229	19.00
70 	 102 	173	24.00
72 	 73 	196	17.00
73 	 74 	169	24.00
73 	 105 	169	20.00
74 	 75 	167	19.00
75 	 76 	182	24.00
75 	 107 	191	23.00
76 	 77 	220	21.00
76 	 108 	170	24.00
77 	 78 	215	19.00
78 	 79 	177	24.00
79 	 80 	223	22.00
79 	 111 	162	23.00
80 	 81 	187	23.00
80 	 112 	216	16.00
81 	 82 	201	18.00
82 	 83 	183	23.00
82 	 114 	177	19.00
83 	 84 	190	20.00
83 	 115 	190	23.00
85 	 86 	196	19.00
86 	 87 	176	22.00
86 	 118 	170	21.00
87 	 88 	217	16.00
87 	 119 	238	16.00
89 	 90 	194	17.00
89 	 121 	188	18.00
90 	 91 	224	23.00
91 	 92 	230	23.00
91 	 123 	209	17.00
93 	 94 	213	20.00
93 	 125 	218	19.00
94 	 95 	190	22.00
96 	 97 	160	24.00
96 	 128 	225	17.00
97 	 98 	186	17.00
98 	 99 	235	21.00
98 	 130 	237	21.00
99 	 100 	189	20.00
100 	 101 	172	16.00
101 	 102 	232	24.00
101 	 133 	213	21.00
102 	 103 	163	24.00
102 	 134 	202	20.00
103 	 104 	195	17.00
103 	 135 	183	17.00
104 	 105 	178	18.00
104 	 136 	234	24.00
105 	 106 	181	20.00
106 	 107 	226	20.00
106 	 138 	233	18.00
107 	 108 	217	16.00
107 	 139 	172	20.00
108 	 109 	175	20.00
109 	 110 	207	21.00
109 	 141 	184	18.00
110 	 111 	210	22.00
110 	 142 	214	22.00
111 	 112 	160	21.00
111 	 143 	184	24.00
113 	 114 	229	21.00
113 	 145 	184	23.00
114 	 115 	176	22.00
114 	 146 	175	21.00
115 	 116 	232	18.00
116 	 117 	236	20.00
117 	 118 	185	18.00
117 	 149 	192	19.00
118 	 119 	200	19.00
118 	 150 	173	18.00
119 	 120 	218	20.00
120 	 121 	174	18.00
120 	 152 	188	23.00
121 	 122 	185	16.00
122 	 123 	194	18.00
122 	 154 	194	24.00
123 	 124 	206	23.00
124 	 125 	190	21.00
125 	 126 	240	24.00
126 	 127 	224	24.00
127 	 159 	203	19.00
128 	 129 	171	23.00
128 	 160 	225	17.00
129 	 130 	187	24.00
129 	 161 	183	17.00
130 	 131 	189	22.00
130 	 162 	237	18.00
131 	 132 	208	17.00
131 	 163 	210	19.00
132 	 133 	165	21.00
132 	 164 	203	22.00
133 	 134 	203	20.00
133 	 165 	161	21.00
134 	 135 	212	24.00
135 	 136 	220	19.00
136 	 137 	232	23.00
136 	 168 	223	20.00
137 	 138 	215	18.00
138 	 139 	212	17.00
138 	 170 	187	21.00
139 	 140 	231	24.00
139 	 171 	189	16.00
140 	 141 	161	16.00
140 	 172 	212	18.00
141 	 142 	196	17.00
141 	 173 	207	16.00
142 	 143 	208	22.00
142 	 174 	231	23.00
143 	 144 	186	20.00
143 	 175 	239	24.00
144 	 145 	223	22.00
144 	 176 	192	24.00
145 	 146 	170	19.00
145 	 177 	236	16.00
146 	 147 	184	17.00
146 	 178 	193	24.00
147 	 148 	191	20.00
147 	 179 	205	21.00
148 	 149 	220	21.00
149 	 150 	185	20.00
150 	 151 	169	18.00
150 	 182 	215	16.00
151 	 152 	173	20.00
152 	 153 	209	20.00
153 	 154 	219	22.00
154 	 155 	162	21.00
154 	 186 	161	17.00
155 	 156 	184	17.00
156 	 157 	195	19.00
156 	 188 	174	17.00
157 	 158 	174	19.00
157 	 189 	187	23.00
159 	 191 	191	22.00
160 	 161 	163	19.00
160 	 192 	168	24.00
162 	 163 	227	17.00
163 	 164 	217	21.00
164 	 165 	207	22.00
165 	 166 	218	17.00
165 	 197 	201	20.00
166 	 167 	237	20.00
166 	 198 	222	21.00
167 	 168 	197	23.00
167 	 199 	236	18.00
169 	 170 	210	21.00
169 	 201 	215	18.00
171 	 172 	173	16.00
171 	 203 	222	18.00
172 	 173 	227	21.00
173 	 174 	194	16.00
173 	 205 	239	18.00
174 	 175 	198	18.00
174 	 206 	183	18.00
176 	 177 	224	17.00
177 	 178 	160	18.00
177 	 209 	229	18.00
178 	 179 	184	21.00
180 	 181 	226	23.00
181 	 182 	180	18.00
181 	 213 	202	21.00
182 	 183 	213	18.00
182 	 214 	223	16.00
183 	 184 	235	16.00
183 	 215 	194	16.00
184 	 185 	167	16.00
184 	 216 	185	22.00
185 	 186 	240	24.00
185 	 217 	230	21.00
187 	 188 	171	24.00
188 	 189 	172	17.00
188 	 220 	198	20.00
189 	 190 	213	21.00
190 	 191 	200	17.00
190 	 222 	179	21.00
191 	 223 	220	16.00
192 	 193 	205	20.00
192 	 224 	160	17.00
193 	 194 	188	18.00
193 	 225 	180	21.00
194 	 195 	164	23.00
195 	 196 	214	20.00
195 	 227 	220	24.00
196 	 197 	199	22.00
196 	 228 	237	19.00
197 	 198 	186	19.00
198 	 199 	188	18.00
199 	 200 	212	24.00
199 	 231 	174	19.00
200 	 201 	222	21.00
200 	 232 	203	21.00
201 	 202 	165	18.00
202 	 203 	199	23.00
203 	 204 	239	23.00
204 	 205 	187	24.00
204 	 236 	176	18.00
206 	 207 	190	24.00
206 	 238 	168	17.00
207 	 208 	204	23.00
207 	 239 	217	16.00
208 	 209 	188	20.00
208 	 240 	170	23.00
209 	 210 	224	21.00
209 	 241 	182	24.00
210 	 211 	202	21.00
210 	 242 	223	16.00
211 	 212 	167	21.00
211 	 243 	191	24.00
212 	 213 	189	17.00
213 	 214 	177	22.00
213 	 245 	190	24.00
214 	 215 	229	22.00
214 	 246 	198	20.00
215 	 216 	204	16.00
215 	 247 	165	22.00
216 	 217 	224	17.00
216 	 248 	203	20.00
217 	 218 	194	21.00
217 	 249 	202	21.00
218 	 219 	188	20.00
218 	 250 	205	20.00
219 	 220 	224	23.00
219 	 251 	181	24.00
220 	 221 	239	23.00
221 	 222 	203	19.00
221 	 253 	214	21.00
222 	 223 	204	22.00
222 	 254 	224	21.00
223 	 255 	170	19.00
224 	 225 	168	17.00
226 	 227 	191	19.00
227 	 228 	215	16.00
228 	 229 	204	20.00
228 	 260 	188	21.00
229 	 230 	222	22.00
230 	 231 	195	19.00
230 	 262 	206	17.00
231 	 232 	209	17.00
231 	 263 	196	23.00
232 	 233 	184	22.00
232 	 264 	205	22.00
234 	 235 	220	18.00
234 	 266 	209	22.00
235 	 236 	232	21.00
235 	 267 	182	23.00
237 	 238 	201	20.00
237 	 269 	225	20.00
238 	 239 	166	21.00
238 	 270 	169	18.00
239 	 240 	226	24.00
239 	 271 	160	22.00
240 	 241 	178	24.00
241 	 242 	202	20.00
242 	 243 	164	21.00
242 	 274 	173	18.00
243 	 244 	182	19.00
243 	 275 	177	17.00
244 	 245 	166	16.00
244 	 276 	177	22.00
245 	 246 	225	16.00
245 	 277 	166	17.00
246 	 247 	173	22.00
246 	 278 	225	21.00
247 	 248 	181	20.00
247 	 279 	201	18.00
249 	 250 	198	22.00
249 	 281 	185	20.00
252 	 253 	229	19.00
252 	 284 	193	16.00
253 	 254 	237	21.00
254 	 255 	228	16.00
256 	 257 	205	16.00
257 	 258 	168	17.00
258 	 259 	201	18.00
259 	 260 	208	19.00
259 	 291 	212	24.00
260 	 261 	234	21.00
262 	 263 	211	24.00
262 	 294 	195	23.00
263 	 264 	212	21.00
263 	 295 	203	24.00
264 	 265 	225	20.00
264 	 296 	189	24.00
265 	 266 	172	23.00
266 	 267 	168	16.00
266 	 298 	194	17.00
267 	 268 	173	24.00
268 	 269 	239	17.00
268 	 300 	197	22.00
269 	 270 	175	21.00
269 	 301 	235	23.00
270 	 271 	225	17.00
270 	 302 	232	23.00
271 	 272 	225	16.00
271 	 303 	200	21.00
272 	 273 	190	16.00
273 	 274 	162	16.00
273 	 305 	169	20.00
274 	 275 	167	20.00
274 	 306 	238	16.00
275 	 276 	189	18.00
276 	 277 	216	23.00
278 	 279 	165	23.00
278 	 310 	227	21.00
279 	 280 	237	17.00
280 	 281 	236	22.00
281 	 282 	191	23.00
282 	 283 	239	17.00
283 	 284 	195	22.00
285 	 286 	216	24.00
285 	 317 	212	17.00
286 	 287 	234	16.00
287 	 319 	163	19.00
288 	 289 	188	20.00
288 	 320 	219	21.00
289 	 290 	161	21.00
290 	 291 	195	21.00
290 	 322 	179	20.00
292 	 293 	209	23.00
292 	 324 	192	19.00
293 	 294 	174	21.00
294 	 295 	213	20.00
294 	 326 	187	21.00
295 	 296 	214	24.00
295 	 327 	218	22.00
296 	 297 	215	17.00
296 	 328 	195	18.00
298 	 299 	207	18.00
298 	 330 	235	21.00
299 	 300 	188	18.00
299 	 331 	167	19.00
300 	 301 	175	21.00
300 	 332 	225	23.00
301 	 302 	173	16.00
301 	 333 	205	20.00
302 	 303 	200	21.00
303 	 304 	240	17.00
303 	 335 	235	17.00
304 	 305 	235	24.00
304 	 336 	220	21.00
305 	 306 	194	21.00
305 	 337 	236	21.00
307 	 308 	185	17.00
307 	 339 	165	18.00
308 	 309 	205	18.00
308 	 340 	217	21.00
309 	 310 	183	19.00
309 	 341 	212	16.00
310 	 311 	181	17.00
311 	 312 	204	17.00
311 	 343 	224	18.00
312 	 313 	200	16.00
313 	 314 	212	24.00
313 	 345 	178	17.00
314 	 315 	180	21.00
315 	 316 	183	22.00
317 	 318 	186	22.00
318 	 319 	183	20.00
318 	 350 	163	17.00
319 	 351 	215	17.00
320 	 321 	228	16.00
320 	 352 	219	24.00
321 	 322 	181	18.00
321 	 353 	202	21.00
322 	 323 	166	22.00
322 	 354 	212	17.00
323 	 324 	198	18.00
324 	 325 	224	22.00
324 	 356 	235	23.00
325 	 326 	200	19.00
325 	 357 	164	22.00
326 	 327 	206	24.00
327 	 328 	225	19.00
327 	 359 	231	23.00
328 	 329 	181	19.00
329 	 330 	237	16.00
330 	 331 	224	21.00
330 	 362 	194	17.00
331 	 332 	227	19.00
332 	 333 	203	24.00
332 	 364 	195	24.00
333 	 334 	235	17.00
333 	 365 	200	24.00
335 	 336 	196	21.00
336 	 337 	165	21.00
337 	 338 	227	16.00
337 	 369 	201	22.00
338 	 339 	220	19.00
338 	 370 	184	24.00
339 	 340 	239	18.00
339 	 371 	183	20.00
340 	 341 	192	20.00
341 	 342 	195	22.00
341 	 373 	221	24.00
342 	 343 	184	23.00
342 	 374 	221	21.00
343 	 344 	207	16.00
343 	 375 	209	17.00
344 	 345 	196	24.00
344 	 376 	174	20.00
345 	 346 	214	22.00
345 	 377 	234	22.00
347 	 348 	162	21.00
347 	 379 	174	24.00
349 	 350 	166	16.00
350 	 351 	218	21.00
351 	 383 	231	21.00
352 	 353 	227	19.00
352 	 384 	195	16.00
353 	 354 	178	22.00
353 	 385 	185	17.00
354 	 355 	199	17.00
354 	 386 	192	17.00
355 	 356 	180	16.00
357 	 358 	198	23.00
357 	 389 	191	22.00
358 	 359 	204	16.00
360 	 361 	217	24.00
360 	 392 	231	20.00
361 	 362 	200	19.00
361 	 393 	205	18.00
362 	 363 	193	21.00
362 	 394 	190	23.00
363 	 364 	211	24.00
364 	 365 	219	24.00
364 	 396 	195	19.00
365 	 366 	227	21.00
365 	 397 	239	16.00
366 	 367 	237	24.00
366 	 398 	210	16.00
367 	 368 	212	17.00
368 	 369 	234	24.00
369 	 370 	168	19.00
369 	 401 	225	17.00
370 	 371 	168	20.00
370 	 402 	182	24.00
372 	 373 	212	16.00
372 	 404 	228	21.00
373 	 374 	238	18.00
374 	 375 	211	20.00
375 	 376 	234	16.00
375 	 407 	198	24.00
376 	 377 	178	19.00
376 	 408 	230	24.00
377 	 378 	215	24.00
378 	 379 	164	19.00
378 	 410 	190	21.00
379 	 380 	174	17.00
379 	 411 	184	21.00
380 	 381 	233	17.00
381 	 382 	174	17.00
381 	 413 	203	16.00
382 	 383 	191	18.00
382 	 414 	240	17.00
384 	 385 	186	16.00
384 	 416 	206	24.00
385 	 386 	186	16.00
385 	 417 	172	24.00
387 	 388 	185	19.00
387 	 419 	236	21.00
388 	 389 	201	17.00
388 	 420 	164	16.00
389 	 390 	238	18.00
389 	 421 	206	24.00
390 	 391 	215	22.00
390 	 422 	171	16.00
391 	 392 	226	22.00
391 	 423 	174	20.00
392 	 393 	173	16.00
392 	 424 	160	19.00
393 	 394 	200	23.00
393 	 425 	189	20.00
394 	 395 	237	22.00
394 	 426 	239	22.00
395 	 396 	234	23.00
395 	 427 	184	17.00
396 	 397 	167	17.00
396 	 428 	214	16.00
397 	 398 	233	23.00
398 	 399 	214	24.00
398 	 430 	166	24.00
399 	 400 	236	20.00
400 	 401 	217	21.00
400 	 432 	178	24.00
401 	 402 	238	22.00
401 	 433 	164	18.00
402 	 403 	184	17.00
402 	 434 	172	18.00
403 	 404 	223	21.00
403 	 435 	196	20.00
404 	 405 	184	20.00
405 	 406 	197	20.00
405 	 437 	165	23.00
406 	 407 	207	22.00
407 	 408 	229	24.00
407 	 439 	190	17.00
408 	 409 	211	21.00
408 	 440 	169	22.00
409 	 410 	167	17.00
409 	 441 	189	16.00
410 	 411 	164	24.00
411 	 412 	183	21.00
412 	 413 	192	24.00
412 	 444 	212	18.00
413 	 414 	217	24.00
413 	 445 	239	20.00
414 	 415 	175	17.00
414 	 446 	196	17.00
416 	 417 	177	22.00
416 	 448 	225	16.00
417 	 418 	167	22.00
417 	 449 	205	18.00
418 	 419 	186	20.00
418 	 450 	217	16.00
419 	 420 	223	20.00
419 	 451 	168	16.00
420 	 421 	224	19.00
420 	 452 	169	22.00
421 	 422 	238	16.00
421 	 453 	227	20.00
422 	 423 	204	24.00
422 	 454 	170	19.00
423 	 424 	228	24.00
423 	 455 	194	18.00
424 	 425 	188	22.00
424 	 456 	191	16.00
425 	 426 	193	20.00
425 	 457 	181	20.00
426 	 427 	187	16.00
428 	 429 	160	18.00
429 	 430 	219	18.00
429 	 461 	197	23.00
430 	 431 	162	24.00
430 	 462 	167	22.00
431 	 432 	179	19.00
432 	 433 	222	18.00
432 	 464 	217	22.00
433 	 434 	216	16.00
434 	 435 	175	17.00
434 	 466 	199	19.00
435 	 436 	169	17.00
435 	 467 	205	22.00
436 	 437 	161	20.00
436 	 468 	166	19.00
438 	 439 	226	20.00
438 	 470 	189	23.00
439 	 440 	191	20.00
440 	 441 	174	18.00
440 	 472 	162	22.00
441 	 442 	236	24.00
441 	 473 	180	21.00
442 	 443 	168	17.00
442 	 474 	204	22.00
443 	 444 	224	22.00
444 	 445 	167	17.00
445 	 446 	210	24.00
445 	 477 	204	19.00
447 	 479 	187	16.00
448 	 449 	165	21.00
448 	 480 	184	21.00
449 	 450 	217	19.00
449 	 481 	179	21.00
450 	 451 	216	17.00
450 	 482 	171	20.00
451 	 452 	192	19.00
451 	 483 	208	17.00
452 	 453 	167	18.00
452 	 484 	191	16.00
453 	 454 	235	17.00
454 	 455 	236	23.00
455 	 456 	224	24.00
455 	 487 	171	23.00
456 	 457 	171	17.00
456 	 488 	177	17.00
457 	 458 	202	22.00
457 	 489 	214	19.00
458 	 459 	212	17.00
458 	 490 	221	16.00
459 	 460 	204	19.00
459 	 491 	240	16.00
460 	 461 	233	20.00
460 	 492 	226	23.00
461 	 462 	173	22.00
462 	 463 	170	21.00
462 	 494 	163	21.00
463 	 464 	237	21.00
463 	 495 	198	20.00
464 	 465 	194	24.00
465 	 466 	187	19.00
466 	 467 	190	21.00
466 	 498 	189	16.00
467 	 468 	204	22.00
468 	 469 	234	23.00
469 	 470 	233	17.00
469 	 501 	164	23.00
470 	 471 	193	20.00
470 	 502 	196	18.00
471 	 472 	240	22.00
471 	 503 	221	20.00
472 	 473 	205	21.00
473 	 474 	162	21.00
473 	 505 	204	20.00
474 	 475 	226	16.00
474 	 506 	177	18.00
475 	 476 	233	21.00
477 	 478 	237	17.00
477 	 509 	204	24.00
478 	 479 	161	16.00
478 	 510 	165	19.00
479 	 511 	219	21.00
480 	 481 	202	18.00
481 	 482 	235	18.00
482 	 483 	234	24.00
484 	 485 	168	16.00
485 	 486 	179	23.00
493 	 494 	226	18.00
494 	 495 	179	20.00
496 	 497 	235	18.00
497 	 498 	173	23.00
499 	 500 	237	22.00
500 	 501 	202	23.00
502 	 503 	163	19.00
503 	 504 	167	23.00
506 	 507 	196	17.00
507 	 508 	177	18.00
509 	 510 	235	23.00
510 	 511 	210	21.00
