512 	 511 	 10 	 0.30 
 
7	-24	0
110	6	0
228	11	0
346	-4	0
438	0	0
506	8	0
555	10	0
691	-14	7
810	-13	7
867	24	7
1002	-15	7
1079	-2	7
1183	3	7
1287	-37	7
1403	-30	7
1504	23	5
1587	-18	5
1673	-9	5
1823	34	5
1899	-1	5
1984	40	5
2098	0	5
2211	35	5
2283	34	5
2361	-34	3
2488	-1	3
2613	32	3
2696	-9	3
2784	1	3
2913	-19	3
2998	-31	3
3121	13	3
-29	61	0
104	89	0
213	97	0
296	93	0
401	115	0
483	97	0
614	128	0
709	121	0
789	96	7
888	125	7
968	91	7
1074	86	7
1220	91	7
1301	83	7
1406	98	5
1455	82	5
1583	107	5
1721	100	5
1775	111	5
1947	59	5
1986	105	5
2091	111	5
2197	85	5
2300	118	3
2406	64	3
2459	121	3
2593	118	3
2706	63	3
2792	120	3
2871	145	3
2995	74	3
3101	119	3
6	178	0
120	172	0
213	196	0
303	215	0
418	216	0
466	216	0
639	196	0
714	178	0
770	209	0
874	203	7
1000	212	7
1115	155	7
1203	219	7
1293	206	7
1350	159	5
1521	211	5
1631	202	5
1706	206	5
1805	208	5
1936	211	5
2041	212	5
2079	190	5
2211	223	5
2266	216	3
2399	214	3
2515	206	3
2637	233	3
2691	189	3
2832	221	3
2924	217	3
3000	184	3
3091	184	3
-8	310	0
64	334	0
186	287	0
290	301	0
396	289	0
529	270	0
573	323	0
733	259	0
800	330	7
899	313	7
973	315	7
1110	302	7
1174	260	7
1295	306	7
1427	286	5
1508	298	5
1587	292	5
1725	267	5
1813	303	5
1915	305	5
1994	293	5
2068	277	5
2231	278	5
2290	311	3
2396	295	3
2494	306	3
2627	295	3
2731	258	3
2816	272	3
2894	316	3
3015	294	3
3085	274	3
-43	404	0
119	390	0
191	391	0
303	384	0
405	410	0
493	442	0
616	404	0
713	370	0
782	417	0
937	422	7
1031	398	7
1073	379	7
1191	421	7
1260	409	7
1428	393	7
1509	405	7
1578	391	5
1673	412	5
1797	408	5
1889	423	5
1986	372	5
2086	378	5
2166	411	5
2275	361	3
2372	405	3
2490	439	3
2629	440	3
2736	413	3
2807	406	3
2922	382	3
2963	415	3
3120	392	3
-21	464	0
104	460	0
246	531	0
290	510	0
353	520	0
508	499	0
618	520	0
705	476	0
784	514	7
885	527	7
1017	467	7
1101	498	6
1232	506	6
1287	499	7
1416	460	7
1508	530	5
1606	532	5
1694	481	5
1790	524	5
1911	486	5
1978	502	5
2089	480	5
2188	493	5
2297	506	3
2365	473	3
2504	487	3
2608	506	3
2688	504	3
2804	495	3
2885	502	3
2982	477	3
3120	533	3
13	601	0
102	589	0
184	613	0
262	588	0
394	572	0
471	632	0
557	594	0
731	579	0
802	596	7
868	596	6
1032	642	6
1080	610	6
1232	631	6
1296	638	6
1409	596	6
1532	573	5
1603	579	5
1694	557	5
1779	586	5
1917	595	5
1972	566	5
2095	601	5
2217	592	5
2306	585	3
2405	623	3
2542	570	3
2594	600	3
2727	574	3
2786	594	3
2887	585	3
3016	598	3
3126	594	3
24	693	0
131	703	0
175	704	0
297	734	0
415	666	0
470	709	0
624	694	0
706	731	7
803	691	7
893	697	6
1020	690	6
1083	700	6
1190	700	6
1277	695	6
1431	720	6
1506	718	6
1597	744	5
1702	701	5
1786	690	5
1913	688	5
1975	705	4
2093	700	4
2159	671	4
2286	734	4
2438	686	3
2512	681	3
2580	746	3
2686	711	2
2759	734	2
2882	681	2
3013	685	3
3096	657	3
-36	809	8
101	832	1
214	791	0
293	825	1
432	783	0
500	813	1
613	804	1
667	790	1
756	812	6
923	804	6
995	798	6
1107	788	6
1166	804	6
1319	803	6
1410	796	6
1497	796	6
1642	799	5
1686	764	5
1776	814	5
1904	799	4
1992	802	4
2104	818	4
2199	810	4
2288	772	4
2441	798	9
2496	823	3
2605	801	2
2691	792	2
2801	796	2
2898	757	2
3035	844	2
3092	790	2
0	910	8
108	913	1
200	880	1
269	869	1
404	926	1
528	898	1
595	903	1
716	872	6
815	942	6
927	898	6
970	908	6
1083	900	6
1215	906	6
1273	850	6
1385	903	6
1539	934	6
1600	889	6
1709	894	4
1822	858	4
1885	945	4
2030	931	4
2089	891	4
2200	922	4
2314	860	4
2403	882	2
2535	887	2
2618	904	2
2691	923	2
2791	903	2
2878	893	2
3007	890	2
3119	903	2
2	1004	1
142	1007	1
177	1015	1
293	1018	1
371	1013	1
512	1016	1
611	963	1
702	984	1
793	991	1
912	1040	6
1030	993	6
1098	992	6
1209	1007	6
1280	1006	6
1420	997	6
1517	1003	4
1590	964	4
1727	972	4
1793	971	4
1907	967	4
2018	973	4
2124	976	4
2204	1030	4
2295	1015	2
2406	1002	2
2483	996	2
2607	991	2
2693	987	2
2794	1034	2
2913	1003	2
2993	956	2
3139	989	2
-6	1131	1
131	1069	1
193	1071	1
277	1068	1
441	1122	1
492	1127	1
609	1129	1
688	1122	1
782	1084	1
946	1124	6
1030	1109	6
1058	1087	6
1168	1098	6
1278	1080	6
1359	1142	6
1545	1108	4
1608	1104	4
1739	1097	4
1795	1132	4
1925	1145	4
1975	1128	4
2124	1089	4
2174	1089	4
2265	1063	2
2412	1106	2
2529	1099	2
2609	1105	2
2684	1075	2
2835	1136	2
2896	1126	2
3020	1078	2
3108	1089	2
24	1190	1
107	1199	1
203	1221	1
298	1177	1
369	1197	1
472	1165	1
591	1164	1
719	1214	1
822	1207	1
879	1198	1
984	1190	6
1087	1162	6
1168	1232	6
1293	1186	6
1375	1186	6
1498	1207	4
1596	1207	4
1718	1206	4
1823	1241	4
1864	1190	4
1988	1155	4
2140	1177	4
2198	1178	4
2300	1190	4
2372	1213	2
2546	1205	2
2593	1196	2
2692	1212	2
2805	1195	2
2913	1221	2
3019	1215	2
3108	1208	2
-26	1297	1
122	1289	1
211	1289	1
312	1294	1
363	1307	1
503	1341	1
605	1271	1
723	1259	1
806	1279	1
935	1335	6
1019	1306	6
1086	1308	6
1207	1337	6
1317	1307	6
1431	1313	4
1525	1322	4
1608	1313	4
1725	1317	4
1794	1301	4
1869	1327	4
1999	1256	4
2107	1307	4
2214	1290	4
2275	1291	2
2424	1295	2
2506	1297	2
2552	1286	2
2700	1293	2
2761	1333	2
2900	1269	2
3019	1268	2
3073	1288	2
4	1399	1
74	1396	1
155	1437	1
286	1395	1
396	1398	1
475	1428	1
608	1371	1
706	1373	1
782	1432	1
854	1352	1
990	1394	6
1110	1385	6
1232	1375	6
1317	1445	6
1425	1427	6
1496	1381	4
1620	1381	4
1673	1399	4
1824	1384	4
1917	1410	4
2040	1403	4
2111	1382	4
2209	1427	4
2259	1356	4
2437	1409	2
2499	1427	2
2611	1383	2
2711	1381	2
2780	1390	2
2902	1364	2
2993	1367	2
3117	1368	2
11	1451	1
73	1521	1
197	1527	1
333	1505	1
407	1523	1
492	1509	1
611	1496	1
699	1460	1
777	1515	6
909	1494	6
986	1492	6
1078	1471	6
1168	1515	6
1288	1490	6
1406	1473	6
1487	1509	6
1617	1493	6
1671	1485	4
1801	1467	4
1863	1519	4
1970	1521	4
2087	1506	4
2156	1477	4
2272	1526	4
2384	1505	4
2490	1491	2
2605	1512	2
2677	1500	2
2793	1500	2
2933	1520	2
3014	1514	2
3125	1500	2

0 	 1 	195	24.00
0 	 32 	181	20.00
1 	 2 	186	23.00
2 	 3 	218	23.00
2 	 34 	232	24.00
3 	 4 	194	16.00
3 	 35 	188	18.00
4 	 5 	184	18.00
4 	 36 	183	24.00
6 	 7 	168	24.00
7 	 8 	216	21.00
8 	 9 	202	24.00
9 	 10 	215	23.00
9 	 41 	180	24.00
10 	 11 	206	18.00
12 	 13 	190	18.00
12 	 44 	215	17.00
13 	 14 	187	18.00
14 	 15 	239	19.00
15 	 16 	205	21.00
16 	 17 	181	18.00
18 	 19 	162	18.00
18 	 50 	163	16.00
19 	 20 	219	17.00
19 	 51 	192	18.00
20 	 21 	174	23.00
21 	 22 	217	18.00
22 	 23 	219	23.00
23 	 24 	228	21.00
23 	 55 	184	20.00
24 	 25 	240	17.00
25 	 26 	182	21.00
27 	 28 	217	16.00
28 	 29 	186	16.00
29 	 30 	189	22.00
29 	 61 	186	17.00
30 	 31 	224	22.00
30 	 62 	192	20.00
33 	 34 	232	19.00
36 	 37 	191	24.00
37 	 38 	237	16.00
38 	 39 	228	20.00
38 	 70 	216	23.00
39 	 40 	177	22.00
39 	 71 	198	16.00
40 	 41 	196	19.00
40 	 72 	213	22.00
42 	 43 	186	19.00
43 	 44 	207	23.00
44 	 45 	203	16.00
44 	 76 	225	19.00
46 	 47 	218	16.00
46 	 78 	192	16.00
47 	 48 	213	20.00
48 	 49 	163	23.00
52 	 53 	182	21.00
53 	 54 	226	19.00
54 	 55 	218	20.00
55 	 56 	198	22.00
55 	 87 	211	21.00
56 	 57 	170	20.00
57 	 58 	216	23.00
58 	 59 	205	21.00
60 	 61 	214	20.00
60 	 92 	180	19.00
63 	 95 	215	21.00
64 	 65 	190	22.00
64 	 96 	169	23.00
66 	 67 	231	19.00
66 	 98 	161	19.00
67 	 68 	202	17.00
69 	 70 	187	19.00
70 	 102 	176	18.00
72 	 73 	239	24.00
73 	 74 	198	24.00
73 	 105 	206	23.00
75 	 76 	172	24.00
76 	 77 	189	18.00
76 	 108 	172	17.00
77 	 78 	233	18.00
78 	 79 	192	16.00
79 	 80 	203	19.00
80 	 81 	175	20.00
80 	 112 	195	23.00
82 	 83 	232	19.00
82 	 114 	221	17.00
83 	 84 	191	19.00
85 	 86 	184	19.00
86 	 87 	229	16.00
86 	 118 	175	22.00
87 	 88 	213	24.00
89 	 90 	171	23.00
89 	 121 	201	18.00
90 	 91 	209	21.00
91 	 92 	189	24.00
93 	 94 	221	16.00
93 	 125 	178	22.00
94 	 95 	235	22.00
96 	 97 	167	24.00
96 	 128 	202	21.00
97 	 98 	179	23.00
98 	 99 	203	16.00
99 	 100 	224	17.00
100 	 101 	234	21.00
101 	 102 	204	21.00
102 	 103 	218	22.00
102 	 134 	168	22.00
104 	 105 	223	23.00
104 	 136 	173	24.00
106 	 107 	226	23.00
106 	 138 	195	19.00
107 	 108 	180	20.00
107 	 139 	190	23.00
109 	 110 	187	19.00
110 	 111 	181	23.00
111 	 143 	191	16.00
113 	 114 	195	18.00
114 	 115 	218	17.00
114 	 146 	167	22.00
115 	 116 	217	23.00
116 	 117 	201	21.00
117 	 118 	193	16.00
118 	 119 	195	21.00
118 	 150 	238	23.00
119 	 120 	219	21.00
120 	 121 	169	16.00
121 	 122 	214	23.00
122 	 123 	167	18.00
122 	 154 	189	16.00
123 	 124 	164	24.00
124 	 125 	193	19.00
125 	 126 	163	17.00
126 	 127 	240	23.00
129 	 130 	224	22.00
129 	 161 	175	19.00
130 	 131 	238	18.00
131 	 132 	228	18.00
131 	 163 	165	23.00
132 	 133 	224	20.00
132 	 164 	190	19.00
134 	 135 	216	24.00
136 	 137 	201	16.00
136 	 168 	211	24.00
139 	 140 	166	18.00
139 	 171 	230	17.00
140 	 141 	204	17.00
140 	 172 	210	21.00
141 	 142 	194	21.00
141 	 173 	199	21.00
142 	 143 	235	23.00
143 	 144 	193	21.00
145 	 146 	175	20.00
145 	 177 	192	19.00
146 	 147 	214	18.00
146 	 178 	222	24.00
147 	 148 	214	17.00
147 	 179 	200	20.00
149 	 150 	179	18.00
150 	 151 	167	22.00
151 	 152 	180	24.00
152 	 153 	220	16.00
154 	 155 	233	16.00
156 	 157 	234	17.00
156 	 188 	240	16.00
157 	 158 	188	18.00
157 	 189 	228	18.00
159 	 191 	203	16.00
160 	 161 	172	18.00
160 	 192 	235	18.00
162 	 163 	221	19.00
164 	 165 	197	24.00
165 	 166 	191	23.00
165 	 197 	180	20.00
167 	 168 	228	23.00
167 	 199 	234	18.00
169 	 170 	219	18.00
169 	 201 	188	22.00
171 	 203 	196	20.00
173 	 174 	211	19.00
173 	 205 	191	16.00
174 	 175 	236	24.00
176 	 177 	163	17.00
177 	 209 	217	23.00
180 	 181 	213	16.00
181 	 182 	219	23.00
181 	 213 	188	16.00
182 	 183 	178	24.00
183 	 184 	232	24.00
183 	 215 	206	20.00
184 	 185 	197	22.00
185 	 186 	168	19.00
187 	 188 	239	16.00
189 	 190 	188	24.00
190 	 191 	195	16.00
190 	 222 	163	23.00
191 	 223 	229	17.00
192 	 193 	196	22.00
193 	 194 	216	22.00
193 	 225 	236	20.00
195 	 196 	178	20.00
196 	 197 	162	21.00
197 	 198 	183	16.00
198 	 199 	183	24.00
199 	 200 	215	17.00
200 	 201 	201	20.00
200 	 232 	228	17.00
201 	 202 	174	17.00
202 	 203 	238	17.00
203 	 204 	204	21.00
204 	 236 	187	19.00
206 	 207 	186	24.00
206 	 238 	208	20.00
207 	 208 	182	19.00
208 	 209 	214	23.00
209 	 210 	165	17.00
209 	 241 	171	18.00
210 	 211 	237	22.00
211 	 212 	209	18.00
211 	 243 	219	24.00
214 	 215 	239	17.00
214 	 246 	227	20.00
215 	 216 	184	17.00
215 	 247 	219	18.00
216 	 217 	177	24.00
217 	 218 	214	16.00
218 	 219 	214	19.00
218 	 250 	174	24.00
219 	 220 	171	18.00
219 	 251 	177	19.00
220 	 221 	226	18.00
221 	 222 	235	20.00
221 	 253 	173	22.00
223 	 255 	224	19.00
224 	 225 	234	24.00
226 	 227 	233	17.00
227 	 228 	180	18.00
228 	 229 	180	22.00
228 	 260 	193	17.00
229 	 230 	240	18.00
230 	 231 	207	20.00
231 	 232 	210	18.00
231 	 263 	185	16.00
232 	 233 	218	20.00
234 	 235 	198	17.00
235 	 267 	169	19.00
237 	 238 	192	23.00
237 	 269 	229	19.00
238 	 239 	218	22.00
239 	 240 	177	17.00
242 	 243 	193	23.00
242 	 274 	239	24.00
243 	 244 	168	16.00
244 	 245 	170	22.00
245 	 246 	215	23.00
245 	 277 	187	22.00
247 	 248 	206	20.00
247 	 279 	204	24.00
249 	 281 	178	20.00
252 	 253 	211	19.00
252 	 284 	218	16.00
253 	 254 	200	16.00
256 	 257 	196	24.00
257 	 258 	196	23.00
258 	 259 	219	19.00
259 	 260 	191	18.00
259 	 291 	191	17.00
260 	 261 	218	17.00
262 	 263 	191	16.00
263 	 264 	175	23.00
264 	 265 	169	19.00
264 	 296 	195	22.00
266 	 267 	180	17.00
266 	 298 	207	20.00
268 	 269 	227	18.00
269 	 270 	198	16.00
270 	 271 	175	18.00
271 	 272 	233	20.00
271 	 303 	178	17.00
273 	 274 	206	17.00
274 	 275 	173	20.00
275 	 276 	224	17.00
278 	 279 	189	19.00
279 	 280 	187	24.00
280 	 281 	185	22.00
281 	 282 	199	18.00
283 	 284 	218	21.00
285 	 286 	227	18.00
285 	 317 	178	16.00
286 	 287 	218	17.00
288 	 289 	205	21.00
288 	 320 	166	23.00
290 	 291 	223	24.00
292 	 293 	168	21.00
292 	 324 	237	19.00
294 	 295 	178	18.00
294 	 326 	187	23.00
295 	 296 	232	21.00
296 	 297 	213	21.00
296 	 328 	218	20.00
298 	 299 	196	16.00
298 	 330 	172	17.00
299 	 300 	182	23.00
299 	 331 	175	16.00
300 	 301 	198	22.00
300 	 332 	224	22.00
301 	 302 	177	24.00
302 	 303 	219	18.00
303 	 304 	169	20.00
304 	 305 	239	17.00
304 	 336 	186	19.00
305 	 306 	238	21.00
307 	 308 	212	21.00
307 	 339 	196	22.00
308 	 309 	208	20.00
308 	 340 	200	23.00
310 	 311 	166	21.00
311 	 312 	173	18.00
312 	 313 	176	22.00
313 	 314 	216	17.00
313 	 345 	181	24.00
314 	 315 	174	20.00
315 	 316 	163	17.00
317 	 318 	234	19.00
318 	 319 	163	24.00
318 	 350 	229	19.00
320 	 321 	219	19.00
320 	 352 	205	17.00
321 	 322 	194	24.00
322 	 323 	222	24.00
323 	 324 	208	19.00
324 	 325 	215	16.00
325 	 326 	220	20.00
326 	 327 	177	19.00
327 	 359 	180	19.00
329 	 330 	184	20.00
330 	 362 	183	24.00
333 	 334 	181	23.00
333 	 365 	163	16.00
335 	 336 	206	20.00
336 	 337 	234	18.00
337 	 338 	204	21.00
338 	 339 	184	21.00
338 	 370 	180	23.00
340 	 341 	239	17.00
341 	 342 	201	22.00
341 	 373 	171	18.00
342 	 343 	201	19.00
343 	 344 	214	22.00
344 	 345 	181	16.00
344 	 376 	229	24.00
345 	 346 	231	20.00
347 	 348 	207	17.00
347 	 379 	198	16.00
349 	 350 	202	19.00
350 	 351 	208	17.00
351 	 383 	213	17.00
352 	 353 	192	16.00
353 	 354 	168	19.00
353 	 385 	168	21.00
354 	 355 	230	17.00
354 	 386 	215	20.00
355 	 356 	233	21.00
357 	 358 	202	20.00
357 	 389 	181	20.00
360 	 361 	165	18.00
360 	 392 	191	24.00
363 	 364 	237	23.00
364 	 365 	196	17.00
365 	 366 	240	17.00
366 	 367 	216	17.00
366 	 398 	168	24.00
367 	 368 	215	16.00
368 	 369 	212	20.00
369 	 370 	195	24.00
370 	 371 	236	16.00
372 	 373 	197	24.00
372 	 404 	194	22.00
373 	 374 	230	20.00
375 	 376 	215	17.00
376 	 377 	239	22.00
376 	 408 	238	24.00
378 	 379 	210	19.00
379 	 380 	184	20.00
379 	 411 	196	17.00
381 	 382 	218	17.00
381 	 413 	219	16.00
382 	 383 	205	17.00
384 	 385 	168	16.00
385 	 417 	239	20.00
387 	 388 	215	22.00
387 	 419 	187	24.00
389 	 390 	169	20.00
389 	 421 	239	24.00
391 	 392 	188	24.00
391 	 423 	162	20.00
392 	 393 	193	20.00
392 	 424 	166	18.00
393 	 394 	177	16.00
393 	 425 	208	16.00
394 	 395 	166	21.00
395 	 396 	199	18.00
395 	 427 	166	24.00
396 	 397 	185	21.00
396 	 428 	231	22.00
399 	 400 	186	20.00
400 	 401 	201	16.00
400 	 432 	220	21.00
402 	 403 	170	20.00
402 	 434 	190	17.00
403 	 404 	217	16.00
405 	 406 	226	24.00
405 	 437 	221	20.00
407 	 408 	185	23.00
407 	 439 	211	20.00
408 	 409 	239	16.00
409 	 410 	199	19.00
410 	 411 	228	21.00
411 	 412 	198	20.00
412 	 413 	209	18.00
412 	 444 	168	23.00
413 	 414 	227	18.00
413 	 445 	214	17.00
414 	 415 	225	22.00
414 	 446 	200	18.00
416 	 417 	208	22.00
417 	 418 	206	19.00
417 	 449 	215	20.00
418 	 419 	202	17.00
418 	 450 	216	23.00
419 	 420 	177	23.00
420 	 421 	213	16.00
422 	 423 	232	16.00
422 	 454 	167	23.00
423 	 455 	165	19.00
425 	 426 	236	23.00
428 	 429 	217	16.00
430 	 431 	186	18.00
430 	 462 	168	22.00
432 	 433 	203	20.00
432 	 464 	190	17.00
433 	 434 	167	18.00
434 	 435 	203	21.00
435 	 436 	206	22.00
435 	 467 	196	17.00
436 	 437 	235	18.00
436 	 468 	221	19.00
438 	 439 	184	17.00
440 	 441 	224	22.00
440 	 472 	207	19.00
441 	 442 	195	19.00
442 	 443 	215	23.00
442 	 474 	239	19.00
443 	 444 	214	17.00
445 	 477 	208	19.00
447 	 479 	238	22.00
448 	 449 	168	21.00
450 	 451 	175	16.00
450 	 482 	172	21.00
451 	 452 	237	23.00
451 	 483 	202	17.00
452 	 453 	163	16.00
452 	 484 	196	19.00
453 	 454 	193	17.00
455 	 456 	220	20.00
455 	 487 	240	21.00
456 	 457 	195	20.00
456 	 488 	239	24.00
457 	 458 	205	19.00
457 	 489 	237	24.00
458 	 459 	189	21.00
458 	 490 	218	21.00
459 	 460 	176	16.00
459 	 491 	206	18.00
460 	 461 	230	16.00
460 	 492 	239	20.00
461 	 462 	194	18.00
462 	 463 	208	16.00
462 	 494 	166	21.00
463 	 464 	165	21.00
465 	 466 	227	24.00
466 	 467 	215	18.00
466 	 498 	212	24.00
469 	 470 	224	23.00
469 	 501 	163	23.00
470 	 471 	217	18.00
470 	 502 	185	21.00
471 	 472 	213	18.00
473 	 474 	207	17.00
473 	 505 	183	18.00
474 	 475 	186	16.00
474 	 506 	237	16.00
475 	 476 	164	18.00
477 	 478 	227	16.00
477 	 509 	183	16.00
478 	 479 	200	23.00
478 	 510 	165	21.00
479 	 511 	182	18.00
480 	 481 	196	22.00
481 	 482 	229	16.00
484 	 485 	161	21.00
485 	 486 	183	18.00
493 	 494 	174	18.00
494 	 495 	201	19.00
496 	 497 	222	19.00
497 	 498 	221	17.00
499 	 500 	182	18.00
500 	 501 	227	18.00
502 	 503 	166	23.00
503 	 504 	210	20.00
506 	 507 	202	23.00
507 	 508 	185	22.00
