1024 	 1488 	 20 	 0.30 
 
6	21	0
97	33	0
202	5	0
293	12	0
446	-14	0
520	-10	0
607	19	0
726	39	0
812	12	7
942	-23	7
986	-12	7
1103	35	7
1229	12	7
1270	-13	7
1404	-1	5
1502	-18	5
1576	0	5
1694	-7	5
1805	21	5
1917	3	5
1984	-40	5
2115	22	5
2176	21	5
2316	12	3
2381	-7	3
2533	20	3
2584	-36	3
2672	-38	3
2799	21	3
2905	9	3
3033	-19	3
3095	-41	3
24	142	0
83	109	0
195	107	0
297	90	0
414	97	0
496	71	0
591	109	0
705	113	0
767	105	0
862	138	0
1000	72	7
1092	118	7
1178	87	7
1257	126	7
1418	112	5
1470	62	5
1612	98	5
1696	89	5
1771	118	5
1894	95	5
2021	134	5
2065	110	5
2168	72	5
2305	140	3
2387	67	3
2488	128	3
2573	109	3
2670	74	3
2779	77	3
2878	68	3
2989	67	3
3086	85	3
37	238	0
125	233	0
175	200	0
285	243	0
403	171	0
538	224	0
586	230	0
654	206	0
791	165	0
875	187	7
990	219	7
1059	213	7
1198	237	7
1277	210	7
1364	236	5
1500	186	5
1563	163	5
1701	195	5
1801	238	5
1858	188	5
2024	187	5
2113	199	5
2203	189	3
2327	190	3
2373	212	3
2497	166	3
2607	179	3
2699	188	3
2794	196	3
2856	188	3
2999	204	3
3098	225	3
33	309	0
111	310	0
177	320	0
328	299	0
358	319	0
475	292	0
586	273	0
691	322	0
818	277	0
902	292	0
1000	289	7
1103	298	7
1230	296	7
1349	321	7
1412	270	7
1471	295	5
1593	273	5
1722	279	5
1797	289	5
1926	340	5
2001	307	5
2108	300	5
2227	326	5
2277	290	5
2446	275	3
2477	310	3
2609	276	3
2702	253	3
2767	321	3
2909	268	3
3033	302	3
3111	316	3
8	384	0
66	401	0
184	387	0
267	402	0
392	400	0
526	397	0
601	398	0
671	388	0
795	440	7
897	372	7
974	391	7
1115	387	7
1234	373	7
1310	359	7
1397	388	7
1480	359	5
1630	383	5
1696	367	5
1812	377	5
1885	411	5
1999	425	5
2126	448	5
2193	421	3
2308	405	3
2421	379	3
2475	413	3
2565	414	3
2704	400	3
2792	425	3
2930	426	3
2983	440	3
3076	404	3
13	466	0
80	491	0
183	493	0
305	488	0
398	506	0
493	514	0
582	538	0
697	467	0
819	521	7
887	524	7
1008	518	7
1104	538	7
1206	464	7
1277	530	7
1418	453	5
1490	515	5
1588	547	5
1671	491	5
1829	536	5
1913	498	5
2007	506	5
2096	493	5
2227	475	5
2320	484	3
2367	520	18
2494	534	3
2577	515	3
2666	507	3
2781	504	3
2910	485	3
3035	516	3
3110	475	3
-11	585	0
69	594	0
190	621	0
291	620	0
397	602	0
488	567	0
603	601	0
696	573	0
755	601	7
869	572	7
990	598	7
1088	579	7
1181	598	7
1299	602	7
1388	573	7
1516	640	5
1580	591	5
1660	593	5
1809	556	5
1901	591	5
2014	630	5
2093	631	5
2236	589	18
2288	582	18
2415	620	18
2477	576	3
2625	623	3
2700	632	3
2796	589	3
2909	597	3
2998	577	3
3129	587	8
-9	664	11
136	690	0
211	734	11
291	678	0
434	705	0
500	706	0
635	667	0
699	710	7
799	723	7
896	727	7
998	660	7
1138	694	7
1185	697	7
1272	712	7
1398	707	7
1492	659	7
1562	685	5
1733	693	5
1816	701	5
1912	655	5
1978	690	5
2069	725	5
2197	722	18
2293	701	8
2385	686	8
2491	669	19
2590	705	19
2708	705	3
2778	666	3
2882	726	3
3015	723	3
3119	697	8
15	788	11
96	782	11
180	807	11
322	762	0
419	777	0
503	808	11
641	774	11
688	798	7
752	810	11
905	781	7
998	793	7
1101	816	7
1222	820	7
1312	814	7
1404	818	7
1496	762	14
1603	824	14
1719	780	5
1785	760	5
1904	796	5
1974	823	14
2110	787	14
2217	811	8
2311	816	8
2391	782	8
2518	772	3
2607	823	3
2670	815	3
2812	811	3
2871	800	3
3006	822	8
3096	828	8
2	860	11
116	889	11
171	866	11
313	881	11
433	892	11
529	867	11
592	877	11
670	875	7
775	905	11
892	914	7
1003	917	7
1098	883	7
1190	875	7
1289	892	7
1381	923	7
1497	901	14
1630	926	14
1659	890	14
1827	922	14
1896	930	14
1989	890	14
2129	905	14
2204	908	8
2343	884	8
2379	902	8
2497	887	8
2573	912	8
2704	930	8
2814	897	8
2932	946	8
2989	881	8
3115	895	8
-15	1008	11
119	984	11
178	1008	11
316	989	11
383	1010	11
517	1011	11
609	1001	11
699	981	11
814	1004	11
871	975	7
982	978	7
1136	981	7
1211	1026	7
1299	975	7
1388	977	12
1504	1030	12
1566	1001	14
1693	991	14
1800	1044	14
1925	971	14
1975	1019	14
2112	1041	14
2200	964	14
2306	982	8
2408	1011	8
2507	1010	8
2598	1031	8
2703	1006	8
2765	1013	8
2881	1020	8
2999	961	8
3093	1014	8
3	1118	11
138	1113	11
227	1111	11
339	1109	11
408	1101	11
467	1113	11
614	1090	11
735	1107	11
801	1091	11
928	1105	12
1008	1136	12
1089	1113	12
1206	1099	12
1299	1087	12
1411	1089	12
1475	1085	12
1591	1090	14
1713	1095	13
1828	1105	13
1875	1084	14
1997	1096	14
2124	1071	14
2174	1131	8
2332	1119	8
2378	1100	8
2493	1107	8
2602	1084	8
2697	1099	8
2803	1091	8
2938	1098	8
2978	1100	8
3091	1098	8
31	1200	11
102	1208	11
243	1177	11
313	1191	11
411	1241	11
476	1208	11
561	1197	11
693	1175	11
782	1182	11
882	1189	11
985	1179	12
1058	1217	12
1204	1173	12
1311	1182	12
1420	1211	12
1507	1204	12
1584	1238	12
1737	1182	15
1779	1174	13
1880	1207	13
2023	1201	14
2064	1198	14
2202	1221	14
2324	1163	14
2384	1158	8
2523	1193	8
2561	1179	8
2694	1230	8
2792	1202	8
2897	1183	8
3036	1203	8
3072	1206	8
-39	1280	11
78	1287	11
193	1281	11
292	1283	11
398	1287	11
503	1272	11
609	1272	11
720	1320	11
824	1318	11
904	1312	12
1001	1289	12
1087	1305	12
1239	1293	12
1301	1310	12
1395	1330	12
1465	1294	12
1628	1316	12
1666	1337	15
1771	1267	13
1858	1273	14
1990	1289	14
2117	1309	14
2158	1310	14
2321	1308	14
2408	1290	8
2482	1324	8
2609	1289	8
2718	1338	8
2820	1295	8
2890	1303	8
2989	1323	8
3075	1273	8
23	1409	11
138	1402	11
224	1373	11
297	1356	11
401	1397	11
479	1396	11
633	1402	11
679	1350	11
785	1404	11
856	1383	12
1015	1412	12
1118	1383	12
1193	1374	12
1282	1375	12
1407	1410	12
1499	1383	12
1572	1409	12
1699	1403	12
1794	1402	13
1882	1397	13
1978	1420	14
2089	1389	14
2188	1368	14
2279	1413	14
2391	1383	14
2454	1363	8
2608	1418	8
2705	1428	8
2808	1397	8
2880	1370	8
2988	1407	8
3091	1375	8
4	1495	11
59	1531	11
216	1495	11
312	1477	11
387	1528	10
496	1529	11
587	1484	11
710	1467	13
837	1494	12
874	1483	12
974	1525	12
1120	1481	12
1199	1495	12
1308	1519	12
1401	1516	12
1459	1523	12
1567	1534	12
1735	1456	13
1803	1466	13
1912	1496	13
2013	1491	14
2082	1517	14
2200	1475	14
2350	1520	14
2387	1487	14
2493	1499	9
2615	1516	8
2702	1480	8
2779	1520	8
2878	1510	8
2970	1498	8
3063	1476	8
23	1605	10
116	1620	10
189	1563	10
307	1590	10
423	1630	10
532	1593	13
601	1619	13
698	1636	13
825	1591	12
946	1605	12
973	1606	12
1107	1610	12
1182	1611	12
1301	1594	12
1401	1603	12
1516	1591	12
1614	1598	12
1669	1625	12
1829	1594	13
1901	1577	13
2008	1575	14
2109	1608	14
2205	1602	14
2299	1596	14
2367	1627	14
2472	1601	9
2600	1596	9
2714	1590	9
2840	1625	9
2928	1562	8
3021	1587	9
3080	1613	9
24	1670	10
112	1682	10
229	1678	10
274	1730	10
389	1717	10
520	1724	10
576	1687	10
750	1716	13
815	1678	13
912	1679	13
987	1680	12
1107	1669	12
1220	1690	12
1305	1685	12
1427	1726	12
1490	1712	12
1570	1680	12
1710	1723	13
1810	1702	13
1900	1744	13
1969	1663	14
2104	1703	14
2173	1728	14
2326	1696	9
2437	1730	9
2475	1684	9
2601	1708	9
2690	1661	9
2787	1732	9
2883	1749	9
2990	1683	9
3099	1683	9
-32	1764	10
77	1784	10
195	1807	10
322	1811	10
409	1756	10
495	1777	10
567	1802	10
732	1828	10
797	1840	10
908	1844	13
1005	1799	12
1093	1822	13
1211	1786	12
1291	1804	12
1407	1797	12
1477	1781	13
1564	1805	12
1710	1767	13
1797	1811	13
1887	1808	13
1996	1791	14
2070	1780	14
2197	1811	14
2279	1773	14
2388	1792	9
2527	1825	9
2633	1787	9
2675	1799	9
2779	1840	9
2904	1790	9
3012	1797	9
3094	1822	9
1	1928	10
80	1928	10
183	1889	10
284	1865	10
423	1933	10
490	1874	10
588	1867	10
740	1893	10
770	1911	10
888	1895	13
993	1883	13
1095	1917	13
1164	1901	12
1279	1886	12
1369	1892	13
1505	1903	13
1592	1874	13
1700	1897	13
1796	1939	13
1893	1900	13
2013	1910	14
2105	1914	14
2220	1889	9
2273	1922	9
2422	1876	9
2509	1919	9
2585	1882	9
2674	1886	9
2833	1913	9
2897	1871	9
2969	1901	9
3103	1887	9
-12	2002	10
91	2017	10
219	1981	10
284	2013	10
385	1992	10
544	2014	10
636	2016	10
692	1980	10
788	2035	10
910	2040	13
1003	1986	13
1125	1986	13
1175	2019	13
1316	2017	13
1395	1996	13
1480	2005	13
1595	2005	13
1742	1996	13
1818	2023	13
1890	1995	14
1998	2007	14
2069	2043	14
2228	2034	9
2278	2044	9
2382	1952	9
2520	1995	9
2580	2001	9
2704	2036	9
2799	2004	9
2912	1985	9
2987	1964	9
3107	1994	9
6	2051	10
114	2082	10
203	2072	10
318	2127	10
424	2130	10
528	2072	10
577	2100	10
673	2130	10
808	2130	10
886	2119	13
952	2114	13
1088	2080	13
1176	2098	13
1305	2098	13
1397	2071	13
1540	2087	13
1600	2107	13
1690	2086	13
1782	2092	13
1866	2124	14
1977	2090	14
2104	2062	14
2192	2087	16
2319	2097	9
2431	2129	9
2529	2075	9
2585	2131	9
2672	2123	9
2803	2083	9
2890	2111	9
2984	2071	9
3139	2058	9
-32	2175	10
71	2223	10
240	2214	10
347	2172	10
390	2199	10
509	2243	10
628	2180	10
738	2193	10
789	2173	10
921	2187	13
1002	2197	6
1086	2161	6
1190	2204	6
1315	2227	6
1398	2189	6
1519	2239	13
1584	2197	13
1701	2221	13
1804	2211	14
1894	2154	14
2005	2206	14
2084	2183	16
2241	2192	16
2269	2197	9
2415	2211	9
2514	2233	9
2635	2166	9
2707	2207	9
2774	2206	9
2907	2202	9
2972	2194	9
3093	2187	9
2	2314	10
99	2272	10
192	2305	1
323	2316	1
413	2320	10
491	2307	10
592	2305	10
731	2283	10
832	2274	17
900	2293	6
1008	2317	6
1129	2279	6
1211	2284	6
1326	2303	6
1395	2313	6
1488	2260	13
1620	2321	13
1678	2278	13
1814	2282	4
1907	2303	14
2030	2302	4
2064	2258	16
2191	2316	16
2320	2306	16
2395	2290	16
2487	2293	9
2604	2301	9
2739	2304	2
2772	2304	2
2881	2313	2
3001	2307	9
3125	2292	9
25	2377	10
111	2398	1
188	2385	1
308	2399	1
364	2393	10
484	2406	1
619	2397	1
707	2406	6
806	2386	6
897	2404	6
1000	2410	6
1099	2421	6
1197	2402	6
1326	2417	6
1431	2372	6
1513	2361	6
1607	2408	4
1714	2425	4
1822	2396	4
1904	2396	4
1954	2401	4
2117	2433	4
2202	2397	16
2302	2446	4
2406	2417	16
2476	2399	2
2581	2407	2
2680	2394	2
2837	2390	2
2906	2406	2
2979	2401	2
3088	2423	9
-38	2515	1
100	2501	1
160	2548	1
295	2481	1
362	2498	1
515	2482	1
574	2514	1
658	2465	1
810	2501	6
922	2515	6
1001	2466	6
1098	2499	6
1227	2487	6
1287	2503	6
1384	2469	6
1511	2535	6
1623	2478	4
1707	2537	4
1820	2479	4
1917	2516	4
2032	2491	4
2096	2518	4
2232	2491	4
2271	2494	4
2388	2472	16
2465	2502	2
2607	2506	2
2663	2465	2
2765	2495	2
2890	2492	2
2997	2496	2
3110	2489	2
21	2584	1
98	2597	1
222	2608	1
279	2597	1
396	2592	1
493	2610	1
627	2583	1
685	2638	1
829	2618	6
917	2600	6
1001	2582	6
1085	2608	6
1224	2613	6
1283	2585	6
1440	2611	6
1540	2591	4
1605	2551	4
1728	2625	4
1808	2596	4
1863	2605	4
1995	2612	4
2117	2581	4
2229	2633	4
2319	2601	4
2418	2633	2
2469	2578	2
2598	2622	2
2684	2620	2
2787	2610	2
2919	2587	2
2997	2591	2
3094	2599	2
-33	2714	1
70	2707	1
194	2656	1
292	2704	1
423	2697	1
515	2687	1
593	2714	1
679	2675	1
787	2710	1
921	2709	6
1042	2699	6
1104	2701	6
1177	2724	6
1291	2731	6
1391	2662	6
1532	2704	4
1642	2690	4
1720	2701	4
1800	2722	4
1902	2690	4
1958	2691	4
2060	2710	4
2199	2681	4
2308	2708	2
2404	2731	2
2513	2681	2
2584	2684	2
2676	2709	2
2793	2687	2
2900	2676	2
3015	2703	2
3085	2705	2
-7	2756	1
93	2816	1
186	2793	1
343	2807	1
412	2844	1
539	2839	1
633	2798	1
703	2781	1
756	2842	1
867	2790	1
1040	2787	6
1100	2811	6
1217	2820	6
1338	2817	6
1407	2773	6
1524	2790	4
1574	2764	4
1692	2786	4
1768	2817	4
1919	2809	4
2009	2810	4
2087	2836	4
2203	2800	4
2324	2817	2
2440	2823	2
2495	2793	2
2570	2826	2
2675	2793	2
2804	2834	2
2910	2820	2
2981	2788	2
3103	2819	2
-5	2868	1
86	2881	1
188	2924	1
325	2905	1
405	2898	1
482	2908	1
610	2883	1
677	2907	1
805	2895	1
919	2870	6
975	2906	6
1072	2880	6
1237	2918	6
1332	2924	6
1395	2873	6
1495	2899	4
1601	2903	4
1710	2917	4
1813	2916	4
1922	2913	4
2045	2896	4
2063	2934	4
2218	2912	4
2311	2934	2
2415	2889	2
2532	2900	2
2601	2932	2
2714	2887	2
2826	2937	2
2901	2869	2
3030	2897	2
3120	2886	2
17	2978	1
91	2979	1
202	3030	1
284	2978	1
411	3009	1
504	3016	1
639	2982	1
678	2977	1
781	2958	1
871	2999	6
1021	2969	6
1114	2993	6
1174	2996	6
1342	3006	6
1366	2985	6
1475	2978	6
1589	2995	4
1683	3019	4
1803	2989	4
1914	3011	4
2000	2972	4
2102	3003	4
2172	3008	4
2295	3004	4
2419	2981	2
2525	3017	2
2626	2998	2
2707	2998	2
2810	3026	2
2909	3004	2
2991	3029	2
3074	3001	2
-1	3139	1
74	3114	1
166	3104	1
313	3103	1
427	3075	1
532	3095	1
601	3112	1
709	3093	1
794	3094	6
886	3102	6
985	3109	6
1139	3101	6
1215	3128	6
1266	3088	6
1372	3107	6
1524	3074	4
1636	3107	4
1710	3138	4
1764	3119	4
1899	3106	4
1985	3108	4
2099	3106	4
2175	3095	4
2295	3078	2
2387	3086	2
2513	3084	2
2600	3096	2
2727	3139	2
2825	3098	2
2926	3112	2
2965	3086	2
3088	3094	2

0 	 1 	225	19.00
0 	 32 	194	18.00
1 	 2 	225	16.00
2 	 3 	205	24.00
2 	 34 	228	22.00
3 	 4 	164	16.00
3 	 35 	168	23.00
4 	 5 	230	24.00
4 	 36 	174	20.00
5 	 6 	223	18.00
6 	 7 	232	20.00
7 	 8 	207	24.00
8 	 9 	167	24.00
8 	 40 	170	20.00
9 	 10 	191	16.00
9 	 41 	240	21.00
10 	 11 	201	20.00
12 	 13 	172	17.00
12 	 44 	227	16.00
13 	 14 	188	18.00
14 	 15 	160	19.00
15 	 16 	171	24.00
15 	 47 	216	16.00
16 	 17 	174	16.00
16 	 48 	212	21.00
17 	 18 	235	23.00
17 	 49 	175	17.00
18 	 19 	192	23.00
18 	 50 	209	21.00
19 	 20 	179	24.00
19 	 51 	185	24.00
20 	 21 	240	17.00
21 	 22 	204	16.00
21 	 53 	195	23.00
22 	 23 	175	24.00
22 	 54 	217	22.00
23 	 24 	230	18.00
23 	 55 	237	17.00
24 	 25 	227	24.00
24 	 56 	233	22.00
25 	 26 	180	19.00
25 	 57 	233	20.00
27 	 28 	215	23.00
27 	 59 	233	17.00
28 	 29 	187	16.00
29 	 30 	237	23.00
29 	 61 	168	23.00
30 	 31 	182	23.00
30 	 62 	228	22.00
31 	 63 	209	24.00
32 	 33 	206	16.00
32 	 64 	216	20.00
33 	 34 	227	23.00
33 	 65 	189	18.00
35 	 36 	177	17.00
36 	 37 	230	17.00
36 	 68 	172	24.00
37 	 38 	187	23.00
37 	 69 	202	23.00
38 	 39 	221	16.00
38 	 70 	201	20.00
39 	 40 	180	19.00
39 	 71 	233	18.00
40 	 41 	207	23.00
40 	 72 	160	18.00
41 	 42 	175	17.00
42 	 43 	162	24.00
42 	 74 	174	20.00
43 	 44 	198	20.00
43 	 75 	236	24.00
44 	 45 	165	20.00
44 	 76 	229	21.00
45 	 46 	218	17.00
46 	 47 	177	21.00
46 	 78 	175	16.00
47 	 48 	217	24.00
47 	 79 	200	19.00
48 	 49 	164	18.00
48 	 80 	200	24.00
49 	 50 	219	20.00
49 	 81 	230	24.00
50 	 51 	163	17.00
50 	 82 	238	22.00
51 	 52 	180	21.00
52 	 53 	169	21.00
52 	 84 	201	18.00
53 	 54 	214	16.00
53 	 85 	208	24.00
54 	 55 	175	21.00
54 	 86 	169	19.00
55 	 56 	217	16.00
55 	 87 	162	18.00
56 	 57 	229	18.00
57 	 58 	238	19.00
57 	 89 	171	18.00
58 	 59 	200	18.00
58 	 90 	207	17.00
60 	 61 	173	20.00
60 	 92 	205	24.00
61 	 62 	234	19.00
61 	 93 	221	20.00
62 	 63 	228	21.00
63 	 95 	234	21.00
64 	 65 	183	19.00
64 	 96 	222	22.00
65 	 66 	196	17.00
65 	 97 	236	17.00
66 	 67 	201	18.00
66 	 98 	235	24.00
67 	 99 	161	22.00
69 	 70 	163	19.00
69 	 101 	189	17.00
70 	 71 	228	19.00
70 	 102 	212	22.00
71 	 72 	197	16.00
72 	 73 	232	22.00
72 	 104 	193	23.00
73 	 74 	198	20.00
73 	 105 	230	24.00
75 	 76 	207	20.00
75 	 107 	206	21.00
76 	 77 	173	19.00
76 	 108 	201	21.00
77 	 78 	240	22.00
78 	 79 	213	16.00
78 	 110 	200	19.00
79 	 80 	204	18.00
79 	 111 	237	17.00
80 	 81 	176	16.00
82 	 83 	163	22.00
82 	 114 	237	19.00
83 	 115 	170	23.00
85 	 86 	197	17.00
85 	 117 	189	19.00
86 	 87 	210	18.00
86 	 118 	216	17.00
87 	 88 	223	24.00
87 	 119 	224	18.00
89 	 90 	163	23.00
89 	 121 	232	17.00
90 	 91 	222	16.00
90 	 122 	168	24.00
91 	 92 	169	17.00
91 	 123 	188	24.00
93 	 94 	161	17.00
93 	 125 	230	18.00
95 	 127 	238	22.00
96 	 97 	174	24.00
96 	 128 	182	19.00
97 	 98 	210	24.00
98 	 99 	169	20.00
100 	 101 	195	20.00
100 	 132 	214	17.00
101 	 102 	228	23.00
101 	 133 	219	17.00
102 	 103 	220	17.00
103 	 104 	225	16.00
104 	 105 	234	16.00
104 	 136 	209	19.00
105 	 106 	190	23.00
106 	 107 	213	19.00
106 	 138 	227	21.00
107 	 108 	193	21.00
107 	 139 	211	19.00
108 	 109 	187	24.00
109 	 110 	233	17.00
109 	 141 	175	23.00
110 	 111 	198	24.00
110 	 142 	184	21.00
111 	 112 	178	22.00
111 	 143 	239	23.00
113 	 114 	169	16.00
113 	 145 	162	19.00
114 	 115 	239	18.00
114 	 146 	184	20.00
115 	 116 	196	18.00
116 	 117 	203	24.00
117 	 118 	197	21.00
117 	 149 	206	17.00
118 	 119 	189	20.00
118 	 150 	235	20.00
119 	 120 	168	24.00
120 	 121 	208	18.00
120 	 152 	240	18.00
121 	 122 	191	22.00
121 	 153 	234	20.00
122 	 123 	172	17.00
122 	 154 	189	24.00
123 	 124 	230	19.00
123 	 155 	239	18.00
125 	 126 	216	19.00
126 	 127 	183	21.00
126 	 158 	219	17.00
127 	 159 	166	23.00
128 	 129 	233	16.00
129 	 130 	174	17.00
129 	 161 	199	16.00
130 	 131 	207	18.00
130 	 162 	190	16.00
131 	 132 	185	21.00
131 	 163 	189	19.00
132 	 133 	175	23.00
132 	 164 	221	16.00
133 	 134 	205	20.00
134 	 135 	191	21.00
135 	 136 	187	22.00
136 	 137 	230	16.00
136 	 168 	217	17.00
138 	 139 	201	21.00
139 	 140 	205	21.00
139 	 171 	238	24.00
140 	 141 	215	24.00
140 	 172 	164	19.00
141 	 142 	238	16.00
141 	 173 	171	18.00
142 	 143 	173	17.00
142 	 174 	217	16.00
143 	 144 	173	20.00
143 	 175 	206	19.00
144 	 145 	191	18.00
144 	 176 	216	23.00
145 	 146 	180	23.00
145 	 177 	205	20.00
146 	 147 	164	18.00
146 	 178 	210	17.00
147 	 148 	230	22.00
147 	 179 	177	18.00
149 	 150 	197	21.00
150 	 151 	196	18.00
151 	 152 	176	22.00
151 	 183 	234	22.00
152 	 153 	163	20.00
152 	 184 	193	22.00
153 	 154 	229	17.00
154 	 155 	216	20.00
154 	 186 	221	21.00
155 	 156 	223	18.00
156 	 157 	164	18.00
156 	 188 	194	17.00
157 	 158 	203	20.00
158 	 159 	190	20.00
159 	 191 	239	16.00
160 	 161 	230	16.00
160 	 192 	184	24.00
161 	 162 	180	22.00
162 	 163 	222	24.00
162 	 194 	228	17.00
163 	 164 	219	18.00
164 	 165 	187	19.00
165 	 166 	174	17.00
165 	 197 	221	16.00
166 	 167 	181	22.00
166 	 198 	174	21.00
167 	 168 	185	22.00
167 	 199 	207	17.00
168 	 169 	163	18.00
168 	 200 	215	22.00
169 	 170 	209	17.00
169 	 201 	230	21.00
170 	 171 	170	22.00
171 	 172 	199	17.00
171 	 203 	177	22.00
172 	 173 	168	22.00
172 	 204 	174	20.00
173 	 174 	234	21.00
173 	 205 	165	17.00
174 	 175 	202	16.00
174 	 206 	168	21.00
176 	 177 	163	21.00
177 	 178 	208	23.00
177 	 209 	170	20.00
179 	 180 	163	24.00
180 	 181 	184	16.00
180 	 212 	224	18.00
181 	 182 	183	18.00
181 	 213 	214	17.00
182 	 183 	233	22.00
182 	 214 	226	21.00
183 	 184 	217	21.00
183 	 215 	227	19.00
184 	 185 	229	22.00
184 	 216 	239	22.00
187 	 188 	211	23.00
187 	 219 	222	21.00
188 	 189 	184	23.00
189 	 190 	212	19.00
189 	 221 	161	17.00
190 	 191 	177	22.00
190 	 222 	210	22.00
191 	 223 	231	19.00
192 	 193 	170	23.00
192 	 224 	186	23.00
193 	 194 	203	18.00
193 	 225 	161	23.00
194 	 195 	218	24.00
194 	 226 	225	20.00
195 	 196 	162	16.00
196 	 197 	164	19.00
197 	 198 	233	16.00
197 	 229 	232	22.00
198 	 199 	227	24.00
199 	 200 	182	20.00
200 	 201 	206	19.00
200 	 232 	222	19.00
201 	 202 	239	19.00
202 	 203 	200	16.00
202 	 234 	170	22.00
203 	 204 	200	21.00
203 	 235 	235	24.00
204 	 205 	167	20.00
204 	 236 	193	18.00
206 	 207 	207	18.00
206 	 238 	236	18.00
207 	 208 	165	20.00
207 	 239 	234	24.00
208 	 209 	172	21.00
209 	 210 	190	18.00
209 	 241 	203	22.00
210 	 211 	199	16.00
210 	 242 	193	21.00
211 	 243 	219	19.00
213 	 214 	193	21.00
213 	 245 	168	23.00
214 	 215 	161	23.00
214 	 246 	238	18.00
215 	 216 	223	18.00
215 	 247 	203	17.00
217 	 218 	187	23.00
217 	 249 	231	17.00
218 	 219 	167	22.00
218 	 250 	183	20.00
219 	 220 	169	18.00
219 	 251 	224	17.00
220 	 221 	168	17.00
220 	 252 	174	16.00
221 	 222 	213	16.00
221 	 253 	169	16.00
222 	 223 	172	21.00
223 	 255 	181	16.00
224 	 225 	195	22.00
225 	 226 	213	21.00
226 	 227 	234	19.00
227 	 228 	190	23.00
227 	 259 	231	16.00
228 	 229 	160	19.00
228 	 260 	211	24.00
229 	 230 	185	16.00
229 	 261 	228	17.00
230 	 231 	174	19.00
231 	 232 	193	24.00
231 	 263 	185	20.00
232 	 233 	233	19.00
233 	 234 	177	24.00
234 	 235 	166	24.00
234 	 266 	240	18.00
235 	 236 	215	22.00
235 	 267 	232	22.00
237 	 238 	199	17.00
237 	 269 	175	22.00
238 	 239 	201	19.00
238 	 270 	160	17.00
239 	 240 	219	18.00
240 	 241 	181	19.00
242 	 243 	174	21.00
242 	 274 	191	19.00
243 	 244 	163	20.00
243 	 275 	223	18.00
244 	 245 	216	20.00
244 	 276 	164	21.00
245 	 246 	234	23.00
245 	 277 	225	24.00
246 	 247 	187	19.00
247 	 248 	183	19.00
247 	 279 	162	22.00
248 	 249 	204	19.00
249 	 250 	222	23.00
249 	 281 	162	19.00
250 	 251 	161	22.00
250 	 282 	203	19.00
251 	 252 	218	22.00
252 	 253 	217	21.00
253 	 254 	167	23.00
253 	 285 	196	18.00
254 	 255 	164	24.00
256 	 257 	197	19.00
256 	 288 	231	19.00
257 	 258 	223	21.00
257 	 289 	229	23.00
258 	 259 	180	19.00
259 	 260 	179	22.00
259 	 291 	234	16.00
262 	 263 	223	18.00
262 	 294 	224	24.00
263 	 264 	218	17.00
263 	 295 	179	22.00
264 	 265 	233	20.00
264 	 296 	164	23.00
266 	 267 	166	19.00
267 	 268 	234	16.00
267 	 299 	170	23.00
268 	 269 	181	18.00
268 	 300 	190	24.00
269 	 270 	174	18.00
269 	 301 	193	23.00
270 	 271 	201	20.00
271 	 272 	228	24.00
271 	 303 	178	23.00
273 	 274 	236	21.00
274 	 275 	179	20.00
274 	 306 	223	24.00
275 	 276 	185	17.00
275 	 307 	183	16.00
276 	 277 	193	23.00
276 	 308 	192	21.00
277 	 278 	192	17.00
278 	 279 	192	22.00
278 	 310 	173	23.00
279 	 280 	181	20.00
280 	 281 	176	23.00
280 	 312 	221	21.00
281 	 282 	166	23.00
283 	 284 	236	16.00
283 	 315 	179	17.00
284 	 285 	214	16.00
285 	 286 	163	22.00
285 	 317 	212	22.00
286 	 287 	171	24.00
286 	 318 	174	22.00
288 	 289 	236	17.00
288 	 320 	193	24.00
289 	 290 	208	23.00
290 	 291 	209	16.00
290 	 322 	167	21.00
292 	 293 	177	17.00
292 	 324 	178	17.00
293 	 294 	220	24.00
294 	 295 	170	22.00
294 	 326 	165	18.00
295 	 296 	191	24.00
295 	 327 	172	17.00
296 	 297 	207	22.00
296 	 328 	187	24.00
297 	 298 	188	18.00
298 	 299 	217	17.00
298 	 330 	222	24.00
299 	 300 	173	18.00
299 	 331 	180	19.00
300 	 301 	224	24.00
300 	 332 	222	22.00
301 	 302 	185	20.00
301 	 333 	195	16.00
302 	 303 	185	16.00
303 	 304 	238	20.00
303 	 335 	177	19.00
304 	 305 	184	24.00
304 	 336 	166	24.00
305 	 306 	160	20.00
305 	 337 	176	23.00
306 	 307 	214	19.00
307 	 308 	168	23.00
307 	 339 	184	19.00
308 	 309 	200	20.00
308 	 340 	171	23.00
309 	 310 	184	24.00
310 	 311 	163	21.00
310 	 342 	161	21.00
311 	 312 	194	23.00
311 	 343 	216	18.00
312 	 313 	232	20.00
313 	 314 	174	16.00
313 	 345 	231	21.00
314 	 315 	177	22.00
315 	 316 	215	18.00
317 	 318 	214	22.00
318 	 319 	203	19.00
318 	 350 	213	21.00
319 	 351 	180	19.00
320 	 321 	229	23.00
320 	 352 	231	18.00
321 	 322 	181	24.00
321 	 353 	171	19.00
322 	 323 	239	21.00
322 	 354 	195	23.00
323 	 324 	232	22.00
323 	 355 	162	21.00
324 	 325 	161	21.00
325 	 326 	203	21.00
326 	 327 	172	22.00
327 	 328 	171	22.00
327 	 359 	216	21.00
328 	 329 	165	17.00
329 	 330 	178	22.00
330 	 331 	191	17.00
330 	 362 	194	22.00
331 	 332 	204	17.00
331 	 363 	198	17.00
332 	 333 	212	17.00
333 	 334 	170	24.00
333 	 365 	175	21.00
334 	 335 	167	17.00
334 	 366 	182	17.00
335 	 336 	228	24.00
335 	 367 	164	17.00
336 	 337 	209	19.00
337 	 338 	160	23.00
337 	 369 	185	21.00
338 	 339 	233	21.00
338 	 370 	240	24.00
339 	 340 	190	16.00
340 	 341 	198	17.00
340 	 372 	160	22.00
341 	 342 	206	21.00
341 	 373 	232	23.00
342 	 343 	179	17.00
342 	 374 	186	22.00
343 	 344 	212	17.00
343 	 375 	223	24.00
344 	 345 	237	23.00
344 	 376 	193	20.00
345 	 346 	169	22.00
347 	 348 	185	17.00
347 	 379 	172	23.00
348 	 349 	174	16.00
349 	 350 	169	16.00
350 	 351 	196	16.00
351 	 383 	231	24.00
352 	 353 	160	19.00
352 	 384 	236	16.00
353 	 354 	214	21.00
353 	 385 	214	21.00
354 	 355 	195	18.00
354 	 386 	196	21.00
355 	 356 	162	22.00
355 	 387 	170	19.00
356 	 357 	173	22.00
357 	 358 	168	21.00
357 	 389 	212	22.00
359 	 360 	209	21.00
360 	 361 	197	19.00
360 	 392 	202	23.00
361 	 362 	165	24.00
361 	 393 	176	16.00
362 	 363 	199	22.00
363 	 364 	181	16.00
363 	 395 	229	20.00
364 	 365 	217	21.00
365 	 366 	184	21.00
365 	 397 	194	17.00
366 	 367 	196	19.00
366 	 398 	195	21.00
367 	 368 	231	23.00
368 	 369 	168	17.00
368 	 400 	165	22.00
369 	 370 	209	19.00
369 	 401 	227	22.00
370 	 371 	188	17.00
370 	 402 	226	20.00
371 	 372 	210	20.00
371 	 403 	226	21.00
372 	 373 	215	22.00
372 	 404 	223	16.00
373 	 374 	216	24.00
374 	 375 	211	20.00
374 	 406 	225	16.00
375 	 376 	207	22.00
375 	 407 	176	18.00
376 	 377 	193	18.00
376 	 408 	166	16.00
377 	 378 	207	18.00
377 	 409 	212	22.00
378 	 379 	194	21.00
378 	 410 	209	17.00
379 	 380 	236	17.00
379 	 411 	239	17.00
380 	 381 	176	17.00
380 	 412 	165	19.00
381 	 382 	220	23.00
381 	 413 	187	22.00
382 	 383 	189	16.00
383 	 415 	236	20.00
384 	 385 	219	19.00
384 	 416 	166	22.00
385 	 386 	231	22.00
385 	 417 	211	16.00
387 	 388 	163	23.00
387 	 419 	197	17.00
388 	 389 	178	18.00
389 	 390 	232	21.00
389 	 421 	190	18.00
390 	 391 	174	22.00
390 	 422 	234	19.00
391 	 392 	169	19.00
391 	 423 	172	19.00
392 	 393 	187	19.00
392 	 424 	238	16.00
393 	 394 	210	17.00
393 	 425 	238	20.00
394 	 395 	239	17.00
395 	 396 	169	21.00
395 	 427 	228	21.00
396 	 397 	170	22.00
396 	 428 	209	16.00
397 	 398 	237	17.00
397 	 429 	188	16.00
398 	 399 	190	21.00
398 	 430 	170	16.00
399 	 400 	179	17.00
399 	 431 	184	18.00
400 	 401 	234	17.00
400 	 432 	236	18.00
401 	 402 	209	21.00
401 	 433 	202	20.00
402 	 403 	219	16.00
402 	 434 	213	20.00
403 	 404 	224	22.00
403 	 435 	209	17.00
404 	 405 	203	17.00
404 	 436 	232	18.00
405 	 406 	181	17.00
405 	 437 	194	24.00
406 	 407 	219	21.00
407 	 408 	165	20.00
407 	 439 	230	24.00
408 	 409 	161	18.00
408 	 440 	209	18.00
409 	 410 	161	23.00
410 	 411 	224	16.00
410 	 442 	176	18.00
411 	 412 	209	20.00
411 	 443 	173	16.00
412 	 413 	162	21.00
412 	 444 	204	16.00
413 	 414 	165	17.00
413 	 445 	166	21.00
414 	 415 	183	20.00
414 	 446 	173	17.00
415 	 447 	208	19.00
416 	 417 	176	18.00
416 	 448 	211	24.00
417 	 418 	186	16.00
417 	 449 	218	21.00
418 	 419 	177	22.00
418 	 450 	231	23.00
419 	 420 	225	23.00
420 	 421 	185	22.00
420 	 452 	166	24.00
421 	 422 	194	20.00
421 	 453 	191	21.00
422 	 423 	189	22.00
422 	 454 	193	22.00
423 	 424 	238	21.00
423 	 455 	172	20.00
424 	 425 	166	23.00
424 	 456 	219	24.00
425 	 426 	186	20.00
427 	 428 	202	22.00
428 	 429 	220	22.00
429 	 430 	197	21.00
430 	 462 	209	19.00
432 	 433 	206	18.00
432 	 464 	191	16.00
433 	 434 	178	18.00
433 	 465 	228	21.00
434 	 435 	194	20.00
434 	 466 	187	21.00
435 	 436 	172	22.00
435 	 467 	163	23.00
436 	 437 	204	23.00
438 	 439 	240	23.00
438 	 470 	188	17.00
439 	 440 	202	17.00
439 	 471 	216	24.00
440 	 441 	223	16.00
440 	 472 	211	24.00
441 	 442 	170	16.00
441 	 473 	233	17.00
442 	 443 	168	22.00
442 	 474 	176	23.00
443 	 444 	165	18.00
443 	 475 	218	22.00
445 	 477 	177	20.00
447 	 479 	210	24.00
448 	 449 	169	23.00
448 	 480 	170	21.00
449 	 450 	201	16.00
449 	 481 	190	18.00
450 	 451 	235	22.00
450 	 482 	212	22.00
451 	 452 	200	22.00
451 	 483 	181	18.00
452 	 453 	180	21.00
452 	 484 	213	23.00
453 	 454 	209	16.00
454 	 455 	217	16.00
454 	 486 	229	16.00
455 	 456 	194	24.00
455 	 487 	186	23.00
456 	 457 	183	17.00
456 	 488 	194	18.00
457 	 458 	209	20.00
457 	 489 	188	20.00
458 	 459 	178	17.00
458 	 490 	183	24.00
459 	 460 	196	24.00
459 	 491 	234	22.00
460 	 461 	184	23.00
460 	 492 	164	17.00
461 	 462 	171	18.00
461 	 493 	234	16.00
462 	 463 	223	20.00
462 	 494 	180	20.00
463 	 464 	184	20.00
463 	 495 	169	22.00
464 	 465 	225	19.00
464 	 496 	186	17.00
465 	 466 	163	21.00
466 	 467 	180	22.00
466 	 498 	213	24.00
468 	 469 	232	16.00
468 	 500 	209	23.00
469 	 470 	206	24.00
470 	 471 	209	18.00
470 	 502 	182	21.00
471 	 472 	228	16.00
472 	 473 	211	21.00
474 	 475 	177	22.00
475 	 476 	205	17.00
475 	 507 	199	23.00
477 	 478 	165	17.00
477 	 509 	164	24.00
478 	 479 	204	17.00
478 	 510 	205	22.00
479 	 511 	199	18.00
480 	 481 	169	24.00
480 	 512 	225	21.00
481 	 482 	230	18.00
481 	 513 	179	19.00
482 	 483 	196	24.00
482 	 514 	212	24.00
483 	 484 	231	23.00
484 	 485 	195	16.00
485 	 486 	212	16.00
486 	 487 	204	21.00
486 	 518 	223	24.00
487 	 488 	181	18.00
488 	 489 	161	17.00
490 	 491 	181	22.00
493 	 494 	195	19.00
494 	 495 	181	23.00
494 	 526 	216	20.00
495 	 496 	185	19.00
496 	 497 	226	16.00
496 	 528 	176	16.00
499 	 500 	205	19.00
500 	 501 	218	18.00
500 	 532 	212	24.00
502 	 503 	204	22.00
502 	 534 	197	17.00
503 	 504 	210	19.00
503 	 535 	226	17.00
504 	 505 	224	18.00
504 	 536 	205	16.00
505 	 506 	240	23.00
508 	 509 	235	17.00
509 	 510 	202	22.00
509 	 541 	228	21.00
510 	 511 	216	19.00
510 	 542 	206	18.00
512 	 513 	165	22.00
512 	 544 	213	20.00
513 	 514 	196	18.00
513 	 545 	236	21.00
514 	 515 	183	21.00
514 	 546 	188	24.00
515 	 516 	227	16.00
515 	 547 	175	17.00
516 	 517 	164	16.00
516 	 548 	217	19.00
518 	 519 	188	19.00
518 	 550 	214	23.00
519 	 520 	176	16.00
521 	 522 	194	22.00
521 	 553 	191	20.00
522 	 523 	185	17.00
522 	 554 	180	23.00
523 	 524 	174	19.00
523 	 555 	199	18.00
524 	 525 	200	16.00
524 	 556 	227	16.00
525 	 526 	224	17.00
525 	 557 	195	22.00
526 	 527 	193	24.00
526 	 558 	216	24.00
527 	 528 	225	18.00
528 	 529 	183	22.00
528 	 560 	189	19.00
530 	 531 	238	17.00
530 	 562 	216	20.00
531 	 532 	219	16.00
531 	 563 	160	20.00
532 	 533 	219	17.00
532 	 564 	217	16.00
533 	 534 	209	23.00
533 	 565 	228	24.00
534 	 535 	184	19.00
534 	 566 	199	21.00
535 	 536 	218	22.00
535 	 567 	194	16.00
536 	 537 	204	23.00
537 	 538 	223	21.00
537 	 569 	238	20.00
538 	 539 	239	21.00
538 	 570 	162	19.00
540 	 541 	216	23.00
540 	 572 	193	21.00
541 	 542 	225	23.00
541 	 573 	190	20.00
542 	 543 	217	17.00
542 	 574 	201	20.00
545 	 546 	181	20.00
546 	 547 	200	19.00
546 	 578 	203	19.00
547 	 548 	221	16.00
549 	 550 	174	21.00
550 	 551 	239	24.00
550 	 582 	190	23.00
551 	 552 	181	17.00
551 	 583 	161	18.00
552 	 553 	214	22.00
552 	 584 	191	22.00
553 	 554 	183	22.00
554 	 555 	213	20.00
555 	 556 	164	23.00
556 	 557 	229	24.00
556 	 588 	166	23.00
557 	 558 	226	23.00
558 	 559 	174	16.00
558 	 590 	211	16.00
559 	 560 	237	18.00
559 	 591 	178	21.00
560 	 561 	193	23.00
565 	 566 	186	23.00
565 	 597 	160	16.00
566 	 567 	179	16.00
566 	 598 	179	21.00
567 	 568 	238	16.00
567 	 599 	186	23.00
568 	 569 	199	22.00
568 	 600 	213	17.00
569 	 570 	178	23.00
571 	 572 	190	17.00
571 	 603 	175	21.00
572 	 573 	201	20.00
572 	 604 	225	22.00
573 	 574 	192	20.00
575 	 607 	180	16.00
576 	 577 	193	22.00
576 	 608 	215	16.00
578 	 579 	190	21.00
578 	 610 	171	22.00
579 	 580 	196	16.00
579 	 611 	236	16.00
580 	 581 	186	23.00
580 	 612 	206	21.00
581 	 582 	184	24.00
581 	 613 	179	16.00
582 	 583 	160	24.00
582 	 614 	239	21.00
584 	 585 	179	20.00
585 	 586 	223	24.00
585 	 617 	187	18.00
586 	 587 	196	20.00
586 	 618 	186	20.00
587 	 588 	185	19.00
587 	 619 	193	19.00
588 	 589 	230	23.00
588 	 620 	191	22.00
589 	 590 	193	16.00
589 	 621 	220	17.00
590 	 591 	230	19.00
591 	 592 	223	22.00
591 	 623 	179	18.00
592 	 593 	235	20.00
592 	 624 	213	19.00
593 	 594 	167	19.00
593 	 625 	217	18.00
594 	 595 	179	18.00
594 	 626 	168	17.00
595 	 596 	166	24.00
595 	 627 	172	23.00
596 	 597 	238	20.00
597 	 598 	171	17.00
598 	 599 	215	16.00
598 	 630 	173	21.00
599 	 600 	199	22.00
600 	 601 	194	21.00
600 	 632 	171	18.00
601 	 602 	186	18.00
601 	 633 	235	20.00
603 	 604 	210	16.00
604 	 605 	215	20.00
604 	 636 	186	19.00
605 	 606 	162	21.00
605 	 637 	226	24.00
606 	 607 	200	21.00
606 	 638 	203	20.00
608 	 609 	170	22.00
608 	 640 	222	23.00
609 	 610 	221	16.00
610 	 611 	204	24.00
611 	 612 	198	20.00
612 	 613 	204	21.00
613 	 614 	186	22.00
614 	 615 	187	24.00
614 	 646 	208	22.00
615 	 616 	200	18.00
616 	 617 	194	17.00
616 	 648 	235	22.00
617 	 618 	229	23.00
618 	 619 	208	18.00
618 	 650 	188	17.00
619 	 620 	197	17.00
619 	 651 	206	20.00
620 	 621 	165	17.00
620 	 652 	216	19.00
621 	 622 	192	23.00
621 	 653 	213	23.00
622 	 623 	171	18.00
622 	 654 	236	21.00
623 	 624 	218	23.00
623 	 655 	221	24.00
624 	 625 	227	24.00
625 	 626 	174	17.00
625 	 657 	206	23.00
626 	 627 	240	19.00
626 	 658 	226	17.00
627 	 628 	219	22.00
627 	 659 	181	23.00
628 	 629 	162	19.00
628 	 660 	231	21.00
629 	 630 	205	20.00
630 	 631 	226	22.00
630 	 662 	193	17.00
631 	 632 	170	17.00
632 	 633 	221	20.00
633 	 634 	226	24.00
634 	 635 	211	24.00
634 	 666 	178	21.00
635 	 636 	172	19.00
636 	 637 	208	23.00
637 	 638 	204	16.00
637 	 669 	160	23.00
638 	 639 	215	18.00
640 	 641 	219	22.00
641 	 642 	200	24.00
641 	 673 	186	17.00
642 	 643 	185	19.00
643 	 644 	166	23.00
644 	 645 	176	23.00
644 	 676 	231	21.00
646 	 647 	210	18.00
646 	 678 	163	20.00
647 	 648 	209	24.00
648 	 649 	168	23.00
648 	 680 	199	21.00
649 	 650 	168	23.00
649 	 681 	203	24.00
650 	 651 	199	16.00
650 	 682 	166	22.00
651 	 652 	206	22.00
651 	 683 	212	17.00
652 	 653 	224	19.00
652 	 684 	213	16.00
653 	 654 	199	22.00
653 	 685 	222	18.00
654 	 655 	161	22.00
654 	 686 	237	19.00
655 	 656 	227	16.00
655 	 687 	181	20.00
656 	 657 	204	16.00
657 	 658 	197	20.00
657 	 689 	184	17.00
658 	 659 	204	21.00
658 	 690 	240	22.00
659 	 660 	171	18.00
659 	 691 	196	19.00
660 	 661 	170	18.00
660 	 692 	196	17.00
662 	 663 	232	17.00
662 	 694 	175	17.00
663 	 664 	236	23.00
664 	 665 	238	16.00
665 	 666 	163	23.00
666 	 667 	229	19.00
668 	 669 	213	21.00
668 	 700 	229	17.00
669 	 670 	168	22.00
669 	 701 	202	20.00
670 	 671 	231	19.00
671 	 703 	215	20.00
672 	 673 	169	21.00
672 	 704 	195	23.00
673 	 674 	227	16.00
674 	 675 	209	21.00
675 	 676 	172	16.00
676 	 677 	204	24.00
676 	 708 	191	24.00
677 	 678 	206	22.00
677 	 709 	204	20.00
678 	 679 	178	24.00
678 	 710 	180	23.00
679 	 680 	219	16.00
679 	 711 	233	22.00
681 	 682 	187	16.00
681 	 713 	226	21.00
682 	 683 	215	16.00
683 	 684 	225	23.00
683 	 715 	233	21.00
685 	 686 	163	23.00
685 	 717 	217	22.00
686 	 687 	190	16.00
686 	 718 	168	19.00
687 	 688 	174	22.00
687 	 719 	220	16.00
688 	 689 	196	24.00
688 	 720 	237	22.00
689 	 690 	211	16.00
689 	 721 	227	18.00
690 	 691 	233	20.00
691 	 692 	216	18.00
693 	 694 	217	16.00
693 	 725 	160	19.00
694 	 695 	162	22.00
694 	 726 	181	24.00
695 	 696 	200	22.00
695 	 727 	172	20.00
696 	 697 	219	16.00
697 	 698 	186	16.00
697 	 729 	174	19.00
698 	 699 	239	16.00
698 	 730 	208	22.00
701 	 702 	219	17.00
702 	 703 	215	23.00
702 	 734 	191	20.00
703 	 735 	209	21.00
704 	 705 	226	23.00
704 	 736 	195	18.00
705 	 706 	182	17.00
705 	 737 	164	16.00
706 	 707 	222	18.00
707 	 708 	179	18.00
707 	 739 	168	21.00
708 	 709 	237	16.00
708 	 740 	163	22.00
709 	 710 	191	22.00
710 	 711 	200	16.00
710 	 742 	208	17.00
711 	 712 	178	20.00
711 	 743 	238	23.00
712 	 713 	174	22.00
712 	 744 	191	17.00
713 	 714 	179	18.00
713 	 745 	181	19.00
714 	 715 	211	24.00
715 	 716 	201	21.00
716 	 717 	211	17.00
716 	 748 	167	21.00
717 	 718 	173	19.00
718 	 719 	194	18.00
718 	 750 	160	18.00
719 	 720 	211	17.00
720 	 721 	239	24.00
720 	 752 	192	23.00
721 	 722 	196	22.00
722 	 723 	173	16.00
723 	 724 	193	20.00
723 	 755 	201	20.00
724 	 725 	184	24.00
725 	 726 	200	16.00
725 	 757 	195	22.00
726 	 727 	184	20.00
726 	 758 	166	22.00
727 	 728 	225	18.00
727 	 759 	230	22.00
728 	 729 	180	19.00
728 	 760 	205	20.00
729 	 730 	208	19.00
730 	 731 	192	23.00
730 	 762 	215	21.00
731 	 732 	163	19.00
731 	 763 	189	21.00
732 	 733 	191	20.00
733 	 734 	234	18.00
733 	 765 	236	22.00
734 	 735 	234	17.00
735 	 767 	166	18.00
736 	 737 	173	17.00
736 	 768 	214	19.00
737 	 738 	202	17.00
738 	 739 	227	18.00
738 	 770 	227	18.00
740 	 741 	235	19.00
741 	 742 	168	24.00
742 	 743 	178	19.00
742 	 774 	181	24.00
743 	 744 	202	21.00
743 	 775 	183	18.00
744 	 745 	177	16.00
744 	 776 	224	17.00
745 	 746 	207	23.00
746 	 747 	189	20.00
746 	 778 	164	23.00
747 	 748 	194	18.00
747 	 779 	207	21.00
748 	 749 	212	23.00
749 	 750 	204	17.00
749 	 781 	212	21.00
750 	 751 	228	23.00
751 	 752 	166	21.00
751 	 783 	179	18.00
752 	 753 	222	19.00
752 	 784 	193	17.00
753 	 754 	213	20.00
754 	 755 	185	23.00
754 	 786 	199	24.00
755 	 756 	232	24.00
755 	 787 	219	24.00
756 	 757 	202	21.00
757 	 758 	211	16.00
757 	 789 	225	21.00
758 	 759 	191	24.00
759 	 760 	167	19.00
759 	 791 	179	18.00
760 	 761 	177	19.00
761 	 762 	193	23.00
761 	 793 	196	19.00
764 	 765 	179	20.00
764 	 796 	232	20.00
765 	 766 	207	16.00
766 	 767 	172	21.00
766 	 798 	200	16.00
767 	 799 	177	16.00
768 	 769 	219	24.00
769 	 770 	204	21.00
770 	 771 	204	22.00
771 	 772 	237	21.00
771 	 803 	187	19.00
772 	 773 	209	22.00
773 	 774 	185	19.00
773 	 805 	187	23.00
774 	 775 	191	24.00
774 	 806 	168	20.00
775 	 776 	185	24.00
775 	 807 	189	19.00
776 	 777 	200	19.00
776 	 808 	192	24.00
777 	 778 	240	21.00
777 	 809 	229	18.00
778 	 779 	197	21.00
778 	 810 	199	17.00
780 	 781 	210	16.00
781 	 782 	198	18.00
781 	 813 	236	16.00
782 	 783 	179	18.00
782 	 814 	220	22.00
783 	 784 	239	20.00
783 	 815 	191	20.00
784 	 785 	204	21.00
784 	 816 	165	17.00
785 	 786 	217	18.00
785 	 817 	232	21.00
786 	 787 	232	16.00
787 	 788 	229	21.00
788 	 789 	209	18.00
789 	 790 	203	21.00
790 	 791 	192	20.00
791 	 792 	203	19.00
792 	 793 	175	19.00
793 	 794 	188	23.00
793 	 825 	231	23.00
794 	 795 	168	16.00
794 	 826 	175	20.00
795 	 796 	187	21.00
796 	 797 	212	18.00
797 	 798 	203	23.00
797 	 829 	225	20.00
798 	 799 	171	19.00
800 	 801 	187	24.00
800 	 832 	233	20.00
801 	 802 	180	18.00
801 	 833 	221	22.00
802 	 803 	237	17.00
802 	 834 	223	18.00
803 	 804 	164	22.00
803 	 835 	167	19.00
804 	 805 	228	16.00
804 	 836 	239	17.00
805 	 806 	218	23.00
806 	 807 	232	17.00
806 	 838 	176	23.00
807 	 808 	223	24.00
808 	 809 	238	21.00
808 	 840 	171	17.00
810 	 811 	219	16.00
810 	 842 	177	18.00
811 	 812 	182	16.00
811 	 843 	193	21.00
812 	 813 	236	23.00
812 	 844 	223	16.00
813 	 814 	195	18.00
814 	 815 	238	22.00
814 	 846 	223	16.00
815 	 816 	221	20.00
816 	 817 	224	22.00
816 	 848 	181	22.00
817 	 818 	177	19.00
817 	 849 	180	20.00
818 	 819 	211	21.00
819 	 820 	165	17.00
819 	 851 	184	16.00
820 	 821 	239	20.00
820 	 852 	221	20.00
821 	 822 	183	21.00
822 	 823 	190	24.00
823 	 824 	234	17.00
823 	 855 	204	23.00
824 	 825 	164	21.00
824 	 856 	190	19.00
825 	 826 	179	20.00
825 	 857 	194	16.00
826 	 827 	198	22.00
827 	 828 	183	19.00
828 	 829 	161	24.00
828 	 860 	173	23.00
829 	 830 	162	24.00
829 	 861 	166	22.00
830 	 831 	196	24.00
830 	 862 	229	16.00
832 	 833 	175	19.00
832 	 864 	201	22.00
833 	 834 	230	17.00
833 	 865 	181	20.00
834 	 835 	202	16.00
835 	 836 	183	24.00
836 	 837 	189	18.00
836 	 868 	191	23.00
837 	 838 	218	22.00
837 	 869 	210	24.00
838 	 839 	238	16.00
838 	 870 	227	21.00
839 	 840 	193	23.00
839 	 871 	239	18.00
841 	 842 	219	20.00
842 	 843 	227	22.00
842 	 874 	233	21.00
843 	 844 	210	17.00
844 	 845 	194	19.00
845 	 877 	219	21.00
847 	 848 	180	19.00
848 	 849 	196	19.00
848 	 880 	213	18.00
849 	 850 	207	18.00
850 	 851 	183	18.00
850 	 882 	163	24.00
851 	 852 	173	24.00
852 	 853 	191	16.00
853 	 854 	187	24.00
853 	 885 	202	16.00
854 	 855 	210	17.00
854 	 886 	178	23.00
855 	 856 	221	22.00
856 	 857 	217	24.00
856 	 888 	214	16.00
857 	 858 	231	23.00
857 	 889 	230	21.00
858 	 859 	166	17.00
858 	 890 	196	17.00
859 	 860 	187	17.00
859 	 891 	196	23.00
861 	 862 	202	18.00
861 	 893 	230	19.00
862 	 863 	227	21.00
862 	 894 	164	24.00
863 	 895 	175	23.00
864 	 865 	190	18.00
865 	 866 	166	20.00
865 	 897 	215	16.00
866 	 867 	204	19.00
866 	 898 	179	19.00
867 	 868 	187	23.00
869 	 870 	226	17.00
869 	 901 	195	20.00
870 	 871 	189	21.00
871 	 872 	221	18.00
872 	 873 	160	19.00
872 	 904 	217	17.00
874 	 875 	204	18.00
874 	 906 	166	16.00
875 	 876 	232	20.00
876 	 877 	188	20.00
876 	 908 	174	17.00
877 	 878 	238	21.00
878 	 879 	203	18.00
878 	 910 	196	16.00
879 	 880 	203	19.00
879 	 911 	167	17.00
880 	 881 	172	23.00
881 	 882 	228	19.00
881 	 913 	170	23.00
882 	 883 	180	22.00
882 	 914 	205	16.00
884 	 885 	182	19.00
884 	 916 	167	22.00
885 	 886 	197	21.00
885 	 917 	204	21.00
887 	 888 	192	20.00
887 	 919 	223	19.00
888 	 889 	171	23.00
888 	 920 	210	23.00
889 	 890 	177	20.00
890 	 891 	231	19.00
890 	 922 	165	21.00
891 	 892 	222	23.00
891 	 923 	225	22.00
893 	 894 	199	24.00
893 	 925 	189	22.00
894 	 895 	202	22.00
896 	 897 	205	17.00
896 	 928 	204	23.00
897 	 898 	205	24.00
897 	 929 	188	16.00
898 	 899 	166	19.00
898 	 930 	169	18.00
899 	 900 	171	21.00
900 	 901 	189	20.00
901 	 902 	184	18.00
901 	 933 	163	22.00
903 	 904 	216	24.00
903 	 935 	182	24.00
904 	 905 	228	19.00
904 	 936 	163	24.00
905 	 906 	229	18.00
905 	 937 	239	22.00
906 	 907 	223	21.00
906 	 938 	188	16.00
907 	 908 	165	16.00
907 	 939 	229	17.00
908 	 909 	196	23.00
910 	 911 	237	17.00
911 	 912 	170	18.00
912 	 913 	168	23.00
912 	 944 	236	24.00
913 	 914 	170	19.00
913 	 945 	178	23.00
914 	 915 	165	18.00
914 	 946 	175	20.00
915 	 916 	199	24.00
917 	 918 	202	23.00
917 	 949 	213	17.00
918 	 919 	160	22.00
919 	 920 	227	16.00
919 	 951 	195	19.00
920 	 921 	223	24.00
921 	 922 	178	18.00
921 	 953 	161	22.00
922 	 923 	174	21.00
923 	 924 	218	22.00
924 	 925 	216	21.00
924 	 956 	222	24.00
925 	 926 	164	24.00
925 	 957 	223	16.00
926 	 927 	192	20.00
926 	 958 	236	19.00
928 	 929 	203	21.00
929 	 930 	230	19.00
929 	 961 	216	24.00
930 	 931 	221	21.00
930 	 962 	179	17.00
931 	 932 	232	20.00
931 	 963 	238	19.00
932 	 933 	231	19.00
932 	 964 	218	24.00
934 	 935 	226	23.00
934 	 966 	173	17.00
935 	 967 	222	21.00
937 	 938 	182	24.00
937 	 969 	162	16.00
938 	 939 	177	21.00
938 	 970 	198	21.00
939 	 940 	202	23.00
941 	 942 	240	17.00
942 	 943 	189	24.00
942 	 974 	170	20.00
943 	 944 	181	24.00
944 	 945 	210	19.00
944 	 976 	184	17.00
945 	 946 	181	24.00
946 	 947 	208	22.00
947 	 948 	183	22.00
948 	 949 	177	24.00
948 	 980 	186	20.00
949 	 950 	216	21.00
949 	 981 	173	17.00
950 	 951 	174	16.00
952 	 953 	197	24.00
952 	 984 	176	24.00
953 	 954 	225	24.00
953 	 985 	168	17.00
954 	 955 	231	24.00
954 	 986 	222	19.00
955 	 956 	196	24.00
956 	 957 	162	18.00
956 	 988 	231	20.00
957 	 958 	231	17.00
957 	 989 	203	23.00
958 	 959 	164	18.00
958 	 990 	225	21.00
959 	 991 	170	21.00
960 	 961 	211	17.00
962 	 963 	233	22.00
962 	 994 	168	16.00
963 	 964 	222	22.00
963 	 995 	188	17.00
964 	 965 	207	16.00
965 	 966 	164	23.00
965 	 997 	178	16.00
966 	 967 	170	21.00
967 	 968 	195	20.00
967 	 999 	164	23.00
968 	 969 	229	20.00
968 	 1000 	202	18.00
969 	 970 	239	20.00
969 	 1001 	161	23.00
970 	 971 	182	17.00
971 	 972 	190	24.00
972 	 973 	195	24.00
972 	 1004 	239	16.00
973 	 974 	231	22.00
974 	 975 	164	22.00
974 	 1006 	229	23.00
975 	 976 	222	18.00
975 	 1007 	206	20.00
977 	 978 	206	22.00
977 	 1009 	229	21.00
978 	 979 	192	19.00
978 	 1010 	227	17.00
979 	 980 	225	20.00
981 	 982 	233	22.00
981 	 1013 	175	18.00
982 	 983 	210	22.00
982 	 1014 	181	19.00
983 	 984 	188	21.00
983 	 1015 	176	18.00
984 	 985 	206	17.00
985 	 986 	192	17.00
985 	 1017 	224	20.00
986 	 987 	183	20.00
987 	 988 	190	24.00
988 	 989 	171	19.00
988 	 1020 	175	16.00
989 	 990 	189	23.00
989 	 1021 	235	22.00
990 	 991 	237	22.00
990 	 1022 	211	22.00
991 	 1023 	215	16.00
992 	 993 	160	21.00
993 	 994 	164	16.00
995 	 996 	203	20.00
997 	 998 	171	16.00
999 	 1000 	229	16.00
1002 	 1003 	238	22.00
1003 	 1004 	216	17.00
1005 	 1006 	160	24.00
1006 	 1007 	171	16.00
1007 	 1008 	190	19.00
1008 	 1009 	221	19.00
1009 	 1010 	219	16.00
1010 	 1011 	196	23.00
1011 	 1012 	168	20.00
1013 	 1014 	165	21.00
1014 	 1015 	171	23.00
1015 	 1016 	167	20.00
1017 	 1018 	234	22.00
1018 	 1019 	233	18.00
1019 	 1020 	173	24.00
1020 	 1021 	235	18.00
1021 	 1022 	227	22.00
1022 	 1023 	192	23.00
