1024 	 1488 	 20 	 0.30 
 
-19	29	0
107	12	0
217	14	0
298	17	0
435	23	0
520	-25	0
583	11	0
719	5	0
776	-22	0
916	-18	7
980	-10	7
1085	26	7
1197	7	7
1308	24	7
1407	-9	7
1492	-11	7
1610	-19	5
1726	-2	5
1799	-2	5
1899	-35	5
1983	-13	5
2148	-7	5
2201	18	5
2294	1	5
2386	10	3
2502	5	3
2589	-12	3
2678	-5	3
2831	-20	3
2917	11	3
3040	-7	3
3092	-38	3
9	124	0
88	92	0
206	66	0
289	110	0
403	94	0
528	80	0
591	127	0
689	94	0
781	118	7
873	127	7
988	59	7
1124	91	7
1177	85	7
1260	103	7
1395	122	7
1464	73	7
1641	97	5
1693	85	5
1781	128	5
1894	87	5
2016	118	5
2087	119	5
2212	71	5
2343	95	3
2413	101	3
2533	99	3
2580	135	3
2667	93	3
2772	65	3
2895	76	3
3018	101	3
3117	124	3
7	225	0
112	219	0
174	224	0
313	214	0
391	160	0
529	194	0
609	199	0
681	206	0
791	185	0
889	192	7
997	202	7
1104	182	7
1198	217	7
1304	209	7
1377	204	7
1526	211	7
1592	187	5
1707	178	5
1760	208	5
1856	184	5
2028	205	5
2079	165	5
2237	232	3
2283	217	3
2361	185	3
2529	180	3
2584	193	3
2683	164	3
2810	162	3
2878	179	3
3016	199	3
3098	182	3
-9	316	0
123	312	0
190	321	0
329	320	0
386	342	0
472	310	0
585	271	0
702	306	0
784	298	0
929	311	7
978	293	7
1091	295	7
1191	284	7
1305	300	7
1428	282	7
1507	315	5
1556	293	5
1715	299	5
1814	284	5
1901	316	5
2003	291	5
2126	298	5
2227	347	3
2277	259	3
2411	291	3
2476	330	3
2627	272	3
2726	262	3
2799	308	3
2913	282	3
3047	327	3
3110	301	3
11	385	0
78	389	0
219	390	0
268	421	0
389	398	0
546	379	0
614	393	0
697	378	0
770	407	0
906	408	7
985	427	7
1116	400	7
1221	376	7
1287	365	7
1400	428	7
1493	366	5
1608	393	5
1676	384	5
1807	388	5
1898	397	5
2004	419	5
2144	410	5
2190	411	5
2316	365	3
2410	405	3
2481	365	3
2562	433	3
2684	416	3
2799	426	3
2903	432	3
2981	397	3
3083	418	3
-11	462	0
96	455	0
167	454	0
300	518	0
375	492	0
466	495	0
611	510	0
699	490	0
829	528	7
868	535	7
1038	517	7
1084	522	7
1212	486	7
1267	503	7
1417	483	7
1531	516	5
1555	514	5
1683	460	5
1794	544	5
1885	513	5
1977	483	5
2110	516	5
2193	486	5
2292	486	5
2395	533	3
2513	522	3
2560	496	3
2674	517	3
2802	514	3
2931	502	3
2997	520	3
3103	473	3
-15	582	0
76	605	0
214	631	0
273	636	0
417	593	0
501	605	0
603	562	0
739	591	0
804	602	7
897	606	7
989	603	7
1098	572	7
1189	573	7
1297	570	7
1404	576	7
1496	640	7
1600	600	5
1695	609	5
1792	568	5
1918	570	5
2005	604	5
2063	591	5
2238	571	5
2292	598	5
2401	608	5
2500	613	3
2641	639	3
2698	604	3
2813	587	3
2888	637	3
2964	591	3
3104	590	3
-26	710	11
143	712	0
190	696	0
299	679	0
435	731	0
514	680	0
626	679	0
740	720	11
813	707	7
908	694	7
997	676	7
1125	693	7
1215	733	7
1292	722	7
1377	732	7
1514	691	7
1574	694	7
1725	698	15
1822	702	5
1917	673	5
1991	704	5
2103	734	5
2223	737	5
2340	689	5
2393	691	5
2488	693	3
2612	710	3
2689	738	3
2789	684	3
2901	729	3
3019	688	3
3117	716	3
9	804	11
107	791	11
186	824	11
337	777	0
425	802	0
495	814	0
638	800	11
699	787	11
784	780	11
884	817	13
1026	819	7
1113	808	7
1217	800	7
1316	792	7
1393	805	7
1482	775	7
1592	792	15
1733	810	15
1769	782	5
1942	780	5
1999	788	5
2110	816	5
2210	806	15
2313	812	5
2384	798	15
2537	788	8
2575	828	8
2701	808	3
2831	785	3
2869	792	8
3008	811	8
3093	831	8
19	874	11
96	894	11
181	901	11
291	870	11
425	936	11
514	912	11
608	915	11
688	887	11
807	912	13
932	868	13
1007	891	7
1128	873	15
1208	904	7
1265	875	7
1399	897	15
1499	929	15
1607	905	15
1684	896	15
1805	883	15
1876	919	15
1969	897	15
2112	877	5
2191	898	15
2316	903	15
2401	860	15
2504	884	8
2600	886	8
2704	931	8
2792	897	8
2921	921	8
3026	873	8
3113	862	8
-32	1014	11
82	1009	11
181	1014	11
323	1003	11
424	1000	11
533	997	11
638	984	11
664	973	11
783	965	11
864	979	11
983	965	15
1121	1002	15
1195	991	15
1274	987	15
1401	992	15
1491	1030	15
1595	984	15
1685	984	15
1776	1029	15
1890	965	15
1965	1014	15
2119	1017	15
2228	964	15
2276	988	15
2432	1018	8
2486	1012	8
2621	1008	8
2734	990	8
2805	999	8
2859	1015	8
2996	971	8
3091	1012	8
14	1094	11
101	1129	11
209	1098	11
326	1114	11
411	1134	11
483	1102	11
615	1126	11
700	1080	11
807	1064	11
928	1110	11
986	1128	12
1122	1085	15
1186	1085	15
1307	1090	15
1414	1119	15
1458	1053	15
1597	1087	15
1718	1104	15
1817	1085	15
1861	1111	15
1960	1098	15
2142	1109	15
2195	1111	15
2299	1100	8
2401	1094	8
2486	1113	8
2597	1102	8
2678	1102	8
2787	1127	8
2924	1104	8
3014	1115	8
3107	1083	8
41	1196	11
107	1208	11
236	1214	11
306	1184	11
379	1203	11
478	1190	11
589	1215	11
651	1172	11
779	1175	11
905	1216	11
1010	1207	12
1081	1199	12
1174	1180	12
1262	1157	12
1395	1227	15
1460	1240	15
1589	1214	14
1711	1174	15
1767	1162	15
1900	1177	15
2030	1193	15
2103	1200	15
2221	1232	15
2281	1183	8
2402	1178	8
2517	1210	8
2591	1183	8
2684	1191	8
2798	1215	8
2911	1158	8
3011	1225	8
3075	1194	8
-39	1305	11
75	1297	11
210	1280	11
315	1303	11
381	1308	11
505	1260	11
638	1264	11
684	1305	11
819	1292	11
887	1325	12
998	1269	12
1076	1329	12
1234	1284	12
1296	1304	12
1404	1334	12
1469	1291	14
1601	1298	14
1696	1304	14
1763	1280	14
1893	1285	14
1995	1321	14
2098	1302	14
2180	1297	14
2310	1291	14
2374	1338	8
2519	1323	8
2632	1297	8
2710	1317	8
2840	1320	8
2896	1320	8
2987	1339	8
3101	1289	8
0	1406	11
117	1428	10
186	1361	11
290	1379	11
424	1433	11
493	1401	11
616	1406	11
689	1385	11
802	1401	11
902	1390	12
1000	1381	12
1118	1369	12
1197	1397	12
1257	1362	12
1435	1403	12
1496	1404	12
1589	1394	12
1720	1436	14
1785	1390	14
1909	1411	14
1971	1439	14
2088	1397	14
2204	1395	14
2319	1436	14
2422	1406	8
2473	1361	8
2614	1385	8
2675	1420	8
2803	1425	8
2871	1400	8
2989	1436	8
3114	1376	8
32	1514	10
88	1488	10
247	1503	10
298	1493	10
402	1510	11
506	1514	11
590	1466	11
711	1495	11
819	1500	12
886	1490	12
1014	1506	12
1128	1528	12
1181	1514	12
1318	1485	12
1444	1497	12
1474	1515	12
1576	1486	14
1724	1457	14
1800	1476	14
1927	1463	14
2025	1503	14
2080	1528	14
2221	1501	14
2323	1540	14
2399	1474	14
2521	1477	8
2584	1506	8
2687	1473	8
2820	1519	8
2903	1523	8
2990	1523	8
3080	1504	8
42	1579	10
75	1638	10
232	1571	10
328	1630	10
444	1626	10
524	1602	10
596	1616	10
687	1610	12
824	1618	12
913	1591	12
979	1585	12
1087	1620	12
1183	1577	12
1317	1563	12
1375	1633	12
1485	1598	12
1578	1618	12
1713	1606	14
1787	1607	14
1914	1594	14
1976	1602	14
2134	1631	14
2228	1584	14
2283	1583	14
2390	1605	14
2492	1610	9
2576	1572	8
2688	1576	8
2801	1617	8
2920	1595	8
2986	1588	8
3069	1623	8
-1	1654	10
96	1667	10
200	1669	10
297	1713	10
389	1737	10
509	1683	10
613	1660	10
721	1715	12
834	1697	12
866	1675	12
1018	1699	12
1124	1660	12
1228	1690	12
1317	1694	12
1423	1698	12
1496	1709	12
1566	1662	12
1708	1679	14
1781	1718	14
1884	1737	14
1984	1696	14
2102	1707	14
2208	1709	14
2310	1723	14
2422	1731	9
2492	1696	9
2632	1738	9
2651	1700	9
2790	1746	9
2904	1715	9
2988	1699	9
3064	1666	9
-29	1782	10
68	1774	10
213	1803	10
291	1797	10
414	1784	10
481	1785	10
573	1816	10
728	1834	10
818	1843	10
918	1811	12
1005	1813	12
1105	1795	12
1208	1773	12
1267	1835	12
1366	1786	12
1507	1795	12
1557	1803	12
1687	1769	14
1828	1826	14
1902	1810	14
2035	1780	14
2098	1787	14
2198	1827	14
2272	1812	9
2399	1797	9
2496	1843	9
2606	1823	9
2711	1833	9
2811	1814	9
2903	1801	9
2999	1842	9
3106	1797	9
6	1911	10
77	1907	10
154	1929	10
328	1905	10
402	1914	10
490	1924	10
599	1913	10
743	1856	10
791	1888	10
897	1899	10
987	1886	12
1089	1928	12
1174	1927	12
1301	1891	12
1383	1892	12
1533	1923	12
1625	1907	14
1694	1936	14
1799	1911	14
1880	1872	14
2037	1898	14
2072	1916	14
2216	1880	9
2300	1896	9
2397	1890	9
2498	1947	9
2579	1903	9
2687	1933	9
2812	1922	9
2892	1861	9
3006	1897	9
3118	1906	9
11	2000	10
82	2011	10
196	1993	10
329	1979	10
403	2037	10
500	2006	10
616	2021	10
701	1966	10
775	2011	10
901	2022	12
1005	2027	12
1084	2004	12
1190	2002	12
1328	1991	12
1429	1990	16
1470	1969	12
1562	2010	14
1727	2006	14
1818	2025	14
1887	1961	14
1973	2001	14
2107	2018	14
2235	2039	9
2290	2002	9
2373	2000	9
2522	1998	9
2590	1967	9
2713	2012	9
2805	2020	9
2920	1979	9
2977	2009	9
3098	2021	9
4	2055	10
136	2078	10
183	2089	10
285	2126	10
419	2111	10
538	2080	10
600	2108	10
696	2124	10
804	2096	10
891	2122	6
999	2088	6
1081	2081	12
1216	2097	6
1310	2125	6
1406	2080	16
1526	2086	16
1623	2066	14
1705	2122	14
1809	2123	14
1889	2101	14
1976	2102	14
2137	2084	17
2174	2080	9
2316	2120	9
2411	2090	9
2504	2072	9
2585	2099	9
2699	2106	9
2808	2081	9
2898	2099	9
2995	2088	9
3118	2099	9
-42	2164	10
91	2215	10
194	2195	10
314	2203	10
410	2175	10
487	2194	10
630	2178	10
701	2206	6
793	2155	6
931	2201	6
1040	2184	6
1066	2182	6
1182	2192	6
1268	2237	6
1404	2180	6
1501	2202	16
1562	2171	16
1681	2200	16
1810	2188	14
1878	2160	14
2016	2207	17
2119	2176	17
2205	2192	9
2275	2215	9
2393	2199	9
2496	2201	9
2621	2152	9
2685	2184	9
2808	2206	9
2912	2166	9
3013	2191	9
3084	2192	9
3	2282	10
110	2296	10
195	2267	10
320	2283	1
416	2336	1
498	2323	1
624	2331	6
721	2298	6
843	2285	6
898	2338	6
1044	2336	6
1135	2308	6
1201	2264	6
1334	2293	6
1416	2306	6
1506	2261	6
1608	2339	6
1698	2266	16
1803	2319	4
1930	2294	14
2007	2281	4
2061	2270	17
2166	2284	17
2299	2341	9
2426	2306	9
2489	2301	9
2569	2342	2
2732	2326	9
2797	2280	2
2864	2329	2
3016	2321	9
3110	2324	9
1	2397	10
130	2401	1
172	2362	1
301	2412	1
388	2371	1
484	2434	6
591	2417	6
737	2384	6
784	2410	6
940	2424	6
998	2433	6
1108	2387	6
1180	2395	6
1299	2381	6
1421	2415	6
1506	2403	4
1615	2377	4
1709	2422	4
1797	2382	4
1878	2428	4
1951	2389	4
2095	2419	4
2165	2379	4
2310	2421	18
2415	2402	18
2492	2388	2
2572	2398	2
2710	2425	2
2835	2406	2
2881	2389	2
2979	2399	9
3110	2391	9
-34	2519	1
96	2500	1
180	2499	1
311	2494	1
401	2499	1
510	2484	1
566	2514	1
702	2481	6
814	2469	6
896	2491	6
1004	2473	6
1097	2479	6
1217	2480	6
1286	2473	6
1407	2504	4
1492	2548	4
1633	2490	4
1719	2517	4
1816	2502	4
1902	2489	4
1994	2512	4
2125	2497	4
2205	2502	18
2255	2513	18
2402	2512	18
2453	2482	18
2640	2529	2
2665	2512	2
2796	2495	2
2910	2528	2
2987	2483	2
3134	2481	9
24	2582	1
91	2581	1
221	2593	1
260	2582	1
416	2572	1
490	2622	1
623	2583	1
694	2636	6
833	2646	1
917	2574	6
1049	2632	6
1077	2608	6
1211	2580	6
1277	2608	6
1399	2610	4
1539	2574	4
1597	2589	4
1723	2594	4
1786	2560	4
1902	2627	4
2027	2594	4
2090	2614	4
2224	2601	18
2322	2560	2
2403	2614	2
2469	2603	2
2638	2634	2
2654	2600	2
2809	2577	2
2920	2596	2
3025	2584	2
3129	2592	2
-1	2727	1
75	2707	1
196	2684	1
291	2693	1
436	2671	1
476	2700	1
596	2678	1
718	2709	1
826	2725	1
917	2688	6
1041	2676	6
1114	2739	6
1170	2700	6
1270	2714	4
1399	2676	4
1537	2703	4
1626	2736	4
1744	2685	4
1807	2688	4
1889	2698	4
1980	2695	4
2098	2710	4
2228	2677	18
2269	2699	2
2377	2702	2
2521	2683	2
2555	2682	2
2675	2708	2
2762	2713	2
2901	2693	2
3025	2707	2
3057	2727	2
-21	2781	1
80	2777	1
186	2807	1
335	2785	1
448	2828	1
521	2800	1
601	2797	1
710	2813	1
792	2832	1
894	2804	1
1033	2790	6
1121	2793	6
1214	2804	6
1316	2818	4
1418	2785	4
1509	2777	4
1609	2809	4
1699	2796	4
1776	2816	4
1908	2824	4
2030	2829	4
2105	2820	4
2204	2793	2
2316	2793	19
2423	2830	2
2466	2825	2
2581	2796	2
2660	2784	2
2821	2808	2
2900	2793	2
2997	2770	2
3075	2789	2
26	2901	1
53	2880	1
196	2942	1
305	2926	1
400	2908	1
466	2910	1
599	2912	1
709	2888	1
801	2909	1
937	2875	6
992	2933	6
1061	2861	6
1246	2947	6
1326	2894	4
1394	2899	6
1536	2902	4
1604	2868	4
1702	2924	4
1829	2885	4
1925	2903	4
2015	2882	4
2082	2895	4
2213	2906	2
2304	2927	2
2412	2906	2
2499	2867	2
2612	2904	2
2730	2890	2
2820	2899	2
2917	2889	2
3020	2901	2
3144	2930	2
19	2976	1
70	2973	1
182	3009	1
312	2987	1
400	2991	1
474	3019	1
647	2974	1
725	3018	1
792	2960	1
884	2976	1
1003	2997	6
1130	2987	6
1178	2994	6
1308	2993	6
1379	2984	6
1478	2976	4
1627	3023	4
1700	3023	4
1807	2995	4
1924	2998	4
2045	2990	4
2088	3000	4
2153	3020	4
2300	2977	2
2421	3002	2
2501	3011	2
2618	3001	2
2669	3011	2
2801	3000	2
2865	2987	2
3033	3032	2
3093	3023	2
41	3134	1
109	3087	1
193	3089	1
293	3111	1
436	3100	1
533	3123	1
571	3109	1
692	3108	1
792	3123	1
933	3128	6
968	3101	6
1100	3094	6
1190	3120	6
1283	3120	6
1390	3086	4
1550	3077	4
1615	3085	4
1710	3105	4
1781	3077	4
1901	3060	4
1983	3110	4
2080	3099	4
2167	3125	4
2276	3059	2
2402	3095	2
2523	3098	2
2578	3122	2
2738	3139	2
2794	3093	2
2895	3133	2
2983	3109	2
3086	3109	2

0 	 1 	185	21.00
0 	 32 	217	16.00
1 	 2 	222	22.00
2 	 3 	216	19.00
2 	 34 	221	21.00
3 	 4 	206	18.00
3 	 35 	163	23.00
4 	 5 	238	16.00
4 	 36 	194	16.00
5 	 6 	191	20.00
6 	 7 	204	19.00
7 	 8 	208	23.00
8 	 9 	231	17.00
8 	 40 	227	19.00
9 	 10 	211	16.00
9 	 41 	187	21.00
10 	 11 	233	19.00
12 	 13 	192	17.00
12 	 44 	171	18.00
13 	 14 	224	19.00
14 	 15 	228	21.00
15 	 16 	191	21.00
15 	 47 	184	24.00
16 	 17 	186	22.00
16 	 48 	228	16.00
17 	 18 	211	18.00
17 	 49 	208	22.00
18 	 19 	219	21.00
18 	 50 	200	18.00
19 	 20 	191	16.00
19 	 51 	163	20.00
20 	 21 	173	22.00
21 	 22 	179	17.00
21 	 53 	185	20.00
22 	 23 	211	18.00
22 	 54 	202	21.00
23 	 24 	214	23.00
23 	 55 	183	18.00
24 	 25 	227	24.00
24 	 56 	208	18.00
25 	 26 	204	23.00
25 	 57 	195	19.00
27 	 28 	172	20.00
27 	 59 	161	20.00
28 	 29 	212	17.00
29 	 30 	178	16.00
29 	 61 	232	22.00
30 	 31 	210	20.00
30 	 62 	207	24.00
31 	 63 	169	21.00
32 	 33 	233	18.00
32 	 64 	197	24.00
33 	 34 	239	24.00
33 	 65 	185	20.00
35 	 36 	167	23.00
36 	 37 	168	23.00
36 	 68 	178	18.00
37 	 38 	235	23.00
37 	 69 	169	24.00
38 	 39 	230	19.00
38 	 70 	162	23.00
39 	 40 	219	21.00
39 	 71 	221	23.00
40 	 41 	212	19.00
40 	 72 	196	16.00
41 	 42 	174	24.00
42 	 43 	179	19.00
42 	 74 	190	18.00
43 	 44 	196	20.00
43 	 75 	176	19.00
44 	 45 	207	19.00
44 	 76 	186	22.00
45 	 46 	216	20.00
46 	 47 	169	20.00
46 	 78 	170	17.00
47 	 48 	225	17.00
47 	 79 	224	24.00
48 	 49 	240	22.00
48 	 80 	193	22.00
49 	 50 	192	16.00
49 	 81 	205	19.00
50 	 51 	220	19.00
50 	 82 	213	20.00
51 	 52 	206	22.00
52 	 53 	164	22.00
52 	 84 	231	19.00
53 	 54 	184	24.00
53 	 85 	198	24.00
54 	 55 	178	20.00
54 	 86 	164	18.00
55 	 56 	219	22.00
55 	 87 	221	17.00
56 	 57 	216	20.00
57 	 58 	162	16.00
57 	 89 	225	21.00
58 	 59 	236	22.00
58 	 90 	172	20.00
60 	 61 	166	21.00
60 	 92 	228	20.00
61 	 62 	196	24.00
61 	 93 	233	24.00
62 	 63 	182	21.00
63 	 95 	202	19.00
64 	 65 	234	18.00
64 	 96 	166	23.00
65 	 66 	199	21.00
65 	 97 	210	18.00
66 	 67 	189	23.00
66 	 98 	189	17.00
67 	 99 	225	20.00
69 	 70 	211	21.00
69 	 101 	161	21.00
70 	 71 	227	16.00
70 	 102 	216	16.00
71 	 72 	168	17.00
72 	 73 	182	24.00
72 	 104 	174	22.00
73 	 74 	205	19.00
73 	 105 	229	22.00
75 	 76 	184	20.00
75 	 107 	187	22.00
76 	 77 	206	17.00
76 	 108 	220	17.00
77 	 78 	178	21.00
78 	 79 	191	23.00
78 	 110 	189	23.00
79 	 80 	183	20.00
79 	 111 	220	16.00
80 	 81 	215	18.00
82 	 83 	169	20.00
82 	 114 	238	20.00
83 	 115 	191	19.00
85 	 86 	168	21.00
85 	 117 	191	24.00
86 	 87 	203	20.00
86 	 118 	196	23.00
87 	 88 	199	22.00
87 	 119 	194	23.00
89 	 90 	185	17.00
89 	 121 	205	19.00
90 	 91 	168	22.00
90 	 122 	205	18.00
91 	 92 	169	18.00
91 	 123 	169	21.00
93 	 94 	227	24.00
93 	 125 	212	22.00
95 	 127 	160	19.00
96 	 97 	214	18.00
96 	 128 	172	21.00
97 	 98 	183	16.00
98 	 99 	206	18.00
100 	 101 	174	19.00
100 	 132 	175	18.00
101 	 102 	216	18.00
101 	 133 	226	24.00
102 	 103 	170	19.00
103 	 104 	232	23.00
104 	 105 	218	16.00
104 	 136 	174	18.00
105 	 106 	214	24.00
106 	 107 	229	20.00
106 	 138 	191	23.00
107 	 108 	212	21.00
107 	 139 	170	16.00
108 	 109 	229	18.00
109 	 110 	215	18.00
109 	 141 	217	19.00
110 	 111 	229	24.00
110 	 142 	200	24.00
111 	 112 	209	18.00
111 	 143 	186	18.00
113 	 114 	175	16.00
113 	 145 	202	22.00
114 	 115 	176	19.00
114 	 146 	209	18.00
115 	 116 	236	22.00
116 	 117 	216	18.00
117 	 118 	228	19.00
117 	 149 	161	20.00
118 	 119 	161	16.00
118 	 150 	182	18.00
119 	 120 	170	22.00
120 	 121 	189	23.00
120 	 152 	203	20.00
121 	 122 	183	19.00
121 	 153 	230	22.00
122 	 123 	169	20.00
122 	 154 	228	19.00
123 	 124 	195	22.00
123 	 155 	212	20.00
125 	 126 	217	23.00
126 	 127 	160	20.00
126 	 158 	189	22.00
127 	 159 	167	23.00
128 	 129 	174	17.00
129 	 130 	194	21.00
129 	 161 	185	23.00
130 	 131 	181	16.00
130 	 162 	228	18.00
131 	 132 	218	16.00
131 	 163 	179	18.00
132 	 133 	213	19.00
132 	 164 	187	17.00
133 	 134 	176	23.00
134 	 135 	163	21.00
135 	 136 	219	21.00
136 	 137 	210	19.00
136 	 168 	184	17.00
138 	 139 	198	17.00
139 	 140 	212	23.00
139 	 171 	189	19.00
140 	 141 	221	17.00
140 	 172 	183	23.00
141 	 142 	205	24.00
141 	 173 	226	23.00
142 	 143 	200	16.00
142 	 174 	190	24.00
143 	 144 	222	23.00
143 	 175 	206	17.00
144 	 145 	171	18.00
144 	 176 	170	17.00
145 	 146 	198	19.00
145 	 177 	197	20.00
146 	 147 	233	24.00
146 	 178 	190	19.00
147 	 148 	188	24.00
147 	 179 	177	20.00
149 	 150 	166	23.00
150 	 151 	215	19.00
151 	 152 	197	22.00
151 	 183 	230	23.00
152 	 153 	213	23.00
152 	 184 	218	18.00
153 	 154 	222	20.00
154 	 155 	191	18.00
154 	 186 	180	22.00
155 	 156 	180	16.00
156 	 157 	177	23.00
156 	 188 	174	19.00
157 	 158 	208	18.00
158 	 159 	182	16.00
159 	 191 	176	20.00
160 	 161 	183	16.00
160 	 192 	209	22.00
161 	 162 	233	23.00
162 	 163 	208	16.00
162 	 194 	227	17.00
163 	 164 	190	19.00
164 	 165 	222	17.00
165 	 166 	205	20.00
165 	 197 	175	21.00
166 	 167 	163	20.00
166 	 198 	190	24.00
167 	 168 	232	19.00
167 	 199 	203	16.00
168 	 169 	230	24.00
168 	 200 	194	20.00
169 	 170 	200	19.00
169 	 201 	174	24.00
170 	 171 	201	16.00
171 	 172 	213	22.00
171 	 203 	222	20.00
172 	 173 	177	22.00
172 	 204 	167	21.00
173 	 174 	190	19.00
173 	 205 	180	21.00
174 	 175 	192	24.00
174 	 206 	215	20.00
176 	 177 	221	17.00
177 	 178 	165	16.00
177 	 209 	240	22.00
179 	 180 	170	24.00
180 	 181 	197	19.00
180 	 212 	160	21.00
181 	 182 	208	17.00
181 	 213 	193	20.00
182 	 183 	162	23.00
182 	 214 	190	18.00
183 	 184 	223	18.00
183 	 215 	229	17.00
184 	 185 	182	22.00
184 	 216 	176	21.00
187 	 188 	188	19.00
187 	 219 	212	16.00
188 	 189 	185	22.00
189 	 190 	204	20.00
189 	 221 	240	18.00
190 	 191 	172	20.00
190 	 222 	167	22.00
191 	 223 	203	19.00
192 	 193 	189	20.00
192 	 224 	178	17.00
193 	 194 	171	24.00
193 	 225 	234	24.00
194 	 195 	217	22.00
194 	 226 	197	16.00
195 	 196 	193	24.00
196 	 197 	208	22.00
197 	 198 	178	21.00
197 	 229 	170	20.00
198 	 199 	218	23.00
199 	 200 	205	22.00
200 	 201 	199	21.00
200 	 232 	191	19.00
201 	 202 	238	24.00
202 	 203 	233	16.00
202 	 234 	165	23.00
203 	 204 	197	21.00
203 	 235 	199	22.00
204 	 205 	202	18.00
204 	 236 	186	19.00
206 	 207 	198	16.00
206 	 238 	192	18.00
207 	 208 	202	17.00
207 	 239 	222	20.00
208 	 209 	178	20.00
209 	 210 	217	24.00
209 	 241 	197	16.00
210 	 211 	170	16.00
210 	 242 	238	20.00
211 	 243 	227	21.00
213 	 214 	225	18.00
213 	 245 	213	22.00
214 	 215 	197	20.00
214 	 246 	203	17.00
215 	 216 	174	18.00
215 	 247 	229	23.00
217 	 218 	195	20.00
217 	 249 	217	18.00
218 	 219 	220	20.00
218 	 250 	229	20.00
219 	 220 	224	18.00
219 	 251 	238	21.00
220 	 221 	185	24.00
220 	 252 	201	16.00
221 	 222 	161	24.00
221 	 253 	172	17.00
222 	 223 	174	18.00
223 	 255 	226	17.00
224 	 225 	175	23.00
225 	 226 	209	22.00
226 	 227 	161	20.00
227 	 228 	216	22.00
227 	 259 	174	21.00
228 	 229 	213	17.00
228 	 260 	166	23.00
229 	 230 	172	22.00
229 	 261 	180	20.00
230 	 231 	172	21.00
231 	 232 	194	20.00
231 	 263 	177	18.00
232 	 233 	202	16.00
233 	 234 	174	23.00
234 	 235 	196	21.00
234 	 266 	172	16.00
235 	 236 	197	21.00
235 	 267 	210	20.00
237 	 238 	223	22.00
237 	 269 	168	19.00
238 	 239 	177	18.00
238 	 270 	220	20.00
239 	 240 	207	18.00
240 	 241 	205	20.00
242 	 243 	209	16.00
242 	 274 	234	23.00
243 	 244 	194	16.00
243 	 275 	218	19.00
244 	 245 	163	22.00
244 	 276 	194	24.00
245 	 246 	163	19.00
245 	 277 	174	16.00
246 	 247 	212	20.00
247 	 248 	161	16.00
247 	 279 	226	21.00
248 	 249 	188	21.00
249 	 250 	231	20.00
249 	 281 	182	17.00
250 	 251 	182	18.00
250 	 282 	162	17.00
251 	 252 	228	23.00
252 	 253 	162	22.00
253 	 254 	191	20.00
253 	 285 	208	17.00
254 	 255 	217	17.00
256 	 257 	213	19.00
256 	 288 	232	21.00
257 	 258 	212	18.00
257 	 289 	200	16.00
258 	 259 	222	22.00
259 	 260 	204	21.00
259 	 291 	180	16.00
262 	 263 	240	23.00
262 	 294 	197	23.00
263 	 264 	232	19.00
263 	 295 	194	24.00
264 	 265 	238	21.00
264 	 296 	236	18.00
266 	 267 	231	16.00
267 	 268 	239	19.00
267 	 299 	169	18.00
268 	 269 	182	22.00
268 	 300 	178	24.00
269 	 270 	201	20.00
269 	 301 	218	19.00
270 	 271 	207	23.00
271 	 272 	211	22.00
271 	 303 	184	21.00
273 	 274 	170	16.00
274 	 275 	183	24.00
274 	 306 	171	21.00
275 	 276 	236	18.00
275 	 307 	232	17.00
276 	 277 	183	17.00
276 	 308 	171	18.00
277 	 278 	202	16.00
278 	 279 	235	19.00
278 	 310 	175	24.00
279 	 280 	213	21.00
280 	 281 	233	19.00
280 	 312 	219	16.00
281 	 282 	221	19.00
283 	 284 	191	16.00
283 	 315 	178	18.00
284 	 285 	197	18.00
285 	 286 	205	19.00
285 	 317 	197	20.00
286 	 287 	189	16.00
286 	 318 	232	18.00
288 	 289 	226	24.00
288 	 320 	221	21.00
289 	 290 	211	22.00
290 	 291 	200	22.00
290 	 322 	215	19.00
292 	 293 	192	24.00
292 	 324 	229	19.00
293 	 294 	183	22.00
294 	 295 	178	22.00
294 	 326 	194	17.00
295 	 296 	216	22.00
295 	 327 	216	21.00
296 	 297 	178	19.00
296 	 328 	166	16.00
297 	 298 	184	19.00
298 	 299 	169	23.00
298 	 330 	208	16.00
299 	 300 	186	16.00
299 	 331 	230	18.00
300 	 301 	189	23.00
300 	 332 	171	20.00
301 	 302 	210	20.00
301 	 333 	227	24.00
302 	 303 	212	21.00
303 	 304 	185	23.00
303 	 335 	174	21.00
304 	 305 	238	20.00
304 	 336 	218	20.00
305 	 306 	181	22.00
305 	 337 	178	21.00
306 	 307 	201	18.00
307 	 308 	225	23.00
307 	 339 	172	18.00
308 	 309 	208	24.00
308 	 340 	199	18.00
309 	 310 	214	23.00
310 	 311 	201	23.00
310 	 342 	209	18.00
311 	 312 	207	17.00
311 	 343 	187	20.00
312 	 313 	211	16.00
313 	 314 	204	18.00
313 	 345 	197	22.00
314 	 315 	230	19.00
315 	 316 	178	24.00
317 	 318 	196	22.00
318 	 319 	194	19.00
318 	 350 	212	18.00
319 	 351 	239	16.00
320 	 321 	229	22.00
320 	 352 	217	22.00
321 	 322 	185	24.00
321 	 353 	188	19.00
322 	 323 	210	17.00
322 	 354 	215	19.00
323 	 324 	234	19.00
323 	 355 	210	21.00
324 	 325 	222	22.00
325 	 326 	207	21.00
326 	 327 	174	19.00
327 	 328 	233	17.00
327 	 359 	173	17.00
328 	 329 	212	22.00
329 	 330 	210	22.00
330 	 331 	213	23.00
330 	 362 	198	19.00
331 	 332 	176	23.00
331 	 363 	176	21.00
332 	 333 	235	21.00
333 	 334 	184	23.00
333 	 365 	212	17.00
334 	 335 	235	23.00
334 	 366 	182	18.00
335 	 336 	167	18.00
335 	 367 	188	18.00
336 	 337 	230	24.00
337 	 338 	168	24.00
337 	 369 	167	20.00
338 	 339 	217	19.00
338 	 370 	201	20.00
339 	 340 	175	17.00
340 	 341 	214	20.00
340 	 372 	238	20.00
341 	 342 	190	23.00
341 	 373 	170	20.00
342 	 343 	164	16.00
342 	 374 	189	23.00
343 	 344 	160	17.00
343 	 375 	163	23.00
344 	 345 	194	18.00
344 	 376 	231	20.00
345 	 346 	216	22.00
347 	 348 	208	21.00
347 	 379 	162	17.00
348 	 349 	201	18.00
349 	 350 	208	19.00
350 	 351 	229	22.00
351 	 383 	160	18.00
352 	 353 	216	22.00
352 	 384 	206	19.00
353 	 354 	227	20.00
353 	 385 	236	22.00
354 	 355 	164	17.00
354 	 386 	164	24.00
355 	 356 	218	19.00
355 	 387 	226	16.00
356 	 357 	226	17.00
357 	 358 	199	17.00
357 	 389 	174	19.00
359 	 360 	182	18.00
360 	 361 	201	24.00
360 	 392 	225	20.00
361 	 362 	175	18.00
361 	 393 	224	20.00
362 	 363 	211	21.00
363 	 364 	201	24.00
363 	 395 	170	16.00
364 	 365 	201	23.00
365 	 366 	201	24.00
365 	 397 	198	23.00
366 	 367 	227	17.00
366 	 398 	168	23.00
367 	 368 	212	22.00
368 	 369 	192	18.00
368 	 400 	182	22.00
369 	 370 	229	24.00
369 	 401 	190	20.00
370 	 371 	194	17.00
370 	 402 	187	22.00
371 	 372 	226	22.00
371 	 403 	236	24.00
372 	 373 	201	22.00
372 	 404 	240	24.00
373 	 374 	187	23.00
374 	 375 	238	20.00
374 	 406 	205	23.00
375 	 376 	219	24.00
375 	 407 	169	20.00
376 	 377 	182	21.00
376 	 408 	163	21.00
377 	 378 	167	19.00
377 	 409 	175	22.00
378 	 379 	216	18.00
378 	 410 	209	24.00
379 	 380 	240	19.00
379 	 411 	202	19.00
380 	 381 	188	19.00
380 	 412 	188	21.00
381 	 382 	193	16.00
381 	 413 	174	21.00
382 	 383 	233	21.00
383 	 415 	225	19.00
384 	 385 	178	22.00
384 	 416 	218	20.00
385 	 386 	226	19.00
385 	 417 	238	19.00
387 	 388 	162	19.00
387 	 419 	171	19.00
388 	 389 	229	18.00
389 	 390 	214	24.00
389 	 421 	166	18.00
390 	 391 	183	23.00
390 	 422 	189	24.00
391 	 392 	205	22.00
391 	 423 	203	19.00
392 	 393 	216	21.00
392 	 424 	205	21.00
393 	 394 	175	24.00
393 	 425 	206	23.00
394 	 395 	184	23.00
395 	 396 	176	20.00
395 	 427 	228	16.00
396 	 397 	221	19.00
396 	 428 	196	18.00
397 	 398 	172	23.00
397 	 429 	210	19.00
398 	 399 	183	23.00
398 	 430 	170	22.00
399 	 400 	171	17.00
399 	 431 	191	20.00
400 	 401 	191	20.00
400 	 432 	169	20.00
401 	 402 	197	24.00
401 	 433 	190	20.00
402 	 403 	180	24.00
402 	 434 	218	16.00
403 	 404 	231	23.00
403 	 435 	169	22.00
404 	 405 	178	24.00
404 	 436 	200	16.00
405 	 406 	172	22.00
405 	 437 	164	23.00
406 	 407 	207	20.00
407 	 408 	172	20.00
407 	 439 	178	22.00
408 	 409 	221	17.00
408 	 440 	200	19.00
409 	 410 	171	20.00
410 	 411 	227	22.00
410 	 442 	200	21.00
411 	 412 	171	19.00
411 	 443 	182	21.00
412 	 413 	212	16.00
412 	 444 	237	18.00
413 	 414 	194	20.00
413 	 445 	197	19.00
414 	 415 	163	24.00
414 	 446 	236	17.00
415 	 447 	198	23.00
416 	 417 	195	19.00
416 	 448 	223	20.00
417 	 418 	185	20.00
417 	 449 	165	21.00
418 	 419 	202	18.00
418 	 450 	168	18.00
419 	 420 	228	17.00
420 	 421 	204	23.00
420 	 452 	233	20.00
421 	 422 	168	18.00
421 	 453 	233	16.00
422 	 423 	222	16.00
422 	 454 	203	24.00
423 	 424 	181	24.00
423 	 455 	191	18.00
424 	 425 	217	20.00
424 	 456 	226	19.00
425 	 426 	238	18.00
427 	 428 	218	23.00
428 	 429 	208	18.00
429 	 430 	221	23.00
430 	 462 	197	23.00
432 	 433 	203	16.00
432 	 464 	192	16.00
433 	 434 	223	22.00
433 	 465 	233	18.00
434 	 435 	174	21.00
434 	 466 	233	19.00
435 	 436 	232	22.00
435 	 467 	168	19.00
436 	 437 	199	24.00
438 	 439 	238	20.00
438 	 470 	217	16.00
439 	 440 	169	23.00
439 	 471 	164	22.00
440 	 441 	239	23.00
440 	 472 	198	22.00
441 	 442 	160	23.00
441 	 473 	184	24.00
442 	 443 	221	22.00
442 	 474 	181	23.00
443 	 444 	166	23.00
443 	 475 	218	24.00
445 	 477 	223	23.00
447 	 479 	223	19.00
448 	 449 	166	24.00
448 	 480 	227	21.00
449 	 450 	204	24.00
449 	 481 	179	19.00
450 	 451 	233	17.00
450 	 482 	185	18.00
451 	 452 	239	20.00
451 	 483 	186	17.00
452 	 453 	216	24.00
452 	 484 	167	17.00
453 	 454 	195	18.00
454 	 455 	167	20.00
454 	 486 	224	22.00
455 	 456 	166	23.00
455 	 487 	218	20.00
456 	 457 	219	16.00
456 	 488 	193	16.00
457 	 458 	215	19.00
457 	 489 	198	21.00
458 	 459 	233	17.00
458 	 490 	231	17.00
459 	 460 	183	18.00
459 	 491 	218	18.00
460 	 461 	223	22.00
460 	 492 	192	16.00
461 	 462 	230	24.00
461 	 493 	174	18.00
462 	 463 	190	18.00
462 	 494 	170	19.00
463 	 464 	165	16.00
463 	 495 	194	23.00
464 	 465 	196	22.00
464 	 496 	225	24.00
465 	 466 	185	22.00
466 	 467 	219	23.00
466 	 498 	172	17.00
468 	 469 	228	20.00
468 	 500 	239	24.00
469 	 470 	217	17.00
470 	 471 	177	23.00
470 	 502 	238	24.00
471 	 472 	223	21.00
472 	 473 	169	22.00
474 	 475 	161	21.00
475 	 476 	211	17.00
475 	 507 	196	17.00
477 	 478 	162	24.00
477 	 509 	228	19.00
478 	 479 	239	21.00
478 	 510 	234	24.00
479 	 511 	211	23.00
480 	 481 	232	17.00
480 	 512 	182	23.00
481 	 482 	208	19.00
481 	 513 	240	16.00
482 	 483 	214	24.00
482 	 514 	183	21.00
483 	 484 	212	18.00
484 	 485 	222	17.00
485 	 486 	190	16.00
486 	 487 	203	18.00
486 	 518 	216	18.00
487 	 488 	206	17.00
488 	 489 	176	24.00
490 	 491 	182	17.00
493 	 494 	183	24.00
494 	 495 	233	19.00
494 	 526 	177	22.00
495 	 496 	182	24.00
496 	 497 	189	23.00
496 	 528 	181	22.00
499 	 500 	209	19.00
500 	 501 	195	23.00
500 	 532 	232	22.00
502 	 503 	174	17.00
502 	 534 	176	18.00
503 	 504 	228	19.00
503 	 535 	230	17.00
504 	 505 	239	24.00
504 	 536 	205	23.00
505 	 506 	206	20.00
508 	 509 	166	24.00
509 	 510 	189	18.00
509 	 541 	169	17.00
510 	 511 	165	17.00
510 	 542 	202	20.00
512 	 513 	173	22.00
512 	 544 	183	16.00
513 	 514 	188	17.00
513 	 545 	224	18.00
514 	 515 	203	16.00
514 	 546 	190	16.00
515 	 516 	232	16.00
515 	 547 	238	20.00
516 	 517 	170	21.00
516 	 548 	203	19.00
518 	 519 	237	23.00
518 	 550 	167	21.00
519 	 520 	223	19.00
521 	 522 	196	17.00
521 	 553 	184	23.00
522 	 523 	215	21.00
522 	 554 	212	23.00
523 	 524 	205	20.00
523 	 555 	234	21.00
524 	 525 	237	18.00
524 	 556 	197	20.00
525 	 526 	179	24.00
525 	 557 	195	19.00
526 	 527 	189	19.00
526 	 558 	178	24.00
527 	 528 	196	16.00
528 	 529 	200	20.00
528 	 560 	227	19.00
530 	 531 	217	16.00
530 	 562 	174	16.00
531 	 532 	237	23.00
531 	 563 	239	17.00
532 	 533 	235	16.00
532 	 564 	181	22.00
533 	 534 	160	20.00
533 	 565 	197	23.00
534 	 535 	199	17.00
534 	 566 	219	17.00
535 	 536 	174	18.00
535 	 567 	162	19.00
536 	 537 	179	24.00
537 	 538 	179	21.00
537 	 569 	209	18.00
538 	 539 	181	18.00
538 	 570 	212	17.00
540 	 541 	235	20.00
540 	 572 	195	21.00
541 	 542 	163	20.00
541 	 573 	171	24.00
542 	 543 	165	24.00
542 	 574 	240	22.00
545 	 546 	195	18.00
546 	 547 	206	22.00
546 	 578 	161	24.00
547 	 548 	240	17.00
549 	 550 	168	16.00
550 	 551 	238	17.00
550 	 582 	221	23.00
551 	 552 	238	16.00
551 	 583 	233	21.00
552 	 553 	217	18.00
552 	 584 	229	21.00
553 	 554 	221	18.00
554 	 555 	178	23.00
555 	 556 	188	19.00
556 	 557 	197	21.00
556 	 588 	234	24.00
557 	 558 	171	22.00
558 	 559 	231	16.00
558 	 590 	185	22.00
559 	 560 	224	21.00
559 	 591 	208	24.00
560 	 561 	199	17.00
565 	 566 	193	18.00
565 	 597 	199	16.00
566 	 567 	207	16.00
566 	 598 	234	24.00
567 	 568 	182	23.00
567 	 599 	218	24.00
568 	 569 	220	18.00
568 	 600 	195	17.00
569 	 570 	191	24.00
571 	 572 	227	16.00
571 	 603 	221	21.00
572 	 573 	201	21.00
572 	 604 	212	21.00
573 	 574 	196	16.00
575 	 607 	224	21.00
576 	 577 	224	16.00
576 	 608 	223	24.00
578 	 579 	215	17.00
578 	 610 	203	20.00
579 	 580 	192	16.00
579 	 611 	231	19.00
580 	 581 	208	20.00
580 	 612 	229	17.00
581 	 582 	212	18.00
581 	 613 	162	21.00
582 	 583 	171	22.00
582 	 614 	161	20.00
584 	 585 	169	24.00
585 	 586 	190	20.00
585 	 617 	177	22.00
586 	 587 	211	19.00
586 	 618 	168	19.00
587 	 588 	161	20.00
587 	 619 	162	22.00
588 	 589 	238	16.00
588 	 620 	238	22.00
589 	 590 	210	23.00
589 	 621 	201	24.00
590 	 591 	193	18.00
591 	 592 	240	24.00
591 	 623 	188	17.00
592 	 593 	215	18.00
592 	 624 	228	23.00
593 	 594 	186	18.00
593 	 625 	219	22.00
594 	 595 	161	17.00
594 	 626 	191	19.00
595 	 596 	186	21.00
595 	 627 	165	23.00
596 	 597 	203	23.00
597 	 598 	207	22.00
598 	 599 	212	24.00
598 	 630 	223	24.00
599 	 600 	227	23.00
600 	 601 	230	16.00
600 	 632 	238	24.00
601 	 602 	181	24.00
601 	 633 	213	17.00
603 	 604 	207	21.00
604 	 605 	223	21.00
604 	 636 	177	22.00
605 	 606 	160	20.00
605 	 637 	214	22.00
606 	 607 	178	23.00
606 	 638 	233	19.00
608 	 609 	216	16.00
608 	 640 	171	17.00
609 	 610 	210	20.00
610 	 611 	193	21.00
611 	 612 	176	22.00
612 	 613 	211	18.00
613 	 614 	168	22.00
614 	 615 	223	17.00
614 	 646 	192	24.00
615 	 616 	215	19.00
616 	 617 	173	23.00
616 	 648 	234	17.00
617 	 618 	237	23.00
618 	 619 	214	16.00
618 	 650 	179	19.00
619 	 620 	160	16.00
619 	 651 	175	18.00
620 	 621 	194	18.00
620 	 652 	176	21.00
621 	 622 	187	24.00
621 	 653 	223	16.00
622 	 623 	164	22.00
622 	 654 	171	16.00
623 	 624 	170	23.00
623 	 655 	221	23.00
624 	 625 	174	21.00
625 	 626 	221	22.00
625 	 657 	191	19.00
626 	 627 	169	23.00
626 	 658 	171	19.00
627 	 628 	199	21.00
627 	 659 	216	21.00
628 	 629 	205	18.00
628 	 660 	169	18.00
629 	 630 	182	20.00
630 	 631 	207	20.00
630 	 662 	217	19.00
631 	 632 	215	18.00
632 	 633 	208	16.00
633 	 634 	162	21.00
634 	 635 	210	24.00
634 	 666 	194	17.00
635 	 636 	198	17.00
636 	 637 	210	18.00
637 	 638 	218	19.00
637 	 669 	212	19.00
638 	 639 	161	24.00
640 	 641 	206	20.00
641 	 642 	240	18.00
641 	 673 	177	16.00
642 	 643 	165	17.00
643 	 644 	162	16.00
644 	 645 	239	17.00
644 	 676 	208	22.00
646 	 647 	218	18.00
646 	 678 	220	24.00
647 	 648 	200	17.00
648 	 649 	204	21.00
648 	 680 	237	21.00
649 	 650 	230	17.00
649 	 681 	213	18.00
650 	 651 	198	19.00
650 	 682 	162	21.00
651 	 652 	163	24.00
651 	 683 	164	18.00
652 	 653 	200	16.00
652 	 684 	226	17.00
653 	 654 	239	16.00
653 	 685 	232	19.00
654 	 655 	162	24.00
654 	 686 	180	16.00
655 	 656 	165	21.00
655 	 687 	170	24.00
656 	 657 	207	24.00
657 	 658 	195	16.00
657 	 689 	168	21.00
658 	 659 	191	21.00
658 	 690 	231	22.00
659 	 660 	193	16.00
659 	 691 	215	19.00
660 	 661 	160	20.00
660 	 692 	169	16.00
662 	 663 	172	16.00
662 	 694 	205	21.00
663 	 664 	202	23.00
664 	 665 	208	20.00
665 	 666 	163	19.00
666 	 667 	217	20.00
668 	 669 	231	24.00
668 	 700 	209	17.00
669 	 670 	218	23.00
669 	 701 	224	23.00
670 	 671 	174	20.00
671 	 703 	199	24.00
672 	 673 	237	20.00
672 	 704 	201	20.00
673 	 674 	224	23.00
674 	 675 	197	23.00
675 	 676 	169	17.00
676 	 677 	186	20.00
676 	 708 	165	19.00
677 	 678 	233	18.00
677 	 709 	219	23.00
678 	 679 	205	19.00
678 	 710 	223	18.00
679 	 680 	198	19.00
679 	 711 	181	21.00
681 	 682 	199	21.00
681 	 713 	162	24.00
682 	 683 	177	21.00
683 	 684 	222	20.00
683 	 715 	230	17.00
685 	 686 	230	24.00
685 	 717 	229	24.00
686 	 687 	201	24.00
686 	 718 	166	20.00
687 	 688 	160	17.00
687 	 719 	236	18.00
688 	 689 	230	18.00
688 	 720 	229	24.00
689 	 690 	232	18.00
689 	 721 	168	17.00
690 	 691 	184	21.00
691 	 692 	165	22.00
693 	 694 	233	16.00
693 	 725 	199	18.00
694 	 695 	169	17.00
694 	 726 	175	20.00
695 	 696 	224	18.00
695 	 727 	191	22.00
696 	 697 	188	22.00
697 	 698 	197	23.00
697 	 729 	171	17.00
698 	 699 	235	19.00
698 	 730 	176	22.00
701 	 702 	173	24.00
702 	 703 	230	23.00
702 	 734 	230	23.00
703 	 735 	168	23.00
704 	 705 	180	23.00
704 	 736 	165	23.00
705 	 706 	226	18.00
705 	 737 	191	22.00
706 	 707 	235	19.00
707 	 708 	212	19.00
707 	 739 	172	23.00
708 	 709 	206	23.00
708 	 740 	196	23.00
709 	 710 	213	20.00
710 	 711 	199	23.00
710 	 742 	233	19.00
711 	 712 	220	16.00
711 	 743 	196	22.00
712 	 713 	191	21.00
712 	 744 	233	20.00
713 	 714 	220	16.00
713 	 745 	202	23.00
714 	 715 	193	16.00
715 	 716 	197	22.00
716 	 717 	238	21.00
716 	 748 	239	19.00
717 	 718 	240	21.00
718 	 719 	232	20.00
718 	 750 	239	23.00
719 	 720 	204	16.00
720 	 721 	161	19.00
720 	 752 	235	19.00
721 	 722 	197	18.00
722 	 723 	235	20.00
723 	 724 	202	20.00
723 	 755 	169	24.00
724 	 725 	210	23.00
725 	 726 	163	24.00
725 	 757 	215	24.00
726 	 727 	189	23.00
726 	 758 	209	23.00
727 	 728 	198	19.00
727 	 759 	179	17.00
728 	 729 	204	19.00
728 	 760 	229	24.00
729 	 730 	203	18.00
730 	 731 	203	16.00
730 	 762 	201	20.00
731 	 732 	191	24.00
731 	 763 	188	24.00
732 	 733 	231	16.00
733 	 734 	238	20.00
733 	 765 	200	17.00
734 	 735 	211	18.00
735 	 767 	226	21.00
736 	 737 	222	17.00
736 	 768 	170	18.00
737 	 738 	170	21.00
738 	 739 	206	16.00
738 	 770 	205	18.00
740 	 741 	228	19.00
741 	 742 	180	24.00
742 	 743 	168	19.00
742 	 774 	209	23.00
743 	 744 	174	22.00
743 	 775 	221	23.00
744 	 745 	169	16.00
744 	 776 	182	21.00
745 	 746 	204	22.00
746 	 747 	180	22.00
746 	 778 	203	23.00
747 	 748 	218	16.00
747 	 779 	185	16.00
748 	 749 	190	21.00
749 	 750 	164	19.00
749 	 781 	194	20.00
750 	 751 	194	20.00
751 	 752 	218	23.00
751 	 783 	211	19.00
752 	 753 	189	17.00
752 	 784 	213	19.00
753 	 754 	236	21.00
754 	 755 	179	17.00
754 	 786 	232	22.00
755 	 756 	237	16.00
755 	 787 	197	21.00
756 	 757 	202	21.00
757 	 758 	196	21.00
757 	 789 	169	21.00
758 	 759 	168	19.00
759 	 760 	194	20.00
759 	 791 	174	23.00
760 	 761 	188	17.00
761 	 762 	236	19.00
761 	 793 	239	17.00
764 	 765 	225	19.00
764 	 796 	209	22.00
765 	 766 	202	24.00
766 	 767 	186	23.00
766 	 798 	240	16.00
767 	 799 	182	17.00
768 	 769 	174	24.00
769 	 770 	238	22.00
770 	 771 	190	18.00
771 	 772 	227	20.00
771 	 803 	233	22.00
772 	 773 	224	16.00
773 	 774 	174	22.00
773 	 805 	185	19.00
774 	 775 	212	16.00
774 	 806 	236	20.00
775 	 776 	179	24.00
775 	 807 	219	18.00
776 	 777 	161	21.00
776 	 808 	237	22.00
777 	 778 	170	24.00
777 	 809 	227	16.00
778 	 779 	172	20.00
778 	 810 	192	18.00
780 	 781 	212	21.00
781 	 782 	180	24.00
781 	 813 	173	23.00
782 	 783 	215	24.00
782 	 814 	194	22.00
783 	 784 	197	21.00
783 	 815 	202	24.00
784 	 785 	237	23.00
784 	 816 	188	22.00
785 	 786 	169	20.00
785 	 817 	199	22.00
786 	 787 	196	18.00
787 	 788 	205	22.00
788 	 789 	162	18.00
789 	 790 	201	20.00
790 	 791 	182	24.00
791 	 792 	221	16.00
792 	 793 	191	23.00
793 	 794 	237	22.00
793 	 825 	220	24.00
794 	 795 	200	17.00
794 	 826 	225	24.00
795 	 796 	175	21.00
796 	 797 	166	17.00
797 	 798 	230	16.00
797 	 829 	164	18.00
798 	 799 	210	17.00
800 	 801 	188	18.00
800 	 832 	214	16.00
801 	 802 	223	20.00
801 	 833 	240	23.00
802 	 803 	174	20.00
802 	 834 	193	23.00
803 	 804 	188	23.00
803 	 835 	186	17.00
804 	 805 	214	16.00
804 	 836 	188	23.00
805 	 806 	232	17.00
806 	 807 	180	20.00
806 	 838 	191	23.00
807 	 808 	202	23.00
808 	 809 	188	24.00
808 	 840 	171	22.00
810 	 811 	189	16.00
810 	 842 	191	19.00
811 	 812 	219	18.00
811 	 843 	181	20.00
812 	 813 	183	16.00
812 	 844 	206	22.00
813 	 814 	184	21.00
814 	 815 	198	21.00
814 	 846 	179	22.00
815 	 816 	200	16.00
816 	 817 	224	20.00
816 	 848 	178	22.00
817 	 818 	231	16.00
817 	 849 	215	18.00
818 	 819 	211	16.00
819 	 820 	208	17.00
819 	 851 	193	21.00
820 	 821 	205	18.00
820 	 852 	229	21.00
821 	 822 	179	20.00
822 	 823 	237	24.00
823 	 824 	160	21.00
823 	 855 	224	20.00
824 	 825 	191	22.00
824 	 856 	189	22.00
825 	 826 	165	16.00
825 	 857 	182	18.00
826 	 827 	222	22.00
827 	 828 	213	24.00
828 	 829 	239	21.00
828 	 860 	190	20.00
829 	 830 	195	18.00
829 	 861 	238	21.00
830 	 831 	199	24.00
830 	 862 	180	20.00
832 	 833 	217	18.00
832 	 864 	222	18.00
833 	 834 	192	23.00
833 	 865 	165	18.00
834 	 835 	201	20.00
835 	 836 	240	22.00
836 	 837 	211	23.00
836 	 868 	184	21.00
837 	 838 	225	18.00
837 	 869 	219	24.00
838 	 839 	213	22.00
838 	 870 	214	23.00
839 	 840 	186	17.00
839 	 871 	172	18.00
841 	 842 	227	17.00
842 	 843 	160	20.00
842 	 874 	176	17.00
843 	 844 	203	23.00
844 	 845 	194	16.00
845 	 877 	218	21.00
847 	 848 	202	20.00
848 	 849 	209	19.00
848 	 880 	188	18.00
849 	 850 	210	23.00
850 	 851 	169	17.00
850 	 882 	204	16.00
851 	 852 	191	22.00
852 	 853 	164	16.00
853 	 854 	176	23.00
853 	 885 	162	18.00
854 	 855 	188	16.00
854 	 886 	187	17.00
855 	 856 	204	21.00
856 	 857 	214	23.00
856 	 888 	183	20.00
857 	 858 	175	21.00
857 	 889 	210	18.00
858 	 859 	169	16.00
858 	 890 	219	21.00
859 	 860 	184	18.00
859 	 891 	203	21.00
861 	 862 	208	20.00
861 	 893 	204	17.00
862 	 863 	170	21.00
862 	 894 	201	21.00
863 	 895 	220	17.00
864 	 865 	167	21.00
865 	 866 	235	16.00
865 	 897 	164	22.00
866 	 867 	185	18.00
866 	 898 	227	20.00
867 	 868 	161	20.00
869 	 870 	175	19.00
869 	 901 	222	23.00
870 	 871 	168	20.00
871 	 872 	174	16.00
872 	 873 	161	20.00
872 	 904 	176	21.00
874 	 875 	183	23.00
874 	 906 	167	20.00
875 	 876 	201	24.00
876 	 877 	180	17.00
876 	 908 	203	21.00
877 	 878 	222	24.00
878 	 879 	193	21.00
878 	 910 	213	18.00
879 	 880 	193	20.00
879 	 911 	188	22.00
880 	 881 	190	21.00
881 	 882 	208	18.00
881 	 913 	177	21.00
882 	 883 	236	22.00
882 	 914 	183	19.00
884 	 885 	173	18.00
884 	 916 	201	24.00
885 	 886 	193	17.00
885 	 917 	209	16.00
887 	 888 	208	19.00
887 	 919 	234	19.00
888 	 889 	233	21.00
888 	 920 	230	24.00
889 	 890 	236	16.00
890 	 891 	180	24.00
890 	 922 	172	22.00
891 	 892 	171	22.00
891 	 923 	192	22.00
893 	 894 	218	20.00
893 	 925 	227	17.00
894 	 895 	210	21.00
896 	 897 	160	21.00
896 	 928 	218	19.00
897 	 898 	214	21.00
897 	 929 	175	21.00
898 	 899 	226	22.00
898 	 930 	166	16.00
899 	 900 	181	16.00
900 	 901 	200	21.00
901 	 902 	202	20.00
901 	 933 	172	18.00
903 	 904 	231	17.00
903 	 935 	190	21.00
904 	 905 	240	23.00
904 	 936 	228	20.00
905 	 906 	164	24.00
905 	 937 	237	24.00
906 	 907 	162	22.00
906 	 938 	209	22.00
907 	 908 	184	18.00
907 	 939 	230	24.00
908 	 909 	180	19.00
910 	 911 	188	23.00
911 	 912 	173	19.00
912 	 913 	216	17.00
912 	 944 	205	21.00
913 	 914 	204	17.00
913 	 945 	186	21.00
914 	 915 	183	16.00
914 	 946 	230	21.00
915 	 916 	192	20.00
917 	 918 	225	18.00
917 	 949 	166	20.00
918 	 919 	187	20.00
919 	 920 	234	23.00
919 	 951 	189	18.00
920 	 921 	165	18.00
921 	 922 	238	20.00
921 	 953 	215	19.00
922 	 923 	174	20.00
923 	 924 	222	19.00
924 	 925 	217	23.00
924 	 956 	211	19.00
925 	 926 	172	18.00
925 	 957 	192	19.00
926 	 927 	180	23.00
926 	 958 	216	24.00
928 	 929 	169	21.00
929 	 930 	199	19.00
929 	 961 	227	20.00
930 	 931 	229	24.00
930 	 962 	187	23.00
931 	 932 	220	21.00
931 	 963 	163	22.00
932 	 933 	231	23.00
932 	 964 	224	24.00
934 	 935 	207	20.00
934 	 966 	200	16.00
935 	 967 	239	21.00
937 	 938 	192	22.00
937 	 969 	202	22.00
938 	 939 	206	23.00
938 	 970 	187	16.00
939 	 940 	239	19.00
941 	 942 	210	22.00
942 	 943 	235	22.00
942 	 974 	237	16.00
943 	 944 	232	23.00
944 	 945 	212	16.00
944 	 976 	199	19.00
945 	 946 	224	21.00
946 	 947 	193	17.00
947 	 948 	220	19.00
948 	 949 	213	17.00
948 	 980 	180	24.00
949 	 950 	188	23.00
949 	 981 	160	24.00
950 	 951 	188	16.00
952 	 953 	214	17.00
952 	 984 	232	23.00
953 	 954 	212	21.00
953 	 985 	197	20.00
954 	 955 	228	21.00
954 	 986 	171	16.00
955 	 956 	221	17.00
956 	 957 	230	19.00
956 	 988 	170	16.00
957 	 958 	188	17.00
957 	 989 	185	19.00
958 	 959 	195	18.00
958 	 990 	207	22.00
959 	 991 	178	21.00
960 	 961 	209	19.00
962 	 963 	175	16.00
962 	 994 	182	17.00
963 	 964 	221	19.00
963 	 995 	185	18.00
964 	 965 	240	22.00
965 	 966 	221	17.00
965 	 997 	189	18.00
966 	 967 	232	20.00
967 	 968 	209	18.00
967 	 999 	204	24.00
968 	 969 	162	23.00
968 	 1000 	174	19.00
969 	 970 	236	17.00
969 	 1001 	185	17.00
970 	 971 	217	16.00
971 	 972 	189	19.00
972 	 973 	194	20.00
972 	 1004 	205	19.00
973 	 974 	209	17.00
974 	 975 	178	21.00
974 	 1006 	189	21.00
975 	 976 	160	20.00
975 	 1007 	218	19.00
977 	 978 	209	17.00
977 	 1009 	218	18.00
978 	 979 	213	23.00
978 	 1010 	175	17.00
979 	 980 	182	21.00
981 	 982 	176	19.00
981 	 1013 	214	19.00
982 	 983 	207	23.00
982 	 1014 	205	24.00
983 	 984 	182	17.00
983 	 1015 	205	16.00
984 	 985 	169	22.00
985 	 986 	221	23.00
985 	 1017 	228	18.00
986 	 987 	234	16.00
987 	 988 	213	24.00
988 	 989 	223	24.00
988 	 1020 	230	24.00
989 	 990 	168	24.00
989 	 1021 	200	20.00
990 	 991 	165	21.00
990 	 1022 	208	16.00
991 	 1023 	232	21.00
992 	 993 	215	21.00
993 	 994 	205	17.00
995 	 996 	234	23.00
997 	 998 	223	18.00
999 	 1000 	218	21.00
1002 	 1003 	208	18.00
1003 	 1004 	229	22.00
1005 	 1006 	237	21.00
1006 	 1007 	209	21.00
1007 	 1008 	190	23.00
1008 	 1009 	182	17.00
1009 	 1010 	224	18.00
1010 	 1011 	240	16.00
1011 	 1012 	211	20.00
1013 	 1014 	169	22.00
1014 	 1015 	215	20.00
1015 	 1016 	184	22.00
1017 	 1018 	229	21.00
1018 	 1019 	168	16.00
1019 	 1020 	161	16.00
1020 	 1021 	172	16.00
1021 	 1022 	192	18.00
1022 	 1023 	170	20.00
