1024 	 1488 	 20 	 0.30 
 
-27	23	0
116	15	0
221	8	0
282	3	0
444	18	0
497	-14	0
612	9	0
696	-1	0
808	-23	7
918	17	7
973	-26	7
1099	3	7
1197	5	7
1272	13	7
1393	29	7
1493	-13	7
1608	-7	5
1723	-24	5
1786	8	5
1894	-31	5
1995	-21	5
2124	-11	5
2163	-11	5
2290	-23	5
2388	-29	3
2506	2	3
2594	-33	3
2708	-34	3
2812	4	3
2937	-4	3
3007	5	3
3096	-9	3
42	138	0
117	96	0
186	67	0
319	93	0
444	84	0
489	55	0
608	139	0
688	126	0
772	83	0
878	119	7
1001	57	7
1118	75	7
1193	96	7
1259	123	7
1412	93	7
1474	79	7
1603	122	5
1702	85	5
1782	96	5
1931	86	5
1994	130	5
2071	134	5
2186	97	5
2301	111	3
2404	64	3
2518	105	3
2599	89	3
2685	105	3
2803	106	3
2885	93	3
3034	74	3
3109	115	3
-3	225	0
127	211	0
197	187	0
286	231	0
375	196	0
510	184	0
598	208	0
671	225	0
818	173	0
871	177	0
972	221	7
1105	185	7
1173	229	7
1277	167	7
1379	215	7
1523	229	5
1600	193	5
1707	171	5
1778	220	5
1858	203	5
2019	200	5
2078	173	5
2190	212	5
2291	210	5
2405	230	3
2496	182	3
2598	227	3
2692	167	3
2782	155	3
2893	207	3
3032	200	3
3111	225	3
26	321	0
94	268	0
178	304	0
293	320	0
358	343	0
465	314	0
588	298	0
664	313	0
783	281	0
928	308	7
993	295	7
1128	280	7
1196	292	7
1319	341	7
1419	307	5
1514	293	5
1573	300	5
1699	262	5
1797	283	5
1924	348	5
2004	333	5
2092	268	5
2213	330	3
2266	285	3
2404	288	3
2476	301	3
2604	311	3
2691	260	3
2796	310	3
2904	309	3
3029	306	3
3116	302	3
18	382	0
69	376	0
186	412	0
289	401	0
397	447	0
517	398	0
594	432	0
714	358	0
813	443	0
886	406	7
985	426	7
1121	359	7
1204	392	7
1273	382	7
1395	398	5
1510	358	5
1612	412	5
1686	383	5
1773	355	5
1884	418	5
2008	404	5
2145	423	5
2211	393	5
2288	380	5
2394	403	3
2485	392	3
2592	419	3
2695	415	3
2794	410	3
2906	384	3
3005	396	3
3083	437	3
23	471	0
88	460	0
189	455	0
345	512	0
385	467	0
471	504	0
612	504	19
664	505	0
832	518	7
864	528	7
1040	519	7
1118	495	7
1188	474	7
1298	506	7
1389	470	7
1525	522	5
1554	499	5
1695	482	5
1797	536	5
1875	506	5
1970	494	5
2094	505	5
2220	470	5
2289	500	5
2396	519	3
2491	516	3
2593	507	3
2701	520	3
2767	514	3
2935	488	3
3005	499	3
3114	474	3
-29	559	12
71	593	0
216	625	0
275	635	0
387	559	0
535	569	0
620	600	0
714	584	0
803	575	7
859	562	7
1001	606	7
1096	573	7
1198	574	7
1283	613	7
1405	578	7
1505	611	7
1580	575	5
1678	606	5
1766	552	5
1917	578	5
1997	606	5
2074	625	5
2210	565	5
2261	617	5
2393	587	3
2473	610	3
2595	627	3
2707	623	3
2793	551	3
2889	620	3
2984	592	3
3135	617	3
-9	695	12
141	731	0
216	726	0
299	653	0
430	712	0
536	690	0
604	668	0
732	704	11
814	682	7
901	697	7
1008	674	7
1113	703	7
1169	712	7
1278	743	7
1391	715	7
1501	690	7
1559	705	7
1694	687	7
1842	701	5
1940	675	5
2002	724	5
2100	707	5
2211	728	5
2300	692	5
2418	696	6
2495	686	3
2608	684	3
2703	746	3
2807	695	3
2870	709	3
3006	725	3
3120	694	3
21	796	12
131	778	11
223	819	0
310	792	0
435	803	0
487	842	11
617	787	11
703	803	11
763	773	11
879	823	13
997	781	7
1103	803	7
1215	799	7
1305	806	7
1363	798	7
1499	794	7
1581	790	17
1704	798	17
1763	771	17
1902	775	17
1968	774	5
2092	816	5
2209	789	5
2332	821	6
2392	795	6
2526	759	6
2576	822	6
2679	819	3
2838	815	3
2887	832	6
2991	829	6
3077	810	6
-10	879	11
104	865	11
178	887	11
293	902	11
433	916	11
505	914	11
611	897	11
657	897	11
801	941	11
913	878	13
1006	892	7
1108	873	7
1193	881	7
1276	868	7
1406	891	7
1466	898	13
1611	894	15
1699	912	15
1802	927	15
1859	893	17
1980	886	5
2145	886	15
2204	922	6
2325	919	6
2407	885	6
2503	860	6
2588	886	6
2681	924	3
2834	909	6
2919	934	6
3006	874	6
3112	877	6
7	1008	11
114	1002	11
179	1004	11
301	973	11
389	1020	11
529	1004	11
599	1012	11
675	1008	11
813	991	11
894	991	13
1023	972	13
1129	968	13
1209	990	13
1271	976	13
1391	976	13
1513	1007	13
1591	968	13
1673	996	13
1761	1007	15
1897	977	15
2008	997	15
2108	1032	15
2197	1001	6
2282	984	6
2422	1005	6
2481	990	6
2601	1008	6
2736	1005	6
2759	1016	6
2883	983	6
2956	973	6
3079	1029	6
37	1113	11
112	1114	11
200	1105	11
296	1117	11
373	1114	11
461	1077	11
628	1109	11
694	1098	11
805	1064	11
889	1103	11
1001	1140	13
1098	1108	13
1197	1067	13
1286	1111	13
1389	1079	13
1492	1079	13
1619	1088	13
1674	1097	13
1790	1105	15
1868	1112	15
1992	1097	15
2127	1079	15
2185	1116	6
2300	1141	6
2361	1135	6
2489	1079	6
2560	1080	6
2690	1055	6
2778	1098	6
2940	1112	6
2989	1100	6
3083	1061	6
38	1220	11
98	1196	11
222	1218	11
333	1191	11
399	1212	11
472	1208	11
566	1223	11
685	1201	11
818	1215	11
877	1208	11
985	1190	11
1053	1225	13
1201	1221	13
1297	1182	13
1414	1212	13
1494	1244	13
1620	1235	13
1712	1175	13
1765	1181	13
1903	1173	15
1981	1199	15
2061	1179	15
2223	1211	15
2287	1193	6
2400	1182	6
2504	1205	6
2565	1203	6
2722	1189	6
2786	1218	6
2881	1175	6
3027	1210	6
3098	1217	6
-11	1299	11
71	1298	11
172	1276	11
330	1274	11
399	1308	11
515	1287	11
643	1263	11
690	1308	11
802	1327	11
856	1328	11
1011	1279	13
1061	1322	13
1208	1297	13
1320	1309	13
1385	1301	13
1459	1308	13
1633	1301	13
1700	1301	13
1779	1267	13
1899	1257	15
1969	1328	15
2106	1292	15
2169	1322	15
2331	1300	6
2385	1299	6
2514	1334	6
2615	1288	6
2734	1338	6
2812	1307	6
2900	1291	6
2958	1348	6
3087	1303	6
15	1398	11
124	1421	11
205	1398	10
291	1350	11
385	1417	10
493	1364	11
622	1365	11
692	1389	11
818	1406	11
870	1385	11
1023	1364	13
1102	1403	13
1185	1378	13
1282	1381	13
1398	1437	13
1485	1418	13
1599	1388	13
1705	1433	13
1755	1421	13
1886	1384	15
1963	1429	15
2058	1405	15
2201	1362	6
2292	1407	6
2424	1384	6
2482	1378	6
2623	1410	6
2693	1394	4
2803	1405	6
2905	1387	6
3011	1426	6
3087	1413	6
22	1511	10
78	1537	10
230	1522	10
277	1522	10
406	1533	10
482	1528	10
626	1506	11
669	1502	11
843	1498	13
899	1493	13
1017	1521	13
1097	1528	13
1176	1490	13
1311	1483	13
1435	1485	13
1459	1539	13
1577	1514	15
1692	1491	15
1837	1460	15
1931	1505	15
1983	1492	15
2063	1521	15
2193	1496	15
2331	1513	15
2367	1464	6
2499	1500	4
2604	1500	6
2697	1469	4
2783	1488	4
2883	1523	4
2963	1527	4
3097	1462	6
-2	1612	10
90	1618	10
205	1602	10
301	1595	10
419	1604	10
538	1593	10
592	1623	10
697	1639	10
829	1594	14
902	1561	14
993	1609	13
1110	1592	13
1168	1608	13
1291	1610	13
1396	1642	13
1484	1581	13
1617	1618	14
1678	1585	15
1814	1587	15
1882	1623	15
1999	1577	15
2100	1592	15
2231	1590	15
2291	1611	15
2355	1633	15
2481	1602	4
2604	1581	4
2693	1571	4
2838	1583	4
2898	1573	4
3034	1570	4
3100	1620	4
-5	1663	10
87	1698	10
205	1686	10
277	1717	10
371	1722	10
537	1726	10
606	1696	10
733	1695	10
796	1720	10
897	1695	14
1023	1703	13
1105	1674	13
1212	1731	13
1286	1709	13
1444	1708	14
1500	1709	14
1612	1704	14
1697	1708	14
1820	1701	15
1879	1730	15
1977	1659	15
2069	1720	15
2180	1735	15
2328	1704	15
2400	1703	15
2492	1673	4
2597	1700	4
2659	1672	4
2793	1717	4
2887	1717	4
2993	1670	4
3090	1653	4
-14	1761	10
67	1785	10
201	1805	10
314	1825	10
431	1799	10
498	1771	10
579	1806	10
706	1838	10
810	1829	10
936	1846	14
1015	1800	14
1092	1822	13
1200	1763	14
1300	1790	14
1393	1799	14
1498	1760	14
1572	1780	14
1693	1787	14
1827	1796	15
1894	1839	15
2016	1773	15
2062	1764	15
2200	1808	15
2307	1768	4
2377	1818	4
2499	1807	4
2646	1799	4
2692	1794	4
2803	1828	4
2898	1813	4
3008	1837	4
3102	1812	4
3	1885	10
73	1928	10
190	1905	10
305	1894	10
422	1930	10
498	1912	10
588	1892	10
697	1857	10
817	1911	10
913	1908	14
985	1871	14
1113	1898	14
1191	1902	14
1274	1889	14
1405	1892	14
1501	1910	14
1630	1915	14
1704	1887	14
1795	1939	14
1851	1879	15
2011	1888	15
2118	1919	15
2179	1862	15
2268	1927	4
2423	1913	4
2507	1927	4
2619	1884	4
2710	1927	4
2839	1949	4
2923	1875	4
2965	1913	4
3086	1893	4
15	2000	10
92	2023	10
194	2014	10
309	2006	10
397	2042	10
534	2032	10
606	2006	10
700	1976	14
799	2018	14
884	2016	14
1013	2022	14
1119	1968	14
1203	2024	14
1301	2022	14
1434	2016	14
1508	2004	14
1565	2010	14
1735	2006	14
1832	1988	14
1867	1967	15
2012	1992	15
2071	2020	15
2232	2006	4
2268	1999	4
2359	1956	4
2485	2025	4
2613	1975	4
2733	2030	4
2774	2014	4
2896	2011	4
2972	1996	4
3125	1972	4
-13	2073	10
119	2100	10
178	2065	10
317	2133	10
437	2126	10
516	2089	10
611	2101	10
688	2096	10
797	2098	10
916	2096	14
969	2076	14
1071	2119	14
1172	2108	14
1311	2120	14
1409	2111	14
1536	2081	14
1603	2077	14
1677	2091	14
1788	2100	14
1880	2119	14
1983	2102	15
2114	2087	15
2201	2100	15
2311	2120	4
2442	2122	4
2524	2110	4
2608	2118	4
2668	2139	4
2788	2112	4
2892	2142	4
3006	2072	4
3117	2086	4
-45	2170	10
73	2228	10
225	2204	10
318	2211	10
385	2181	10
493	2242	10
636	2219	10
715	2225	14
791	2193	14
882	2215	14
1007	2180	9
1090	2194	9
1180	2218	9
1296	2210	14
1403	2159	14
1500	2239	14
1593	2197	14
1715	2202	14
1827	2184	14
1908	2189	15
2011	2192	15
2089	2168	15
2233	2208	16
2285	2204	16
2412	2189	4
2510	2238	4
2601	2185	4
2688	2179	4
2804	2210	2
2893	2204	4
2984	2223	4
3087	2199	4
24	2291	10
112	2308	1
180	2289	1
298	2324	1
375	2305	1
493	2308	1
619	2299	10
730	2317	14
840	2279	14
916	2288	9
1012	2301	9
1108	2290	9
1198	2301	9
1333	2316	9
1416	2291	9
1515	2300	14
1584	2326	14
1682	2270	14
1773	2296	8
1900	2320	8
2004	2262	8
2106	2302	16
2176	2269	16
2331	2344	16
2397	2271	4
2504	2300	4
2596	2337	4
2707	2342	2
2758	2309	2
2909	2316	2
3033	2312	2
3128	2314	4
2	2418	1
106	2398	1
160	2370	1
285	2401	1
399	2374	1
517	2404	1
595	2397	9
726	2382	9
766	2413	9
925	2407	9
998	2426	9
1068	2386	9
1173	2400	9
1301	2381	9
1412	2410	9
1526	2387	9
1580	2380	14
1690	2432	14
1816	2397	8
1917	2395	8
1953	2374	8
2117	2412	16
2176	2394	8
2339	2425	8
2422	2409	18
2498	2385	2
2555	2425	2
2705	2402	2
2827	2411	2
2891	2374	2
2964	2396	2
3085	2416	2
-9	2481	1
121	2527	1
176	2531	1
335	2455	1
373	2513	1
494	2501	1
575	2486	1
702	2482	9
811	2463	9
894	2521	9
973	2500	9
1061	2501	9
1240	2514	9
1258	2483	9
1431	2469	9
1482	2550	9
1638	2489	8
1704	2517	8
1800	2499	8
1877	2493	8
2003	2528	8
2096	2484	8
2210	2488	8
2257	2527	8
2390	2485	18
2469	2485	2
2603	2501	2
2700	2467	2
2754	2526	2
2894	2508	2
2968	2520	2
3119	2488	2
16	2585	1
115	2616	1
194	2614	1
270	2575	1
426	2555	1
492	2611	1
594	2595	1
678	2646	1
791	2635	1
902	2589	9
1022	2629	9
1073	2580	9
1194	2575	9
1312	2583	9
1441	2611	9
1513	2597	8
1610	2591	8
1718	2616	8
1806	2600	8
1898	2637	8
2027	2615	8
2112	2578	8
2185	2630	8
2310	2562	8
2386	2619	8
2496	2578	2
2596	2620	2
2661	2601	2
2789	2609	2
2948	2612	2
3001	2593	2
3125	2597	2
-25	2699	1
90	2742	1
170	2695	1
313	2737	1
416	2710	1
517	2718	1
626	2701	1
675	2676	1
818	2689	9
909	2683	9
1042	2694	9
1104	2702	9
1175	2719	9
1292	2702	9
1380	2703	9
1495	2726	9
1643	2704	8
1718	2691	8
1806	2695	8
1881	2676	8
1986	2694	8
2059	2703	8
2193	2698	8
2289	2701	2
2413	2719	2
2526	2682	2
2559	2678	2
2693	2720	2
2762	2692	2
2940	2668	2
3037	2705	2
3066	2712	2
-48	2756	1
71	2789	1
166	2770	1
297	2775	1
445	2831	1
513	2843	1
640	2800	1
720	2805	1
802	2823	1
866	2822	1
1017	2771	9
1105	2813	9
1239	2791	9
1326	2801	9
1410	2763	9
1498	2779	9
1586	2778	8
1699	2799	8
1788	2804	8
1907	2837	8
1995	2816	8
2071	2796	8
2198	2777	8
2314	2828	2
2446	2809	2
2497	2836	2
2590	2811	2
2693	2764	2
2796	2795	2
2903	2792	2
3002	2812	2
3087	2822	2
-12	2888	1
59	2883	1
185	2925	1
295	2931	1
377	2873	1
473	2906	1
621	2880	1
697	2920	1
785	2886	1
939	2912	9
984	2934	9
1073	2855	9
1240	2945	9
1293	2929	9
1358	2870	9
1517	2892	9
1611	2859	8
1734	2920	8
1814	2923	8
1938	2896	8
2037	2904	8
2088	2917	8
2225	2924	8
2309	2921	2
2436	2927	2
2504	2871	2
2593	2930	2
2716	2876	2
2778	2922	2
2923	2883	2
3013	2891	2
3145	2908	2
9	2996	1
112	2991	1
160	3026	1
290	2984	1
426	3003	1
470	3005	1
612	2984	1
685	3016	1
778	2969	1
861	2981	9
1033	2985	9
1115	2982	9
1178	3031	9
1327	3023	9
1394	2996	9
1489	3015	8
1590	3031	8
1714	2999	8
1805	3001	8
1929	3011	8
2020	2973	8
2124	3027	8
2160	2983	8
2333	2995	8
2375	2965	8
2518	2981	2
2605	2969	2
2668	3005	2
2778	2993	2
2889	3027	2
2989	3012	2
3066	3017	2
31	3109	1
67	3092	1
175	3125	1
333	3104	1
408	3118	1
538	3137	1
574	3098	1
688	3093	1
781	3125	9
933	3141	9
965	3124	9
1134	3111	9
1185	3131	9
1293	3111	9
1385	3082	9
1537	3075	8
1627	3082	8
1700	3117	8
1768	3077	8
1897	3059	8
1992	3103	8
2061	3126	8
2206	3112	8
2310	3086	8
2368	3107	8
2493	3096	2
2590	3086	2
2714	3106	2
2830	3103	2
2889	3096	2
2961	3119	2
3089	3135	2

0 	 1 	239	23.00
0 	 32 	205	18.00
1 	 2 	229	21.00
2 	 3 	189	17.00
2 	 34 	239	18.00
3 	 4 	215	20.00
3 	 35 	203	17.00
4 	 5 	212	21.00
4 	 36 	200	17.00
5 	 6 	175	19.00
6 	 7 	222	20.00
7 	 8 	231	23.00
8 	 9 	184	19.00
8 	 40 	187	23.00
9 	 10 	238	19.00
9 	 41 	176	16.00
10 	 11 	204	24.00
12 	 13 	202	18.00
12 	 44 	197	24.00
13 	 14 	193	24.00
14 	 15 	170	22.00
15 	 16 	200	16.00
15 	 47 	239	18.00
16 	 17 	227	17.00
16 	 48 	188	23.00
17 	 18 	181	22.00
17 	 49 	200	19.00
18 	 19 	162	18.00
18 	 50 	163	16.00
19 	 20 	164	24.00
19 	 51 	209	23.00
20 	 21 	188	23.00
21 	 22 	164	19.00
21 	 53 	173	16.00
22 	 23 	200	22.00
22 	 54 	237	17.00
23 	 24 	192	18.00
23 	 55 	237	16.00
24 	 25 	183	24.00
24 	 56 	212	22.00
25 	 26 	178	16.00
25 	 57 	194	17.00
27 	 28 	199	22.00
27 	 59 	216	18.00
28 	 29 	165	23.00
29 	 30 	182	19.00
29 	 61 	220	22.00
30 	 31 	173	23.00
30 	 62 	171	20.00
31 	 63 	197	23.00
32 	 33 	201	17.00
32 	 64 	192	21.00
33 	 34 	218	21.00
33 	 65 	189	21.00
35 	 36 	206	19.00
36 	 37 	178	23.00
36 	 68 	180	18.00
37 	 38 	222	16.00
37 	 69 	168	22.00
38 	 39 	176	24.00
38 	 70 	200	17.00
39 	 40 	168	20.00
39 	 71 	177	17.00
40 	 41 	225	16.00
40 	 72 	239	16.00
41 	 42 	189	20.00
42 	 43 	223	22.00
42 	 74 	186	19.00
43 	 44 	240	19.00
43 	 75 	219	24.00
44 	 45 	239	19.00
44 	 76 	234	17.00
45 	 46 	191	19.00
46 	 47 	195	16.00
46 	 78 	227	20.00
47 	 48 	217	23.00
47 	 79 	168	24.00
48 	 49 	189	18.00
48 	 80 	225	20.00
49 	 50 	196	21.00
49 	 81 	189	17.00
50 	 51 	199	23.00
50 	 82 	216	20.00
51 	 52 	182	18.00
52 	 53 	221	16.00
52 	 84 	207	23.00
53 	 54 	160	21.00
53 	 85 	179	16.00
54 	 55 	213	23.00
54 	 86 	164	17.00
55 	 56 	199	23.00
55 	 87 	214	19.00
56 	 57 	210	18.00
57 	 58 	199	24.00
57 	 89 	180	23.00
58 	 59 	235	16.00
58 	 90 	205	22.00
60 	 61 	176	20.00
60 	 92 	226	20.00
61 	 62 	205	16.00
61 	 93 	186	19.00
62 	 63 	171	21.00
63 	 95 	215	16.00
64 	 65 	234	22.00
64 	 96 	238	17.00
65 	 66 	234	19.00
65 	 97 	212	16.00
66 	 67 	231	19.00
66 	 98 	215	21.00
67 	 99 	234	22.00
69 	 70 	223	22.00
69 	 101 	239	21.00
70 	 71 	202	24.00
70 	 102 	197	24.00
71 	 72 	208	18.00
72 	 73 	237	23.00
72 	 104 	212	20.00
73 	 74 	232	24.00
73 	 105 	174	16.00
75 	 76 	224	24.00
75 	 107 	238	18.00
76 	 77 	196	19.00
76 	 108 	173	18.00
77 	 78 	238	17.00
78 	 79 	214	21.00
78 	 110 	161	16.00
79 	 80 	182	22.00
79 	 111 	210	23.00
80 	 81 	215	16.00
82 	 83 	171	23.00
82 	 114 	219	19.00
83 	 115 	211	24.00
85 	 86 	204	24.00
85 	 117 	237	16.00
86 	 87 	184	22.00
86 	 118 	175	16.00
87 	 88 	191	22.00
87 	 119 	195	20.00
89 	 90 	235	18.00
89 	 121 	187	21.00
90 	 91 	234	24.00
90 	 122 	175	23.00
91 	 92 	236	16.00
91 	 123 	172	22.00
93 	 94 	169	23.00
93 	 125 	214	19.00
95 	 127 	199	23.00
96 	 97 	226	16.00
96 	 128 	231	20.00
97 	 98 	167	18.00
98 	 99 	179	17.00
100 	 101 	221	18.00
100 	 132 	214	23.00
101 	 102 	190	16.00
101 	 133 	230	24.00
102 	 103 	209	19.00
103 	 104 	177	19.00
104 	 105 	163	17.00
104 	 136 	163	24.00
105 	 106 	167	18.00
106 	 107 	171	22.00
106 	 138 	236	17.00
107 	 108 	198	18.00
107 	 139 	236	19.00
108 	 109 	199	20.00
109 	 110 	222	17.00
109 	 141 	235	22.00
110 	 111 	189	16.00
110 	 142 	193	16.00
111 	 112 	223	21.00
111 	 143 	183	17.00
113 	 114 	193	19.00
113 	 145 	197	22.00
114 	 115 	165	17.00
114 	 146 	189	18.00
115 	 116 	228	17.00
116 	 117 	193	19.00
117 	 118 	220	22.00
117 	 149 	194	21.00
118 	 119 	182	20.00
118 	 150 	160	24.00
119 	 120 	182	20.00
120 	 121 	239	16.00
120 	 152 	190	16.00
121 	 122 	169	17.00
121 	 153 	221	23.00
122 	 123 	207	16.00
122 	 154 	204	23.00
123 	 124 	188	23.00
123 	 155 	216	20.00
125 	 126 	172	24.00
126 	 127 	229	22.00
126 	 158 	200	23.00
127 	 159 	160	24.00
128 	 129 	202	19.00
129 	 130 	189	24.00
129 	 161 	216	19.00
130 	 131 	161	22.00
130 	 162 	165	16.00
131 	 132 	172	24.00
131 	 163 	225	24.00
132 	 133 	189	23.00
132 	 164 	227	22.00
133 	 134 	191	18.00
134 	 135 	177	17.00
135 	 136 	232	18.00
136 	 137 	238	24.00
136 	 168 	179	22.00
138 	 139 	183	21.00
139 	 140 	227	19.00
139 	 171 	224	17.00
140 	 141 	214	16.00
140 	 172 	183	22.00
141 	 142 	182	20.00
141 	 173 	214	24.00
142 	 143 	232	22.00
142 	 174 	233	16.00
143 	 144 	182	19.00
143 	 175 	226	24.00
144 	 145 	229	19.00
144 	 176 	179	24.00
145 	 146 	197	17.00
145 	 177 	183	19.00
146 	 147 	163	17.00
146 	 178 	203	20.00
147 	 148 	231	22.00
147 	 179 	231	16.00
149 	 150 	225	17.00
150 	 151 	236	22.00
151 	 152 	176	22.00
151 	 183 	202	20.00
152 	 153 	174	16.00
152 	 184 	231	16.00
153 	 154 	230	20.00
154 	 155 	180	24.00
154 	 186 	223	20.00
155 	 156 	224	24.00
156 	 157 	216	22.00
156 	 188 	236	21.00
157 	 158 	201	17.00
158 	 159 	203	20.00
159 	 191 	215	24.00
160 	 161 	207	20.00
160 	 192 	164	21.00
161 	 162 	168	20.00
162 	 163 	175	19.00
162 	 194 	193	24.00
163 	 164 	201	17.00
164 	 165 	238	23.00
165 	 166 	230	22.00
165 	 197 	162	19.00
166 	 167 	191	21.00
166 	 198 	198	20.00
167 	 168 	207	22.00
167 	 199 	198	17.00
168 	 169 	227	17.00
168 	 200 	207	24.00
169 	 170 	231	17.00
169 	 201 	161	19.00
170 	 171 	221	20.00
171 	 172 	172	19.00
171 	 203 	166	21.00
172 	 173 	195	18.00
172 	 204 	231	22.00
173 	 174 	169	22.00
173 	 205 	190	17.00
174 	 175 	176	18.00
174 	 206 	169	17.00
176 	 177 	225	24.00
177 	 178 	188	21.00
177 	 209 	174	23.00
179 	 180 	229	20.00
180 	 181 	202	19.00
180 	 212 	169	16.00
181 	 182 	230	17.00
181 	 213 	227	22.00
182 	 183 	224	24.00
182 	 214 	173	20.00
183 	 184 	210	17.00
183 	 215 	169	22.00
184 	 185 	210	20.00
184 	 216 	195	24.00
187 	 188 	192	17.00
187 	 219 	209	20.00
188 	 189 	181	16.00
189 	 190 	202	17.00
189 	 221 	187	22.00
190 	 191 	238	22.00
190 	 222 	197	16.00
191 	 223 	217	19.00
192 	 193 	178	22.00
192 	 224 	175	17.00
193 	 194 	160	16.00
193 	 225 	220	19.00
194 	 195 	173	21.00
194 	 226 	189	20.00
195 	 196 	207	19.00
196 	 197 	164	20.00
197 	 198 	162	23.00
197 	 229 	167	24.00
198 	 199 	220	23.00
199 	 200 	188	16.00
200 	 201 	215	19.00
200 	 232 	226	22.00
201 	 202 	218	22.00
202 	 203 	240	21.00
202 	 234 	212	16.00
203 	 204 	186	21.00
203 	 235 	171	24.00
204 	 205 	198	24.00
204 	 236 	195	24.00
206 	 207 	164	23.00
206 	 238 	223	22.00
207 	 208 	171	21.00
207 	 239 	238	18.00
208 	 209 	201	19.00
209 	 210 	174	22.00
209 	 241 	227	19.00
210 	 211 	206	19.00
210 	 242 	238	21.00
211 	 243 	170	20.00
213 	 214 	198	18.00
213 	 245 	208	17.00
214 	 215 	210	21.00
214 	 246 	211	18.00
215 	 216 	182	16.00
215 	 247 	207	21.00
217 	 218 	172	20.00
217 	 249 	207	21.00
218 	 219 	187	21.00
218 	 250 	166	21.00
219 	 220 	199	17.00
219 	 251 	189	19.00
220 	 221 	214	24.00
220 	 252 	214	17.00
221 	 222 	181	21.00
221 	 253 	179	17.00
222 	 223 	197	20.00
223 	 255 	167	24.00
224 	 225 	184	17.00
225 	 226 	224	22.00
226 	 227 	191	22.00
227 	 228 	166	22.00
227 	 259 	175	19.00
228 	 229 	229	19.00
228 	 260 	166	23.00
229 	 230 	195	16.00
229 	 261 	201	21.00
230 	 231 	215	20.00
231 	 232 	160	20.00
231 	 263 	235	24.00
232 	 233 	195	19.00
233 	 234 	180	21.00
234 	 235 	234	16.00
234 	 266 	203	22.00
235 	 236 	168	24.00
235 	 267 	211	18.00
237 	 238 	194	21.00
237 	 269 	232	23.00
238 	 239 	174	16.00
238 	 270 	183	21.00
239 	 240 	213	16.00
240 	 241 	195	24.00
242 	 243 	195	16.00
242 	 274 	170	24.00
243 	 244 	201	23.00
243 	 275 	203	17.00
244 	 245 	218	22.00
244 	 276 	223	17.00
245 	 246 	228	20.00
245 	 277 	174	17.00
246 	 247 	164	17.00
247 	 248 	212	21.00
247 	 279 	160	21.00
248 	 249 	187	19.00
249 	 250 	203	17.00
249 	 281 	179	20.00
250 	 251 	186	21.00
250 	 282 	191	18.00
251 	 252 	211	20.00
252 	 253 	215	19.00
253 	 254 	192	22.00
253 	 285 	211	22.00
254 	 255 	182	20.00
256 	 257 	163	19.00
256 	 288 	191	16.00
257 	 258 	190	18.00
257 	 289 	204	20.00
258 	 259 	218	17.00
259 	 260 	203	21.00
259 	 291 	179	24.00
262 	 263 	197	19.00
262 	 294 	198	23.00
263 	 264 	230	21.00
263 	 295 	207	21.00
264 	 265 	235	20.00
264 	 296 	192	16.00
266 	 267 	208	21.00
267 	 268 	210	20.00
267 	 299 	234	17.00
268 	 269 	221	24.00
268 	 300 	192	23.00
269 	 270 	226	23.00
269 	 301 	240	16.00
270 	 271 	200	20.00
271 	 272 	212	17.00
271 	 303 	180	16.00
273 	 274 	179	23.00
274 	 275 	210	22.00
274 	 306 	187	17.00
275 	 276 	194	16.00
275 	 307 	209	17.00
276 	 277 	231	24.00
276 	 308 	170	19.00
277 	 278 	215	22.00
278 	 279 	164	20.00
278 	 310 	240	23.00
279 	 280 	219	16.00
280 	 281 	193	18.00
280 	 312 	194	21.00
281 	 282 	173	23.00
283 	 284 	163	16.00
283 	 315 	222	21.00
284 	 285 	197	24.00
285 	 286 	223	17.00
285 	 317 	201	16.00
286 	 287 	192	16.00
286 	 318 	229	21.00
288 	 289 	198	21.00
288 	 320 	164	21.00
289 	 290 	188	17.00
290 	 291 	165	16.00
290 	 322 	228	18.00
292 	 293 	173	18.00
292 	 324 	188	23.00
293 	 294 	167	18.00
294 	 295 	174	19.00
294 	 326 	188	23.00
295 	 296 	206	23.00
295 	 327 	232	22.00
296 	 297 	209	16.00
296 	 328 	239	21.00
297 	 298 	169	19.00
298 	 299 	231	20.00
298 	 330 	216	24.00
299 	 300 	240	21.00
299 	 331 	189	16.00
300 	 301 	194	22.00
300 	 332 	223	22.00
301 	 302 	172	22.00
301 	 333 	227	17.00
302 	 303 	182	22.00
303 	 304 	201	24.00
303 	 335 	173	21.00
304 	 305 	233	17.00
304 	 336 	175	23.00
305 	 306 	213	19.00
305 	 337 	204	22.00
306 	 307 	206	22.00
307 	 308 	220	24.00
307 	 339 	237	23.00
308 	 309 	172	20.00
308 	 340 	203	20.00
309 	 310 	232	16.00
310 	 311 	174	22.00
310 	 342 	165	23.00
311 	 312 	217	17.00
311 	 343 	214	19.00
312 	 313 	210	22.00
313 	 314 	180	21.00
313 	 345 	192	20.00
314 	 315 	228	19.00
315 	 316 	185	18.00
317 	 318 	226	16.00
318 	 319 	209	16.00
318 	 350 	162	19.00
319 	 351 	216	22.00
320 	 321 	210	16.00
320 	 352 	199	22.00
321 	 322 	182	19.00
321 	 353 	220	23.00
322 	 323 	178	21.00
322 	 354 	191	24.00
323 	 324 	202	24.00
323 	 355 	192	18.00
324 	 325 	191	20.00
325 	 326 	223	20.00
326 	 327 	191	16.00
327 	 328 	165	21.00
327 	 359 	181	19.00
328 	 329 	208	22.00
329 	 330 	223	21.00
330 	 331 	167	16.00
330 	 362 	183	21.00
331 	 332 	197	23.00
331 	 363 	224	24.00
332 	 333 	216	16.00
333 	 334 	194	22.00
333 	 365 	196	22.00
334 	 335 	215	19.00
334 	 366 	189	24.00
335 	 336 	170	17.00
335 	 367 	222	20.00
336 	 337 	231	23.00
337 	 338 	230	23.00
337 	 369 	189	20.00
338 	 339 	220	23.00
338 	 370 	162	24.00
339 	 340 	237	23.00
340 	 341 	184	17.00
340 	 372 	240	16.00
341 	 342 	177	16.00
341 	 373 	192	20.00
342 	 343 	231	16.00
342 	 374 	211	17.00
343 	 344 	207	22.00
343 	 375 	227	22.00
344 	 345 	202	21.00
344 	 376 	186	21.00
345 	 346 	174	21.00
347 	 348 	227	16.00
347 	 379 	199	19.00
348 	 349 	187	24.00
349 	 350 	205	21.00
350 	 351 	199	23.00
351 	 383 	192	17.00
352 	 353 	205	16.00
352 	 384 	191	16.00
353 	 354 	182	18.00
353 	 385 	189	17.00
354 	 355 	200	18.00
354 	 386 	170	23.00
355 	 356 	177	21.00
355 	 387 	212	17.00
356 	 357 	172	18.00
357 	 358 	174	18.00
357 	 389 	224	18.00
359 	 360 	198	24.00
360 	 361 	182	16.00
360 	 392 	203	21.00
361 	 362 	192	18.00
361 	 393 	240	21.00
362 	 363 	226	23.00
363 	 364 	204	18.00
363 	 395 	224	22.00
364 	 365 	192	24.00
365 	 366 	205	23.00
365 	 397 	185	17.00
366 	 367 	220	22.00
366 	 398 	207	22.00
367 	 368 	227	20.00
368 	 369 	194	19.00
368 	 400 	226	21.00
369 	 370 	221	24.00
369 	 401 	222	17.00
370 	 371 	234	19.00
370 	 402 	208	21.00
371 	 372 	196	20.00
371 	 403 	182	19.00
372 	 373 	170	20.00
372 	 404 	237	23.00
373 	 374 	198	21.00
374 	 375 	176	18.00
374 	 406 	180	23.00
375 	 376 	181	18.00
375 	 407 	164	16.00
376 	 377 	213	20.00
376 	 408 	231	22.00
377 	 378 	167	20.00
377 	 409 	186	19.00
378 	 379 	178	23.00
378 	 410 	179	21.00
379 	 380 	230	20.00
379 	 411 	164	24.00
380 	 381 	206	19.00
380 	 412 	239	21.00
381 	 382 	195	16.00
381 	 413 	162	16.00
382 	 383 	161	16.00
383 	 415 	175	16.00
384 	 385 	239	17.00
384 	 416 	173	24.00
385 	 386 	212	21.00
385 	 417 	224	17.00
387 	 388 	165	23.00
387 	 419 	165	21.00
388 	 389 	215	20.00
389 	 390 	237	17.00
389 	 421 	199	24.00
390 	 391 	204	17.00
390 	 422 	200	21.00
391 	 392 	200	18.00
391 	 423 	184	23.00
392 	 393 	169	22.00
392 	 424 	227	22.00
393 	 394 	178	19.00
393 	 425 	235	24.00
394 	 395 	178	20.00
395 	 396 	227	22.00
395 	 427 	220	22.00
396 	 397 	171	19.00
396 	 428 	160	17.00
397 	 398 	209	19.00
397 	 429 	192	20.00
398 	 399 	173	17.00
398 	 430 	163	18.00
399 	 400 	227	22.00
399 	 431 	222	21.00
400 	 401 	169	19.00
400 	 432 	175	19.00
401 	 402 	163	23.00
401 	 433 	211	23.00
402 	 403 	237	17.00
402 	 434 	226	21.00
403 	 404 	229	20.00
403 	 435 	201	19.00
404 	 405 	196	22.00
404 	 436 	201	24.00
405 	 406 	200	24.00
405 	 437 	235	19.00
406 	 407 	225	17.00
407 	 408 	177	21.00
407 	 439 	213	19.00
408 	 409 	235	16.00
408 	 440 	229	16.00
409 	 410 	184	20.00
410 	 411 	229	24.00
410 	 442 	222	21.00
411 	 412 	234	22.00
411 	 443 	188	22.00
412 	 413 	178	18.00
412 	 444 	227	16.00
413 	 414 	196	17.00
413 	 445 	225	21.00
414 	 415 	240	17.00
414 	 446 	180	17.00
415 	 447 	168	16.00
416 	 417 	231	19.00
416 	 448 	168	24.00
417 	 418 	175	21.00
417 	 449 	237	20.00
418 	 419 	185	21.00
418 	 450 	215	24.00
419 	 420 	164	24.00
420 	 421 	167	20.00
420 	 452 	201	20.00
421 	 422 	185	22.00
421 	 453 	165	16.00
422 	 423 	195	23.00
422 	 454 	220	20.00
423 	 424 	198	22.00
423 	 455 	196	24.00
424 	 425 	216	23.00
424 	 456 	225	19.00
425 	 426 	169	16.00
427 	 428 	191	16.00
428 	 429 	160	22.00
429 	 430 	194	18.00
430 	 462 	165	24.00
432 	 433 	228	16.00
432 	 464 	208	19.00
433 	 434 	219	19.00
433 	 465 	206	19.00
434 	 435 	239	20.00
434 	 466 	216	16.00
435 	 436 	202	19.00
435 	 467 	229	23.00
436 	 437 	181	22.00
438 	 439 	180	18.00
438 	 470 	201	23.00
439 	 440 	198	24.00
439 	 471 	240	16.00
440 	 441 	194	17.00
440 	 472 	204	23.00
441 	 442 	178	17.00
441 	 473 	220	24.00
442 	 443 	187	18.00
442 	 474 	200	18.00
443 	 444 	197	17.00
443 	 475 	209	19.00
445 	 477 	172	19.00
447 	 479 	176	20.00
448 	 449 	219	16.00
448 	 480 	195	17.00
449 	 450 	223	18.00
449 	 481 	196	18.00
450 	 451 	226	22.00
450 	 482 	178	21.00
451 	 452 	226	19.00
451 	 483 	223	20.00
452 	 453 	184	16.00
452 	 484 	188	23.00
453 	 454 	164	16.00
454 	 455 	209	21.00
454 	 486 	196	22.00
455 	 456 	200	20.00
455 	 487 	189	19.00
456 	 457 	194	24.00
456 	 488 	219	24.00
457 	 458 	198	23.00
457 	 489 	237	24.00
458 	 459 	201	21.00
458 	 490 	234	24.00
459 	 460 	167	20.00
459 	 491 	215	19.00
460 	 461 	218	23.00
460 	 492 	192	22.00
461 	 462 	191	20.00
461 	 493 	224	18.00
462 	 463 	167	19.00
462 	 494 	183	16.00
463 	 464 	219	19.00
463 	 495 	205	16.00
464 	 465 	213	23.00
464 	 496 	208	18.00
465 	 466 	221	17.00
466 	 467 	196	19.00
466 	 498 	214	19.00
468 	 469 	232	24.00
468 	 500 	187	17.00
469 	 470 	200	16.00
470 	 471 	185	17.00
470 	 502 	183	19.00
471 	 472 	191	16.00
472 	 473 	195	19.00
474 	 475 	187	23.00
475 	 476 	185	20.00
475 	 507 	229	23.00
477 	 478 	203	19.00
477 	 509 	173	16.00
478 	 479 	222	24.00
478 	 510 	220	16.00
479 	 511 	171	22.00
480 	 481 	187	22.00
480 	 512 	196	24.00
481 	 482 	204	23.00
481 	 513 	188	22.00
482 	 483 	207	19.00
482 	 514 	227	19.00
483 	 484 	188	16.00
484 	 485 	183	16.00
485 	 486 	160	24.00
486 	 487 	212	22.00
486 	 518 	168	22.00
487 	 488 	184	24.00
488 	 489 	219	22.00
490 	 491 	197	17.00
493 	 494 	167	18.00
494 	 495 	235	23.00
494 	 526 	226	19.00
495 	 496 	204	24.00
496 	 497 	218	22.00
496 	 528 	184	23.00
499 	 500 	200	17.00
500 	 501 	183	20.00
500 	 532 	219	19.00
502 	 503 	185	16.00
502 	 534 	176	20.00
503 	 504 	228	21.00
503 	 535 	209	16.00
504 	 505 	206	16.00
504 	 536 	185	16.00
505 	 506 	161	20.00
508 	 509 	231	23.00
509 	 510 	221	18.00
509 	 541 	160	18.00
510 	 511 	218	17.00
510 	 542 	215	17.00
512 	 513 	169	20.00
512 	 544 	170	23.00
513 	 514 	205	19.00
513 	 545 	219	17.00
514 	 515 	182	24.00
514 	 546 	233	24.00
515 	 516 	197	24.00
515 	 547 	167	24.00
516 	 517 	224	22.00
516 	 548 	163	21.00
518 	 519 	191	20.00
518 	 550 	217	24.00
519 	 520 	168	17.00
521 	 522 	160	17.00
521 	 553 	225	21.00
522 	 523 	231	24.00
522 	 554 	197	19.00
523 	 524 	190	21.00
523 	 555 	176	23.00
524 	 525 	213	19.00
524 	 556 	177	24.00
525 	 526 	201	19.00
525 	 557 	169	23.00
526 	 527 	206	18.00
526 	 558 	199	22.00
527 	 528 	196	18.00
528 	 529 	200	20.00
528 	 560 	221	24.00
530 	 531 	195	22.00
530 	 562 	209	20.00
531 	 532 	190	20.00
531 	 563 	187	24.00
532 	 533 	174	19.00
532 	 564 	184	17.00
533 	 534 	171	19.00
533 	 565 	182	20.00
534 	 535 	230	20.00
534 	 566 	228	23.00
535 	 536 	207	20.00
535 	 567 	224	16.00
536 	 537 	226	24.00
537 	 538 	235	20.00
537 	 569 	202	18.00
538 	 539 	213	22.00
538 	 570 	225	16.00
540 	 541 	220	18.00
540 	 572 	160	19.00
541 	 542 	235	19.00
541 	 573 	183	21.00
542 	 543 	208	19.00
542 	 574 	186	16.00
545 	 546 	163	24.00
546 	 547 	171	20.00
546 	 578 	232	21.00
547 	 548 	163	20.00
549 	 550 	164	21.00
550 	 551 	178	22.00
550 	 582 	203	23.00
551 	 552 	161	17.00
551 	 583 	213	16.00
552 	 553 	167	24.00
552 	 584 	203	24.00
553 	 554 	211	22.00
554 	 555 	240	18.00
555 	 556 	208	18.00
556 	 557 	168	16.00
556 	 588 	216	24.00
557 	 558 	190	21.00
558 	 559 	168	24.00
558 	 590 	163	18.00
559 	 560 	176	21.00
559 	 591 	163	24.00
560 	 561 	239	16.00
565 	 566 	202	20.00
565 	 597 	194	19.00
566 	 567 	189	21.00
566 	 598 	240	17.00
567 	 568 	180	18.00
567 	 599 	206	17.00
568 	 569 	162	22.00
568 	 600 	217	24.00
569 	 570 	215	21.00
571 	 572 	195	18.00
571 	 603 	169	18.00
572 	 573 	230	21.00
572 	 604 	179	18.00
573 	 574 	179	23.00
575 	 607 	220	18.00
576 	 577 	228	18.00
576 	 608 	212	17.00
578 	 579 	207	16.00
578 	 610 	227	18.00
579 	 580 	177	16.00
579 	 611 	184	16.00
580 	 581 	235	24.00
580 	 612 	176	18.00
581 	 582 	209	16.00
581 	 613 	180	18.00
582 	 583 	198	17.00
582 	 614 	161	21.00
584 	 585 	226	16.00
585 	 586 	226	20.00
585 	 617 	211	24.00
586 	 587 	166	17.00
586 	 618 	184	24.00
587 	 588 	217	18.00
587 	 619 	211	23.00
588 	 589 	162	20.00
588 	 620 	165	22.00
589 	 590 	224	21.00
589 	 621 	210	19.00
590 	 591 	208	22.00
591 	 592 	198	23.00
591 	 623 	226	19.00
592 	 593 	166	18.00
592 	 624 	190	19.00
593 	 594 	179	22.00
593 	 625 	198	18.00
594 	 595 	199	17.00
594 	 626 	216	22.00
595 	 596 	233	17.00
595 	 627 	184	24.00
596 	 597 	215	20.00
597 	 598 	234	20.00
598 	 599 	195	23.00
598 	 630 	174	22.00
599 	 600 	234	20.00
600 	 601 	171	22.00
600 	 632 	185	22.00
601 	 602 	234	16.00
601 	 633 	216	16.00
603 	 604 	218	17.00
604 	 605 	163	16.00
604 	 636 	210	20.00
605 	 606 	165	22.00
605 	 637 	200	19.00
606 	 607 	165	23.00
606 	 638 	192	22.00
608 	 609 	209	23.00
608 	 640 	210	16.00
609 	 610 	206	19.00
610 	 611 	220	17.00
611 	 612 	237	18.00
612 	 613 	230	17.00
613 	 614 	224	23.00
614 	 615 	213	16.00
614 	 646 	224	16.00
615 	 616 	209	20.00
616 	 617 	223	17.00
616 	 648 	164	16.00
617 	 618 	203	22.00
618 	 619 	196	24.00
618 	 650 	191	17.00
619 	 620 	181	24.00
619 	 651 	199	23.00
620 	 621 	184	22.00
620 	 652 	213	19.00
621 	 622 	166	17.00
621 	 653 	207	17.00
622 	 623 	236	19.00
622 	 654 	224	19.00
623 	 624 	231	22.00
623 	 655 	185	22.00
624 	 625 	203	22.00
625 	 626 	238	17.00
625 	 657 	172	20.00
626 	 627 	211	22.00
626 	 658 	197	16.00
627 	 628 	199	19.00
627 	 659 	230	20.00
628 	 629 	202	20.00
628 	 660 	235	16.00
629 	 630 	196	21.00
630 	 631 	166	24.00
630 	 662 	228	24.00
631 	 632 	185	21.00
632 	 633 	239	21.00
633 	 634 	166	24.00
634 	 635 	221	24.00
634 	 666 	201	17.00
635 	 636 	213	20.00
636 	 637 	215	24.00
637 	 638 	182	20.00
637 	 669 	200	23.00
638 	 639 	226	19.00
640 	 641 	206	22.00
641 	 642 	236	22.00
641 	 673 	195	18.00
642 	 643 	185	23.00
643 	 644 	166	17.00
644 	 645 	239	16.00
644 	 676 	198	21.00
646 	 647 	168	21.00
646 	 678 	174	23.00
647 	 648 	203	17.00
648 	 649 	229	16.00
648 	 680 	212	19.00
649 	 650 	201	17.00
649 	 681 	204	16.00
650 	 651 	178	19.00
650 	 682 	168	24.00
651 	 652 	236	16.00
651 	 683 	199	16.00
652 	 653 	219	16.00
652 	 684 	187	21.00
653 	 654 	229	19.00
653 	 685 	190	24.00
654 	 655 	179	24.00
654 	 686 	183	24.00
655 	 656 	217	22.00
655 	 687 	231	20.00
656 	 657 	197	19.00
657 	 658 	180	20.00
657 	 689 	174	20.00
658 	 659 	223	24.00
658 	 690 	204	24.00
659 	 660 	166	21.00
659 	 691 	168	24.00
660 	 661 	160	19.00
660 	 692 	217	19.00
662 	 663 	171	24.00
662 	 694 	223	21.00
663 	 664 	165	19.00
664 	 665 	230	16.00
665 	 666 	221	23.00
666 	 667 	196	19.00
668 	 669 	186	18.00
668 	 700 	222	24.00
669 	 670 	184	18.00
669 	 701 	178	20.00
670 	 671 	208	22.00
671 	 703 	184	24.00
672 	 673 	233	19.00
672 	 704 	216	22.00
673 	 674 	229	19.00
674 	 675 	208	21.00
675 	 676 	220	18.00
676 	 677 	183	19.00
676 	 708 	179	21.00
677 	 678 	231	19.00
677 	 709 	201	21.00
678 	 679 	186	21.00
678 	 710 	179	18.00
679 	 680 	190	17.00
679 	 711 	191	20.00
681 	 682 	217	23.00
681 	 713 	169	16.00
682 	 683 	163	21.00
683 	 684 	163	18.00
683 	 715 	199	22.00
685 	 686 	236	20.00
685 	 717 	171	24.00
686 	 687 	190	20.00
686 	 718 	234	17.00
687 	 688 	168	18.00
687 	 719 	203	19.00
688 	 689 	217	24.00
688 	 720 	182	20.00
689 	 690 	185	19.00
689 	 721 	235	18.00
690 	 691 	187	19.00
691 	 692 	180	24.00
693 	 694 	201	19.00
693 	 725 	209	24.00
694 	 695 	160	21.00
694 	 726 	236	16.00
695 	 696 	215	22.00
695 	 727 	222	19.00
696 	 697 	192	20.00
697 	 698 	189	18.00
697 	 729 	231	21.00
698 	 699 	192	16.00
698 	 730 	214	23.00
701 	 702 	188	21.00
702 	 703 	219	22.00
702 	 734 	204	20.00
703 	 735 	199	21.00
704 	 705 	185	23.00
704 	 736 	239	18.00
705 	 706 	240	24.00
705 	 737 	211	17.00
706 	 707 	190	22.00
707 	 708 	217	24.00
707 	 739 	162	21.00
708 	 709 	233	22.00
708 	 740 	217	21.00
709 	 710 	186	22.00
710 	 711 	238	20.00
710 	 742 	235	24.00
711 	 712 	206	19.00
711 	 743 	174	19.00
712 	 713 	174	22.00
712 	 744 	234	22.00
713 	 714 	206	18.00
713 	 745 	168	18.00
714 	 715 	160	20.00
715 	 716 	169	20.00
716 	 717 	232	22.00
716 	 748 	222	16.00
717 	 718 	222	17.00
718 	 719 	209	19.00
718 	 750 	193	21.00
719 	 720 	189	23.00
720 	 721 	216	22.00
720 	 752 	165	21.00
721 	 722 	220	23.00
722 	 723 	219	17.00
723 	 724 	238	19.00
723 	 755 	219	17.00
724 	 725 	210	19.00
725 	 726 	162	24.00
725 	 757 	215	16.00
726 	 727 	177	17.00
726 	 758 	225	24.00
727 	 728 	178	16.00
727 	 759 	171	23.00
728 	 729 	188	18.00
728 	 760 	166	20.00
729 	 730 	168	18.00
730 	 731 	181	19.00
730 	 762 	172	17.00
731 	 732 	225	16.00
731 	 763 	211	20.00
732 	 733 	160	19.00
733 	 734 	220	16.00
733 	 765 	201	22.00
734 	 735 	168	19.00
735 	 767 	166	19.00
736 	 737 	185	19.00
736 	 768 	199	20.00
737 	 738 	204	18.00
738 	 739 	189	18.00
738 	 770 	160	23.00
740 	 741 	224	20.00
741 	 742 	239	24.00
742 	 743 	191	18.00
742 	 774 	228	22.00
743 	 744 	170	23.00
743 	 775 	177	17.00
744 	 745 	164	20.00
744 	 776 	178	24.00
745 	 746 	164	20.00
746 	 747 	168	20.00
746 	 778 	215	23.00
747 	 748 	187	21.00
747 	 779 	165	21.00
748 	 749 	215	24.00
749 	 750 	236	17.00
749 	 781 	234	19.00
750 	 751 	182	22.00
751 	 752 	226	18.00
751 	 783 	168	18.00
752 	 753 	179	19.00
752 	 784 	229	16.00
753 	 754 	196	22.00
754 	 755 	183	21.00
754 	 786 	218	17.00
755 	 756 	191	23.00
755 	 787 	223	22.00
756 	 757 	236	23.00
757 	 758 	181	21.00
757 	 789 	218	21.00
758 	 759 	192	19.00
759 	 760 	207	18.00
759 	 791 	173	18.00
760 	 761 	175	16.00
761 	 762 	195	18.00
761 	 793 	189	24.00
764 	 765 	221	22.00
764 	 796 	184	24.00
765 	 766 	210	23.00
766 	 767 	211	16.00
766 	 798 	232	23.00
767 	 799 	161	19.00
768 	 769 	180	20.00
769 	 770 	207	20.00
770 	 771 	175	17.00
771 	 772 	186	21.00
771 	 803 	211	23.00
772 	 773 	216	17.00
773 	 774 	187	16.00
773 	 805 	174	24.00
774 	 775 	167	19.00
774 	 806 	195	24.00
775 	 776 	212	19.00
775 	 807 	216	19.00
776 	 777 	229	22.00
776 	 808 	161	23.00
777 	 778 	178	23.00
777 	 809 	198	22.00
778 	 779 	165	16.00
778 	 810 	232	17.00
780 	 781 	221	23.00
781 	 782 	222	20.00
781 	 813 	188	17.00
782 	 783 	171	24.00
782 	 814 	198	21.00
783 	 784 	170	21.00
783 	 815 	198	22.00
784 	 785 	236	18.00
784 	 816 	236	22.00
785 	 786 	229	23.00
785 	 817 	162	16.00
786 	 787 	217	20.00
787 	 788 	234	17.00
788 	 789 	204	18.00
789 	 790 	184	22.00
790 	 791 	226	21.00
791 	 792 	163	16.00
792 	 793 	236	24.00
793 	 794 	169	22.00
793 	 825 	216	19.00
794 	 795 	235	18.00
794 	 826 	188	22.00
795 	 796 	200	17.00
796 	 797 	218	19.00
797 	 798 	167	18.00
797 	 829 	177	19.00
798 	 799 	228	23.00
800 	 801 	160	24.00
800 	 832 	187	24.00
801 	 802 	221	21.00
801 	 833 	197	16.00
802 	 803 	219	22.00
802 	 834 	160	18.00
803 	 804 	194	18.00
803 	 835 	190	21.00
804 	 805 	232	19.00
804 	 836 	165	22.00
805 	 806 	182	16.00
806 	 807 	187	16.00
806 	 838 	169	17.00
807 	 808 	215	16.00
808 	 809 	200	20.00
808 	 840 	172	16.00
810 	 811 	223	16.00
810 	 842 	223	23.00
811 	 812 	223	17.00
811 	 843 	238	23.00
812 	 813 	183	16.00
812 	 844 	188	24.00
813 	 814 	179	16.00
814 	 815 	206	23.00
814 	 846 	237	19.00
815 	 816 	170	21.00
816 	 817 	217	21.00
816 	 848 	194	18.00
817 	 818 	168	24.00
817 	 849 	199	17.00
818 	 819 	228	24.00
819 	 820 	221	22.00
819 	 851 	188	16.00
820 	 821 	237	19.00
820 	 852 	188	18.00
821 	 822 	160	19.00
822 	 823 	184	16.00
823 	 824 	167	23.00
823 	 855 	186	22.00
824 	 825 	236	19.00
824 	 856 	173	23.00
825 	 826 	195	24.00
825 	 857 	190	24.00
826 	 827 	226	18.00
827 	 828 	177	23.00
828 	 829 	233	16.00
828 	 860 	184	22.00
829 	 830 	189	21.00
829 	 861 	178	24.00
830 	 831 	195	21.00
830 	 862 	167	18.00
832 	 833 	209	22.00
832 	 864 	237	22.00
833 	 834 	194	22.00
833 	 865 	229	20.00
834 	 835 	224	21.00
835 	 836 	169	18.00
836 	 837 	175	16.00
836 	 868 	211	21.00
837 	 838 	169	21.00
837 	 869 	236	24.00
838 	 839 	179	18.00
838 	 870 	173	24.00
839 	 840 	169	16.00
839 	 871 	188	16.00
841 	 842 	180	20.00
842 	 843 	201	23.00
842 	 874 	164	24.00
843 	 844 	212	20.00
844 	 845 	175	19.00
845 	 877 	223	16.00
847 	 848 	213	20.00
848 	 849 	180	18.00
848 	 880 	228	18.00
849 	 850 	225	20.00
850 	 851 	162	23.00
850 	 882 	165	17.00
851 	 852 	174	20.00
852 	 853 	166	22.00
853 	 854 	189	22.00
853 	 885 	224	24.00
854 	 855 	165	21.00
854 	 886 	230	20.00
855 	 856 	170	21.00
856 	 857 	237	18.00
856 	 888 	220	17.00
857 	 858 	205	20.00
857 	 889 	170	17.00
858 	 859 	212	21.00
858 	 890 	239	20.00
859 	 860 	210	17.00
859 	 891 	198	19.00
861 	 862 	164	18.00
861 	 893 	224	24.00
862 	 863 	198	17.00
862 	 894 	224	18.00
863 	 895 	195	20.00
864 	 865 	164	22.00
865 	 866 	184	20.00
865 	 897 	216	18.00
866 	 867 	183	22.00
866 	 898 	240	19.00
867 	 868 	213	16.00
869 	 870 	221	18.00
869 	 901 	233	17.00
870 	 871 	200	23.00
871 	 872 	174	24.00
872 	 873 	209	23.00
872 	 904 	231	16.00
874 	 875 	207	19.00
874 	 906 	225	22.00
875 	 876 	193	24.00
876 	 877 	209	23.00
876 	 908 	232	17.00
877 	 878 	217	22.00
878 	 879 	239	24.00
878 	 910 	211	20.00
879 	 880 	177	22.00
879 	 911 	222	22.00
880 	 881 	189	17.00
881 	 882 	186	22.00
881 	 913 	173	22.00
882 	 883 	202	24.00
882 	 914 	182	17.00
884 	 885 	205	21.00
884 	 916 	170	16.00
885 	 886 	224	20.00
885 	 917 	184	23.00
887 	 888 	200	19.00
887 	 919 	178	16.00
888 	 889 	225	23.00
888 	 920 	193	22.00
889 	 890 	191	17.00
890 	 891 	219	21.00
890 	 922 	174	18.00
891 	 892 	222	20.00
891 	 923 	168	16.00
893 	 894 	222	18.00
893 	 925 	207	19.00
894 	 895 	213	22.00
896 	 897 	231	19.00
896 	 928 	161	23.00
897 	 898 	209	18.00
897 	 929 	228	20.00
898 	 899 	228	21.00
898 	 930 	209	20.00
899 	 900 	180	17.00
900 	 901 	238	20.00
901 	 902 	182	19.00
901 	 933 	169	23.00
903 	 904 	187	19.00
903 	 935 	202	22.00
904 	 905 	216	16.00
904 	 936 	178	16.00
905 	 906 	161	20.00
905 	 937 	197	16.00
906 	 907 	209	24.00
906 	 938 	207	20.00
907 	 908 	225	22.00
907 	 939 	235	19.00
908 	 909 	163	22.00
910 	 911 	210	21.00
911 	 912 	199	16.00
912 	 913 	212	22.00
912 	 944 	231	20.00
913 	 914 	220	19.00
913 	 945 	235	22.00
914 	 915 	179	20.00
914 	 946 	220	17.00
915 	 916 	202	19.00
917 	 918 	239	24.00
917 	 949 	234	20.00
918 	 919 	180	22.00
919 	 920 	168	17.00
919 	 951 	219	16.00
920 	 921 	187	17.00
921 	 922 	226	23.00
921 	 953 	184	19.00
922 	 923 	198	16.00
923 	 924 	225	17.00
924 	 925 	162	17.00
924 	 956 	203	21.00
925 	 926 	180	18.00
925 	 957 	235	19.00
926 	 927 	166	16.00
926 	 958 	187	18.00
928 	 929 	206	20.00
929 	 930 	160	17.00
929 	 961 	226	21.00
930 	 931 	239	23.00
930 	 962 	201	23.00
931 	 932 	182	24.00
931 	 963 	232	24.00
932 	 933 	180	16.00
932 	 964 	163	17.00
934 	 935 	165	23.00
934 	 966 	210	20.00
935 	 967 	178	16.00
937 	 938 	197	22.00
937 	 969 	182	19.00
938 	 939 	185	24.00
938 	 970 	212	18.00
939 	 940 	161	18.00
941 	 942 	185	22.00
942 	 943 	190	16.00
942 	 974 	233	20.00
943 	 944 	178	20.00
944 	 945 	223	24.00
944 	 976 	218	18.00
945 	 946 	181	22.00
946 	 947 	203	20.00
947 	 948 	226	20.00
948 	 949 	237	24.00
948 	 980 	228	17.00
949 	 950 	203	21.00
949 	 981 	223	18.00
950 	 951 	183	16.00
952 	 953 	216	19.00
952 	 984 	189	22.00
953 	 954 	235	19.00
953 	 985 	170	22.00
954 	 955 	182	22.00
954 	 986 	224	18.00
955 	 956 	232	18.00
956 	 957 	212	17.00
956 	 988 	228	16.00
957 	 958 	227	16.00
957 	 989 	205	20.00
958 	 959 	167	23.00
958 	 990 	217	19.00
959 	 991 	191	16.00
960 	 961 	187	21.00
962 	 963 	219	22.00
962 	 994 	201	19.00
963 	 964 	231	17.00
963 	 995 	179	20.00
964 	 965 	178	18.00
965 	 966 	207	17.00
965 	 997 	197	24.00
966 	 967 	192	23.00
967 	 968 	188	21.00
967 	 999 	188	16.00
968 	 969 	207	21.00
968 	 1000 	167	19.00
969 	 970 	207	18.00
969 	 1001 	240	18.00
970 	 971 	221	24.00
971 	 972 	176	18.00
972 	 973 	192	20.00
972 	 1004 	230	18.00
973 	 974 	175	24.00
974 	 975 	233	19.00
974 	 1006 	202	22.00
975 	 976 	194	18.00
975 	 1007 	220	22.00
977 	 978 	234	16.00
977 	 1009 	179	22.00
978 	 979 	238	17.00
978 	 1010 	198	24.00
979 	 980 	168	18.00
981 	 982 	180	22.00
981 	 1013 	166	17.00
982 	 983 	205	16.00
982 	 1014 	179	19.00
983 	 984 	238	20.00
983 	 1015 	213	19.00
984 	 985 	226	21.00
985 	 986 	220	19.00
985 	 1017 	212	18.00
986 	 987 	233	16.00
987 	 988 	195	21.00
988 	 989 	231	20.00
988 	 1020 	237	22.00
989 	 990 	240	18.00
989 	 1021 	192	22.00
990 	 991 	195	23.00
990 	 1022 	205	24.00
991 	 1023 	212	21.00
992 	 993 	218	16.00
993 	 994 	236	18.00
995 	 996 	180	20.00
997 	 998 	191	21.00
999 	 1000 	205	22.00
1002 	 1003 	218	17.00
1003 	 1004 	205	17.00
1005 	 1006 	208	19.00
1006 	 1007 	169	23.00
1007 	 1008 	164	24.00
1008 	 1009 	183	16.00
1009 	 1010 	209	20.00
1010 	 1011 	202	19.00
1011 	 1012 	171	21.00
1013 	 1014 	201	16.00
1014 	 1015 	187	16.00
1015 	 1016 	187	24.00
1017 	 1018 	208	18.00
1018 	 1019 	164	21.00
1019 	 1020 	213	21.00
1020 	 1021 	183	16.00
1021 	 1022 	177	23.00
1022 	 1023 	212	24.00
