1024 	 1488 	 20 	 0.30 
 
-13	8	0
141	34	0
193	-22	0
277	26	0
432	-11	0
532	12	0
574	-3	0
727	8	7
802	-6	7
932	-23	7
978	-5	7
1103	-1	7
1228	11	7
1287	17	7
1370	-4	5
1500	-29	5
1570	16	5
1694	-37	5
1796	11	5
1932	-34	5
1996	0	5
2104	-12	5
2152	0	5
2316	-6	5
2375	-31	5
2533	14	3
2591	-19	3
2683	9	3
2788	10	3
2914	6	3
3008	23	3
3093	-29	3
33	104	0
83	89	0
204	75	0
300	80	0
414	107	0
501	84	0
586	109	0
689	137	0
799	91	7
907	145	7
972	64	7
1095	114	7
1192	79	7
1265	125	7
1395	123	5
1480	74	5
1611	80	5
1715	86	5
1808	119	5
1931	77	5
2032	106	5
2106	89	5
2197	73	5
2314	111	3
2380	84	3
2525	89	3
2607	132	3
2672	72	3
2762	75	3
2903	111	3
3028	85	3
3099	105	3
39	219	0
116	213	0
183	201	0
316	207	0
385	175	0
526	231	0
613	189	0
656	214	0
801	188	0
874	194	7
994	240	7
1076	214	7
1204	248	7
1315	182	7
1375	237	7
1494	183	5
1573	196	5
1672	203	5
1807	205	5
1894	186	5
2027	209	5
2087	157	5
2210	187	3
2310	186	3
2404	200	3
2528	205	3
2608	218	3
2696	167	3
2815	152	3
2888	171	3
3002	164	3
3119	186	3
36	331	0
91	292	0
172	325	0
314	301	0
400	330	0
493	302	0
570	279	0
667	303	0
784	312	0
909	299	7
982	260	7
1113	316	7
1197	308	7
1312	314	7
1390	280	5
1481	294	5
1598	313	5
1717	257	5
1813	298	5
1932	308	5
2008	319	5
2127	303	5
2196	306	3
2272	291	3
2449	308	3
2476	304	3
2599	310	3
2730	251	3
2805	294	3
2889	280	3
3031	325	3
3129	299	3
7	393	0
65	422	0
205	420	0
269	422	0
377	419	0
538	361	0
609	420	0
674	360	0
776	435	0
932	386	7
968	418	7
1103	369	7
1205	381	7
1272	370	7
1391	426	7
1513	391	5
1626	388	5
1709	378	5
1765	397	5
1890	402	5
1993	436	5
2129	431	5
2194	406	5
2318	389	3
2419	374	3
2485	389	3
2583	405	3
2685	391	3
2795	446	3
2894	417	3
2980	406	3
3111	437	3
28	478	0
100	476	0
203	480	0
340	476	0
384	473	0
467	513	0
597	526	0
690	486	0
799	523	7
895	527	7
1008	489	7
1087	507	7
1180	465	7
1253	510	7
1410	480	7
1524	482	5
1560	521	5
1715	505	5
1796	535	5
1865	499	5
1965	472	5
2063	497	5
2194	456	5
2292	513	3
2411	507	3
2493	489	3
2574	543	3
2705	517	3
2794	485	3
2919	493	3
2994	524	3
3084	468	3
-8	587	0
86	573	0
180	584	0
274	612	0
402	572	0
523	602	0
636	601	19
724	618	0
763	598	0
858	603	7
1026	595	7
1081	555	7
1187	559	7
1319	609	7
1406	585	7
1536	637	7
1573	586	7
1671	615	5
1810	574	5
1887	609	5
1989	623	5
2094	619	5
2204	597	5
2271	612	5
2402	588	3
2478	574	3
2605	624	3
2730	597	3
2820	559	3
2906	608	3
2962	611	3
3145	587	4
0	689	0
103	726	0
208	721	0
291	679	0
428	709	11
498	697	0
638	685	0
697	700	7
795	679	7
911	689	7
980	695	7
1098	661	7
1203	711	7
1298	727	7
1409	703	7
1474	670	7
1588	729	14
1694	720	5
1828	672	5
1902	687	5
1974	705	5
2059	736	5
2208	748	17
2321	702	17
2413	681	4
2492	684	4
2590	722	3
2681	724	3
2793	680	3
2909	693	3
3002	700	3
3116	706	4
22	804	0
132	752	0
184	828	0
305	798	0
420	811	11
476	816	0
598	816	11
704	773	7
761	772	7
883	805	7
1019	790	7
1122	780	7
1197	820	7
1307	776	7
1398	831	12
1498	800	14
1570	822	14
1706	816	14
1766	789	14
1940	765	5
1997	814	5
2107	804	5
2235	815	4
2320	792	17
2396	801	4
2536	779	4
2618	815	4
2669	787	3
2796	832	3
2881	826	4
3007	821	4
3101	816	4
26	880	11
106	891	11
164	890	11
303	855	11
438	916	11
522	885	11
597	912	11
689	881	11
804	913	11
936	899	7
996	892	7
1126	875	7
1226	911	12
1306	880	7
1382	911	12
1455	922	12
1611	931	14
1683	894	14
1795	922	14
1886	904	5
1992	897	14
2116	910	14
2206	897	4
2339	905	4
2374	879	4
2488	867	4
2610	905	4
2679	923	4
2803	885	4
2885	938	4
3005	889	4
3091	873	4
-8	1005	11
73	1012	11
195	981	11
279	995	11
419	991	11
530	1019	11
612	1011	11
669	1000	11
810	993	11
905	1006	12
1013	1008	12
1124	966	7
1174	1008	12
1275	993	12
1394	962	12
1500	1012	12
1583	990	12
1691	993	12
1785	1027	14
1889	983	14
1992	1028	14
2086	1016	14
2193	991	14
2302	1020	14
2398	989	4
2493	1005	4
2591	1008	4
2706	995	4
2769	991	4
2869	1021	4
2969	997	4
3093	1025	4
20	1084	11
138	1113	11
201	1120	11
301	1085	11
369	1115	11
468	1098	11
621	1099	11
727	1087	11
786	1060	11
900	1087	11
1027	1108	12
1097	1082	12
1172	1100	12
1293	1100	12
1421	1118	12
1459	1061	12
1621	1091	12
1718	1095	14
1819	1100	14
1872	1073	14
1969	1118	14
2137	1105	14
2187	1113	14
2292	1101	4
2372	1103	4
2513	1106	4
2580	1065	4
2679	1057	4
2816	1116	4
2932	1135	4
3017	1091	4
3096	1062	4
19	1195	11
93	1183	11
221	1214	11
320	1226	11
414	1220	11
518	1227	11
594	1188	11
677	1190	11
776	1189	11
877	1217	11
1010	1217	12
1052	1204	12
1187	1175	12
1297	1199	12
1420	1210	12
1499	1201	12
1576	1224	12
1700	1158	12
1758	1182	12
1906	1201	14
1994	1219	14
2098	1167	14
2220	1202	14
2290	1187	14
2398	1171	4
2507	1195	4
2584	1206	18
2687	1214	4
2794	1192	4
2918	1194	4
3037	1201	4
3109	1196	4
-12	1302	11
98	1308	11
206	1310	11
297	1291	11
362	1312	11
486	1254	11
635	1265	11
712	1344	11
807	1295	11
885	1346	12
1001	1286	12
1096	1318	12
1243	1301	12
1293	1337	12
1384	1323	12
1480	1286	12
1594	1311	12
1705	1302	12
1795	1260	12
1866	1289	14
2005	1331	14
2127	1314	14
2195	1290	14
2316	1301	14
2402	1308	4
2477	1327	4
2601	1305	4
2703	1344	4
2820	1301	4
2917	1305	4
2964	1311	4
3078	1288	4
-5	1421	11
96	1435	11
202	1365	11
291	1363	11
378	1421	11
494	1354	11
605	1408	11
713	1383	11
815	1404	11
892	1369	12
1024	1390	12
1137	1403	12
1215	1377	12
1293	1393	12
1436	1418	12
1505	1382	12
1581	1417	12
1703	1422	12
1783	1394	13
1875	1366	13
1982	1431	14
2061	1389	14
2193	1381	14
2287	1414	14
2437	1369	4
2474	1395	4
2584	1412	4
2673	1406	4
2835	1406	4
2882	1386	4
3010	1403	4
3087	1381	4
32	1510	11
72	1509	10
228	1513	10
321	1491	10
406	1544	10
510	1482	11
606	1489	11
698	1495	11
799	1494	13
910	1469	13
967	1498	12
1109	1521	12
1177	1505	12
1321	1518	12
1440	1475	12
1457	1515	12
1562	1504	12
1703	1491	12
1802	1480	13
1926	1507	13
1997	1484	14
2061	1490	14
2205	1487	14
2318	1510	14
2379	1454	14
2514	1515	6
2566	1495	4
2705	1468	4
2803	1501	4
2897	1524	4
2981	1499	4
3068	1500	6
-5	1581	10
92	1611	10
191	1582	10
328	1632	10
446	1598	10
522	1619	10
599	1590	11
689	1611	11
794	1584	13
947	1570	13
1011	1607	12
1092	1606	12
1192	1610	12
1325	1584	12
1383	1614	12
1508	1575	12
1585	1602	13
1679	1585	13
1821	1611	13
1897	1575	13
2004	1576	14
2092	1629	14
2234	1589	14
2303	1592	6
2396	1600	6
2508	1608	6
2589	1569	6
2697	1587	6
2815	1630	4
2904	1598	6
2985	1618	6
3078	1628	6
-20	1693	10
81	1681	10
218	1675	10
282	1735	10
361	1727	10
540	1713	10
583	1665	11
748	1704	10
806	1694	10
888	1651	13
1021	1688	13
1092	1677	12
1212	1737	12
1311	1677	12
1403	1726	12
1472	1697	12
1575	1659	13
1695	1709	13
1774	1718	13
1888	1720	14
1991	1691	14
2071	1711	14
2193	1717	6
2306	1678	6
2415	1736	6
2489	1667	6
2601	1721	6
2684	1700	6
2795	1697	6
2887	1702	6
2965	1706	6
3055	1688	6
-22	1781	10
80	1794	10
218	1774	10
307	1797	10
446	1793	10
505	1786	10
578	1808	10
732	1834	10
796	1839	10
935	1826	13
982	1790	13
1085	1817	13
1190	1772	13
1272	1823	13
1369	1827	13
1473	1751	13
1560	1784	13
1725	1789	13
1797	1814	13
1875	1831	13
2033	1771	14
2100	1771	14
2202	1802	6
2305	1771	6
2401	1788	6
2506	1837	6
2600	1833	6
2707	1820	6
2793	1843	6
2862	1824	6
2974	1799	6
3090	1799	6
-16	1905	10
84	1930	10
176	1896	10
308	1909	10
383	1933	10
474	1915	10
581	1913	10
743	1859	10
812	1913	10
902	1943	13
1010	1910	13
1105	1900	13
1202	1897	13
1296	1889	13
1405	1898	13
1536	1927	13
1622	1888	13
1700	1903	13
1776	1913	13
1850	1897	14
2009	1878	14
2075	1898	14
2193	1869	6
2303	1910	6
2396	1923	6
2481	1913	6
2606	1880	6
2719	1902	6
2830	1940	6
2895	1900	6
3006	1928	6
3087	1917	6
-24	1981	10
106	2002	10
225	2008	10
300	2011	10
408	2000	10
535	2014	10
638	2024	10
658	1970	10
790	2005	10
890	2028	10
1001	2030	13
1100	1973	13
1205	2006	13
1320	2002	13
1427	1995	13
1468	2006	13
1556	2015	13
1714	1995	13
1828	1993	14
1866	1995	14
1992	2016	14
2106	2000	14
2196	2015	14
2251	1997	14
2373	1997	6
2491	1988	6
2574	2006	6
2693	2006	6
2768	2040	6
2884	1970	6
2990	1986	6
3103	1974	6
-16	2077	10
110	2059	10
206	2071	10
299	2119	10
413	2109	10
535	2105	10
596	2080	10
689	2137	10
830	2116	10
897	2128	9
967	2073	13
1114	2113	13
1173	2115	13
1279	2121	13
1430	2108	13
1506	2082	13
1591	2094	13
1720	2106	13
1778	2093	14
1856	2098	14
2015	2124	14
2143	2081	14
2167	2076	14
2329	2099	6
2434	2091	6
2522	2113	6
2573	2140	6
2668	2140	6
2794	2126	6
2902	2134	6
3009	2072	6
3093	2104	6
-39	2169	10
58	2189	10
234	2214	10
308	2218	10
411	2204	10
513	2205	10
592	2214	10
729	2185	10
778	2195	9
888	2223	9
1035	2218	9
1102	2201	9
1200	2229	9
1303	2233	13
1409	2179	13
1488	2209	13
1557	2178	13
1681	2202	13
1821	2182	15
1908	2183	14
1995	2205	8
2084	2193	16
2235	2235	16
2271	2226	16
2421	2195	16
2524	2216	6
2608	2162	6
2712	2192	6
2811	2187	6
2863	2209	6
3005	2238	6
3101	2216	6
28	2311	10
107	2293	10
152	2257	1
289	2285	1
408	2294	10
480	2296	10
599	2327	10
703	2274	9
823	2252	9
922	2306	9
997	2303	9
1114	2275	9
1184	2271	9
1321	2277	13
1417	2291	13
1513	2261	13
1596	2300	15
1661	2313	15
1779	2313	15
1938	2298	8
2014	2297	8
2110	2296	8
2196	2313	8
2312	2303	16
2394	2263	16
2488	2333	6
2572	2336	2
2735	2339	2
2751	2294	6
2877	2337	2
3006	2315	6
3134	2334	6
3	2401	1
102	2428	1
190	2395	1
328	2416	1
385	2378	1
488	2417	1
604	2410	1
735	2379	9
786	2389	9
927	2410	9
1014	2424	9
1098	2416	9
1160	2417	9
1305	2409	9
1441	2414	13
1533	2380	13
1605	2377	15
1687	2397	15
1808	2392	8
1897	2437	8
1974	2363	8
2121	2418	8
2155	2374	8
2331	2410	8
2399	2417	16
2507	2405	2
2565	2432	2
2685	2413	2
2808	2385	2
2868	2382	2
3005	2412	2
3094	2408	2
-23	2510	1
92	2519	1
173	2533	1
314	2454	1
378	2490	1
523	2509	1
602	2515	1
695	2479	1
813	2511	9
886	2493	9
1007	2489	9
1051	2482	9
1211	2505	9
1299	2501	9
1411	2472	9
1530	2535	9
1609	2489	15
1734	2520	15
1791	2494	8
1895	2470	8
2004	2511	8
2090	2489	8
2192	2472	8
2280	2525	8
2423	2498	2
2495	2513	2
2634	2542	2
2679	2498	2
2787	2505	2
2890	2488	2
2968	2526	2
3119	2496	2
13	2611	1
114	2612	1
203	2599	1
264	2580	1
416	2587	1
475	2628	1
605	2613	1
684	2634	1
835	2644	1
929	2571	9
1033	2616	9
1096	2583	9
1220	2578	9
1319	2604	9
1403	2593	9
1515	2571	9
1600	2598	8
1742	2614	8
1796	2585	8
1866	2615	8
2010	2586	8
2080	2613	8
2216	2612	8
2327	2586	8
2385	2609	2
2469	2577	2
2591	2630	2
2683	2640	2
2777	2617	2
2947	2625	2
2990	2603	2
3086	2611	2
-4	2724	1
85	2740	1
174	2659	1
316	2691	1
393	2709	1
489	2693	1
611	2721	1
722	2684	1
785	2696	1
887	2714	1
1000	2701	9
1099	2730	9
1170	2699	9
1301	2683	9
1387	2656	9
1534	2697	8
1604	2722	8
1746	2679	8
1796	2686	8
1880	2706	8
2004	2681	8
2077	2670	8
2213	2655	8
2262	2729	2
2416	2723	2
2512	2721	2
2566	2698	2
2672	2728	2
2767	2710	2
2906	2655	2
3028	2709	2
3077	2686	2
-5	2795	1
115	2800	1
199	2791	1
337	2789	1
439	2834	1
508	2838	1
616	2788	1
730	2777	1
804	2796	1
868	2786	9
1009	2784	9
1094	2801	9
1213	2814	9
1301	2807	9
1416	2783	9
1540	2789	8
1617	2764	8
1698	2805	8
1773	2809	8
1894	2838	8
1996	2819	8
2098	2826	8
2226	2780	8
2288	2812	2
2448	2826	2
2483	2809	2
2596	2820	2
2676	2782	2
2833	2808	2
2920	2792	2
2998	2806	2
3068	2830	2
20	2874	1
69	2902	1
210	2933	1
326	2916	1
382	2916	1
465	2907	1
616	2870	1
706	2886	1
784	2875	1
906	2875	9
1007	2938	9
1075	2904	9
1217	2910	9
1320	2930	9
1376	2857	9
1527	2872	8
1609	2877	8
1732	2929	8
1811	2923	8
1901	2937	8
1999	2925	8
2061	2926	8
2202	2938	8
2281	2898	2
2420	2905	2
2530	2910	2
2583	2901	2
2734	2883	2
2790	2935	2
2912	2893	2
3011	2878	2
3136	2896	2
34	3012	1
73	2982	1
196	3024	1
266	3001	1
406	3016	1
510	2991	1
601	3018	1
679	2998	1
810	2971	9
857	2962	9
994	3001	9
1141	2995	9
1172	2995	9
1322	3021	9
1382	2988	9
1502	2971	8
1636	2983	8
1717	3007	8
1820	2960	8
1890	3000	8
2043	2969	8
2129	3013	8
2189	2991	8
2307	2984	8
2378	2991	2
2517	3011	2
2598	2997	2
2675	2983	2
2793	3007	2
2871	3012	2
3023	2995	2
3078	3012	2
35	3132	1
105	3126	1
157	3112	1
291	3074	1
415	3103	1
504	3130	1
603	3146	1
684	3141	9
766	3127	9
929	3122	9
986	3139	9
1123	3122	9
1199	3100	9
1280	3112	9
1378	3086	9
1520	3106	9
1608	3108	8
1683	3111	8
1784	3114	8
1892	3080	8
1969	3086	8
2064	3134	8
2201	3088	8
2300	3089	8
2403	3104	8
2504	3101	2
2612	3091	2
2700	3117	2
2798	3073	2
2930	3123	2
2982	3086	2
3081	3109	2

0 	 1 	235	22.00
0 	 32 	212	21.00
1 	 2 	207	17.00
2 	 3 	216	21.00
2 	 34 	169	16.00
3 	 4 	215	16.00
3 	 35 	237	22.00
4 	 5 	237	24.00
4 	 36 	176	17.00
5 	 6 	201	16.00
6 	 7 	188	16.00
7 	 8 	160	16.00
8 	 9 	203	22.00
8 	 40 	192	19.00
9 	 10 	189	18.00
9 	 41 	168	17.00
10 	 11 	194	17.00
12 	 13 	215	22.00
12 	 44 	161	21.00
13 	 14 	238	19.00
14 	 15 	187	19.00
15 	 16 	163	16.00
15 	 47 	237	16.00
16 	 17 	177	18.00
16 	 48 	167	16.00
17 	 18 	164	21.00
17 	 49 	174	20.00
18 	 19 	236	17.00
18 	 50 	218	22.00
19 	 20 	236	16.00
19 	 51 	226	17.00
20 	 21 	229	22.00
21 	 22 	171	23.00
21 	 53 	196	22.00
22 	 23 	200	24.00
22 	 54 	215	22.00
23 	 24 	197	23.00
23 	 55 	167	17.00
24 	 25 	166	23.00
24 	 56 	193	18.00
25 	 26 	222	24.00
25 	 57 	188	23.00
27 	 28 	228	21.00
27 	 59 	187	16.00
28 	 29 	185	17.00
29 	 30 	199	20.00
29 	 61 	183	23.00
30 	 31 	234	16.00
30 	 62 	218	18.00
31 	 63 	196	24.00
32 	 33 	204	23.00
32 	 64 	209	21.00
33 	 34 	188	17.00
33 	 65 	237	21.00
35 	 36 	231	23.00
36 	 37 	203	16.00
36 	 68 	192	22.00
37 	 38 	222	22.00
37 	 69 	189	17.00
38 	 39 	176	24.00
38 	 70 	178	17.00
39 	 40 	232	18.00
39 	 71 	235	20.00
40 	 41 	194	20.00
40 	 72 	235	19.00
41 	 42 	231	18.00
42 	 43 	227	20.00
42 	 74 	227	22.00
43 	 44 	190	17.00
43 	 75 	202	17.00
44 	 45 	240	22.00
44 	 76 	238	23.00
45 	 46 	220	24.00
46 	 47 	192	24.00
46 	 78 	209	24.00
47 	 48 	190	21.00
47 	 79 	203	21.00
48 	 49 	240	23.00
48 	 80 	173	24.00
49 	 50 	219	19.00
49 	 81 	164	16.00
50 	 51 	168	21.00
50 	 82 	225	16.00
51 	 52 	182	20.00
52 	 53 	229	21.00
52 	 84 	190	21.00
53 	 54 	162	17.00
53 	 85 	161	20.00
54 	 55 	196	22.00
54 	 86 	181	24.00
55 	 56 	160	22.00
55 	 87 	176	21.00
56 	 57 	167	20.00
57 	 58 	217	16.00
57 	 89 	169	23.00
58 	 59 	222	22.00
58 	 90 	224	24.00
60 	 61 	167	17.00
60 	 92 	199	23.00
61 	 62 	183	21.00
61 	 93 	180	23.00
62 	 63 	192	21.00
63 	 95 	227	19.00
64 	 65 	178	23.00
64 	 96 	190	24.00
65 	 66 	228	17.00
65 	 97 	226	22.00
66 	 67 	193	24.00
66 	 98 	231	19.00
67 	 99 	216	17.00
69 	 70 	178	16.00
69 	 101 	184	22.00
70 	 71 	178	19.00
70 	 102 	205	17.00
71 	 72 	169	24.00
72 	 73 	198	17.00
72 	 104 	185	18.00
73 	 74 	205	19.00
73 	 105 	209	21.00
75 	 76 	176	21.00
75 	 107 	199	24.00
76 	 77 	211	22.00
76 	 108 	186	18.00
77 	 78 	196	24.00
78 	 79 	210	19.00
78 	 110 	218	24.00
79 	 80 	182	18.00
79 	 111 	220	17.00
80 	 81 	185	17.00
82 	 83 	223	24.00
82 	 114 	188	19.00
83 	 115 	181	19.00
85 	 86 	167	22.00
85 	 117 	162	21.00
86 	 87 	189	18.00
86 	 118 	168	16.00
87 	 88 	202	21.00
87 	 119 	198	22.00
89 	 90 	208	16.00
89 	 121 	237	23.00
90 	 91 	173	17.00
90 	 122 	212	19.00
91 	 92 	193	20.00
91 	 123 	240	22.00
93 	 94 	171	19.00
93 	 125 	238	18.00
95 	 127 	215	19.00
96 	 97 	184	24.00
96 	 128 	183	19.00
97 	 98 	178	17.00
98 	 99 	196	19.00
100 	 101 	184	21.00
100 	 132 	176	16.00
101 	 102 	217	23.00
101 	 133 	201	17.00
102 	 103 	182	17.00
103 	 104 	204	21.00
104 	 105 	232	20.00
104 	 136 	223	23.00
105 	 106 	179	21.00
106 	 107 	203	21.00
106 	 138 	191	23.00
107 	 108 	214	23.00
107 	 139 	195	23.00
108 	 109 	195	24.00
109 	 110 	238	17.00
109 	 141 	177	21.00
110 	 111 	192	17.00
110 	 142 	237	18.00
111 	 112 	191	16.00
111 	 143 	179	18.00
113 	 114 	162	21.00
113 	 145 	211	18.00
114 	 115 	194	24.00
114 	 146 	167	22.00
115 	 116 	211	20.00
116 	 117 	229	18.00
117 	 118 	220	18.00
117 	 149 	175	18.00
118 	 119 	195	23.00
118 	 150 	192	22.00
119 	 120 	198	19.00
120 	 121 	184	21.00
120 	 152 	181	21.00
121 	 122 	160	22.00
121 	 153 	180	24.00
122 	 123 	173	24.00
122 	 154 	176	20.00
123 	 124 	200	16.00
123 	 155 	205	21.00
125 	 126 	169	21.00
126 	 127 	220	19.00
126 	 158 	202	18.00
127 	 159 	238	18.00
128 	 129 	181	23.00
129 	 130 	175	16.00
129 	 161 	194	23.00
130 	 131 	213	21.00
130 	 162 	187	19.00
131 	 132 	222	18.00
131 	 163 	188	18.00
132 	 133 	229	20.00
132 	 164 	188	24.00
133 	 134 	216	24.00
134 	 135 	203	18.00
135 	 136 	225	19.00
136 	 137 	180	22.00
136 	 168 	180	21.00
138 	 139 	214	24.00
139 	 140 	180	18.00
139 	 171 	203	24.00
140 	 141 	232	24.00
140 	 172 	194	17.00
141 	 142 	209	17.00
141 	 173 	224	16.00
142 	 143 	239	22.00
142 	 174 	182	21.00
143 	 144 	197	19.00
143 	 175 	236	16.00
144 	 145 	236	21.00
144 	 176 	203	21.00
145 	 146 	191	16.00
145 	 177 	178	19.00
146 	 147 	162	17.00
146 	 178 	238	22.00
147 	 148 	213	22.00
147 	 179 	204	20.00
149 	 150 	214	23.00
150 	 151 	226	17.00
151 	 152 	239	18.00
151 	 183 	173	17.00
152 	 153 	181	18.00
152 	 184 	179	17.00
153 	 154 	175	21.00
154 	 155 	205	20.00
154 	 186 	225	21.00
155 	 156 	197	17.00
156 	 157 	217	23.00
156 	 188 	209	21.00
157 	 158 	171	17.00
158 	 159 	210	17.00
159 	 191 	175	19.00
160 	 161 	212	18.00
160 	 192 	202	19.00
161 	 162 	164	23.00
162 	 163 	193	24.00
162 	 194 	208	21.00
163 	 164 	231	16.00
164 	 165 	209	20.00
165 	 166 	207	24.00
165 	 197 	160	24.00
166 	 167 	220	17.00
166 	 198 	197	19.00
167 	 168 	235	17.00
167 	 199 	165	24.00
168 	 169 	238	24.00
168 	 200 	221	23.00
169 	 170 	225	21.00
169 	 201 	166	22.00
170 	 171 	196	17.00
171 	 172 	195	24.00
171 	 203 	204	21.00
172 	 173 	187	23.00
172 	 204 	205	20.00
173 	 174 	212	18.00
173 	 205 	166	24.00
174 	 175 	171	18.00
174 	 206 	234	18.00
176 	 177 	165	19.00
177 	 178 	233	17.00
177 	 209 	227	18.00
179 	 180 	191	21.00
180 	 181 	209	22.00
180 	 212 	207	20.00
181 	 182 	186	17.00
181 	 213 	238	18.00
182 	 183 	173	21.00
182 	 214 	210	23.00
183 	 184 	199	19.00
183 	 215 	230	16.00
184 	 185 	223	22.00
184 	 216 	240	21.00
187 	 188 	188	16.00
187 	 219 	187	21.00
188 	 189 	218	17.00
189 	 190 	182	23.00
189 	 221 	238	23.00
190 	 191 	160	22.00
190 	 222 	218	24.00
191 	 223 	221	18.00
192 	 193 	174	16.00
192 	 224 	194	18.00
193 	 194 	235	20.00
193 	 225 	227	20.00
194 	 195 	224	22.00
194 	 226 	238	18.00
195 	 196 	179	23.00
196 	 197 	163	19.00
197 	 198 	161	18.00
197 	 229 	182	20.00
198 	 199 	172	17.00
199 	 200 	190	22.00
200 	 201 	160	16.00
200 	 232 	165	23.00
201 	 202 	238	18.00
202 	 203 	179	22.00
202 	 234 	199	18.00
203 	 204 	172	21.00
203 	 235 	188	21.00
204 	 205 	162	18.00
204 	 236 	170	17.00
206 	 207 	234	20.00
206 	 238 	231	21.00
207 	 208 	213	21.00
207 	 239 	203	23.00
208 	 209 	215	20.00
209 	 210 	212	20.00
209 	 241 	192	22.00
210 	 211 	174	24.00
210 	 242 	214	17.00
211 	 243 	178	17.00
213 	 214 	216	22.00
213 	 245 	170	24.00
214 	 215 	188	22.00
214 	 246 	224	24.00
215 	 216 	186	17.00
215 	 247 	165	18.00
217 	 218 	190	17.00
217 	 249 	226	24.00
218 	 219 	236	20.00
218 	 250 	174	20.00
219 	 220 	217	18.00
219 	 251 	225	23.00
220 	 221 	202	16.00
220 	 252 	221	20.00
221 	 222 	168	18.00
221 	 253 	182	21.00
222 	 223 	192	18.00
223 	 255 	201	23.00
224 	 225 	161	22.00
225 	 226 	190	23.00
226 	 227 	227	22.00
227 	 228 	238	16.00
227 	 259 	220	22.00
228 	 229 	190	19.00
228 	 260 	229	20.00
229 	 230 	177	18.00
229 	 261 	162	21.00
230 	 231 	212	18.00
231 	 232 	192	18.00
231 	 263 	196	19.00
232 	 233 	205	21.00
233 	 234 	184	16.00
234 	 235 	197	22.00
234 	 266 	177	18.00
235 	 236 	232	16.00
235 	 267 	190	16.00
237 	 238 	163	21.00
237 	 269 	207	21.00
238 	 239 	229	18.00
238 	 270 	209	24.00
239 	 240 	188	16.00
240 	 241 	193	23.00
242 	 243 	178	18.00
242 	 274 	204	19.00
243 	 244 	213	17.00
243 	 275 	209	24.00
244 	 245 	232	20.00
244 	 276 	188	18.00
245 	 246 	177	16.00
245 	 277 	180	23.00
246 	 247 	238	21.00
247 	 248 	237	21.00
247 	 279 	240	19.00
248 	 249 	197	16.00
249 	 250 	177	16.00
249 	 281 	230	19.00
250 	 251 	229	22.00
250 	 282 	191	23.00
251 	 252 	236	20.00
252 	 253 	168	23.00
253 	 254 	175	24.00
253 	 285 	209	23.00
254 	 255 	227	21.00
256 	 257 	168	17.00
256 	 288 	218	21.00
257 	 258 	203	19.00
257 	 289 	210	21.00
258 	 259 	206	21.00
259 	 260 	224	21.00
259 	 291 	182	17.00
262 	 263 	180	20.00
262 	 294 	194	23.00
263 	 264 	212	20.00
263 	 295 	205	19.00
264 	 265 	192	20.00
264 	 296 	189	16.00
266 	 267 	211	24.00
267 	 268 	206	18.00
267 	 299 	204	21.00
268 	 269 	186	19.00
268 	 300 	205	20.00
269 	 270 	185	22.00
269 	 301 	173	20.00
270 	 271 	183	19.00
271 	 272 	184	22.00
271 	 303 	231	23.00
273 	 274 	213	23.00
274 	 275 	176	24.00
274 	 306 	168	20.00
275 	 276 	195	17.00
275 	 307 	167	20.00
276 	 277 	202	24.00
276 	 308 	235	23.00
277 	 278 	170	16.00
278 	 279 	180	16.00
278 	 310 	208	18.00
279 	 280 	216	19.00
280 	 281 	188	22.00
280 	 312 	171	23.00
281 	 282 	221	21.00
283 	 284 	177	17.00
283 	 315 	211	24.00
284 	 285 	194	21.00
285 	 286 	173	16.00
285 	 317 	173	19.00
286 	 287 	225	16.00
286 	 318 	221	22.00
288 	 289 	204	19.00
288 	 320 	212	16.00
289 	 290 	185	20.00
290 	 291 	179	24.00
290 	 322 	217	23.00
292 	 293 	217	23.00
292 	 324 	168	21.00
293 	 294 	224	19.00
294 	 295 	212	19.00
294 	 326 	207	19.00
295 	 296 	225	19.00
295 	 327 	165	19.00
296 	 297 	207	17.00
296 	 328 	228	18.00
297 	 298 	236	22.00
298 	 299 	228	17.00
298 	 330 	196	17.00
299 	 300 	211	22.00
299 	 331 	234	21.00
300 	 301 	186	22.00
300 	 332 	174	23.00
301 	 302 	180	17.00
301 	 333 	213	18.00
302 	 303 	210	19.00
303 	 304 	187	23.00
303 	 335 	235	18.00
304 	 305 	189	23.00
304 	 336 	231	21.00
305 	 306 	232	22.00
305 	 337 	199	20.00
306 	 307 	180	24.00
307 	 308 	186	19.00
307 	 339 	194	18.00
308 	 309 	191	18.00
308 	 340 	219	21.00
309 	 310 	181	22.00
310 	 311 	229	24.00
310 	 342 	162	20.00
311 	 312 	212	19.00
311 	 343 	175	19.00
312 	 313 	236	19.00
313 	 314 	169	24.00
313 	 345 	180	22.00
314 	 315 	164	17.00
315 	 316 	179	24.00
317 	 318 	211	17.00
318 	 319 	183	23.00
318 	 350 	162	22.00
319 	 351 	216	21.00
320 	 321 	193	19.00
320 	 352 	182	17.00
321 	 322 	187	22.00
321 	 353 	189	20.00
322 	 323 	231	17.00
322 	 354 	227	19.00
323 	 324 	206	17.00
323 	 355 	161	21.00
324 	 325 	199	16.00
325 	 326 	182	22.00
326 	 327 	237	21.00
327 	 328 	197	17.00
327 	 359 	203	18.00
328 	 329 	162	16.00
329 	 330 	202	23.00
330 	 331 	173	17.00
330 	 362 	188	16.00
331 	 332 	206	20.00
331 	 363 	213	17.00
332 	 333 	219	17.00
333 	 334 	205	20.00
333 	 365 	163	20.00
334 	 335 	231	21.00
334 	 366 	163	21.00
335 	 336 	163	22.00
335 	 367 	184	23.00
336 	 337 	166	17.00
337 	 338 	162	19.00
337 	 369 	240	23.00
338 	 339 	180	21.00
338 	 370 	199	20.00
339 	 340 	234	17.00
340 	 341 	160	20.00
340 	 372 	188	20.00
341 	 342 	231	19.00
341 	 373 	233	16.00
342 	 343 	229	24.00
342 	 374 	233	20.00
343 	 344 	163	17.00
343 	 375 	237	17.00
344 	 345 	234	16.00
344 	 376 	197	22.00
345 	 346 	228	16.00
347 	 348 	228	22.00
347 	 379 	202	16.00
348 	 349 	189	16.00
349 	 350 	197	20.00
350 	 351 	173	17.00
351 	 383 	176	19.00
352 	 353 	193	17.00
352 	 384 	222	24.00
353 	 354 	222	21.00
353 	 385 	186	18.00
354 	 355 	180	23.00
354 	 386 	168	20.00
355 	 356 	160	20.00
355 	 387 	211	19.00
356 	 357 	215	23.00
357 	 358 	237	18.00
357 	 389 	199	16.00
359 	 360 	175	24.00
360 	 361 	225	21.00
360 	 392 	160	17.00
361 	 362 	203	16.00
361 	 393 	201	19.00
362 	 363 	196	22.00
363 	 364 	232	17.00
363 	 395 	240	19.00
364 	 365 	179	17.00
365 	 366 	170	16.00
365 	 397 	212	20.00
366 	 367 	228	20.00
366 	 398 	219	20.00
367 	 368 	197	16.00
368 	 369 	236	18.00
368 	 400 	223	19.00
369 	 370 	240	21.00
369 	 401 	183	19.00
370 	 371 	194	19.00
370 	 402 	218	21.00
371 	 372 	190	21.00
371 	 403 	221	16.00
372 	 373 	201	19.00
372 	 404 	221	24.00
373 	 374 	183	18.00
374 	 375 	185	19.00
374 	 406 	187	20.00
375 	 376 	182	19.00
375 	 407 	175	20.00
376 	 377 	175	24.00
376 	 408 	160	18.00
377 	 378 	233	19.00
377 	 409 	178	19.00
378 	 379 	190	17.00
378 	 410 	185	21.00
379 	 380 	173	20.00
379 	 411 	219	21.00
380 	 381 	196	16.00
380 	 412 	215	20.00
381 	 382 	184	22.00
381 	 413 	228	16.00
382 	 383 	230	17.00
383 	 415 	223	23.00
384 	 385 	220	20.00
384 	 416 	166	24.00
385 	 386 	235	22.00
385 	 417 	225	23.00
387 	 388 	200	22.00
387 	 419 	189	22.00
388 	 389 	179	18.00
389 	 390 	217	24.00
389 	 421 	194	17.00
390 	 391 	232	21.00
390 	 422 	205	17.00
391 	 392 	220	22.00
391 	 423 	202	16.00
392 	 393 	231	21.00
392 	 424 	232	23.00
393 	 394 	164	24.00
393 	 425 	213	18.00
394 	 395 	239	23.00
395 	 396 	217	22.00
395 	 427 	201	17.00
396 	 397 	209	18.00
396 	 428 	169	19.00
397 	 398 	233	21.00
397 	 429 	189	18.00
398 	 399 	209	16.00
398 	 430 	172	23.00
399 	 400 	204	16.00
399 	 431 	201	16.00
400 	 401 	239	20.00
400 	 432 	190	16.00
401 	 402 	202	22.00
401 	 433 	233	18.00
402 	 403 	191	18.00
402 	 434 	178	24.00
403 	 404 	176	24.00
403 	 435 	201	19.00
404 	 405 	211	18.00
404 	 436 	238	17.00
405 	 406 	174	19.00
405 	 437 	211	20.00
406 	 407 	222	20.00
407 	 408 	197	21.00
407 	 439 	205	18.00
408 	 409 	235	18.00
408 	 440 	165	21.00
409 	 410 	236	23.00
410 	 411 	160	19.00
410 	 442 	163	23.00
411 	 412 	236	24.00
411 	 443 	169	17.00
412 	 413 	223	21.00
412 	 444 	186	23.00
413 	 414 	209	18.00
413 	 445 	179	16.00
414 	 415 	176	17.00
414 	 446 	169	16.00
415 	 447 	231	22.00
416 	 417 	232	17.00
416 	 448 	207	17.00
417 	 418 	160	24.00
417 	 449 	199	22.00
418 	 419 	180	24.00
418 	 450 	192	21.00
419 	 420 	208	23.00
420 	 421 	202	22.00
420 	 452 	189	18.00
421 	 422 	232	16.00
421 	 453 	169	22.00
422 	 423 	239	21.00
422 	 454 	213	20.00
423 	 424 	174	21.00
423 	 455 	195	19.00
424 	 425 	170	18.00
424 	 456 	184	20.00
425 	 426 	161	24.00
427 	 428 	227	21.00
428 	 429 	227	19.00
429 	 430 	199	22.00
430 	 462 	210	18.00
432 	 433 	186	16.00
432 	 464 	199	23.00
433 	 434 	194	22.00
433 	 465 	196	17.00
434 	 435 	211	19.00
434 	 466 	193	22.00
435 	 436 	229	20.00
435 	 467 	197	23.00
436 	 437 	239	23.00
438 	 439 	218	16.00
438 	 470 	223	16.00
439 	 440 	189	20.00
439 	 471 	240	20.00
440 	 441 	228	20.00
440 	 472 	208	16.00
441 	 442 	225	24.00
441 	 473 	222	22.00
442 	 443 	214	19.00
442 	 474 	179	16.00
443 	 444 	195	23.00
443 	 475 	218	22.00
445 	 477 	211	20.00
447 	 479 	205	16.00
448 	 449 	171	17.00
448 	 480 	199	24.00
449 	 450 	208	21.00
449 	 481 	190	23.00
450 	 451 	233	21.00
450 	 482 	197	23.00
451 	 452 	181	21.00
451 	 483 	240	16.00
452 	 453 	180	16.00
452 	 484 	165	23.00
453 	 454 	191	17.00
454 	 455 	183	22.00
454 	 486 	192	21.00
455 	 456 	239	23.00
455 	 487 	176	17.00
456 	 457 	174	18.00
456 	 488 	240	18.00
457 	 458 	230	23.00
457 	 489 	189	21.00
458 	 459 	205	17.00
458 	 490 	207	22.00
459 	 460 	214	20.00
459 	 491 	162	16.00
460 	 461 	171	21.00
460 	 492 	195	21.00
461 	 462 	200	21.00
461 	 493 	211	24.00
462 	 463 	199	23.00
462 	 494 	217	24.00
463 	 464 	185	18.00
463 	 495 	213	20.00
464 	 465 	211	17.00
464 	 496 	193	21.00
465 	 466 	192	21.00
466 	 467 	163	21.00
466 	 498 	201	23.00
468 	 469 	225	22.00
468 	 500 	190	16.00
469 	 470 	213	18.00
470 	 471 	179	21.00
470 	 502 	188	17.00
471 	 472 	237	18.00
472 	 473 	223	19.00
474 	 475 	202	23.00
475 	 476 	213	22.00
475 	 507 	161	20.00
477 	 478 	234	17.00
477 	 509 	170	20.00
478 	 479 	188	23.00
478 	 510 	202	24.00
479 	 511 	229	21.00
480 	 481 	177	17.00
480 	 512 	203	22.00
481 	 482 	180	19.00
481 	 513 	180	22.00
482 	 483 	190	19.00
482 	 514 	223	20.00
483 	 484 	184	20.00
484 	 485 	176	22.00
485 	 486 	209	22.00
486 	 487 	229	24.00
486 	 518 	219	16.00
487 	 488 	168	24.00
488 	 489 	175	24.00
490 	 491 	177	20.00
493 	 494 	192	16.00
494 	 495 	177	22.00
494 	 526 	183	24.00
495 	 496 	199	19.00
496 	 497 	187	20.00
496 	 528 	201	19.00
499 	 500 	200	19.00
500 	 501 	197	23.00
500 	 532 	203	17.00
502 	 503 	231	23.00
502 	 534 	201	18.00
503 	 504 	197	24.00
503 	 535 	191	17.00
504 	 505 	178	19.00
504 	 536 	164	24.00
505 	 506 	187	20.00
508 	 509 	217	16.00
509 	 510 	225	21.00
509 	 541 	188	17.00
510 	 511 	166	23.00
510 	 542 	178	20.00
512 	 513 	163	18.00
512 	 544 	204	23.00
513 	 514 	235	24.00
513 	 545 	180	19.00
514 	 515 	231	24.00
514 	 546 	185	18.00
515 	 516 	172	17.00
515 	 547 	167	24.00
516 	 517 	167	16.00
516 	 548 	170	16.00
518 	 519 	223	23.00
518 	 550 	169	21.00
519 	 520 	160	19.00
521 	 522 	204	17.00
521 	 553 	169	19.00
522 	 523 	176	23.00
522 	 554 	178	22.00
523 	 524 	191	16.00
523 	 555 	226	21.00
524 	 525 	227	17.00
524 	 556 	195	23.00
525 	 526 	184	22.00
525 	 557 	231	19.00
526 	 527 	166	17.00
526 	 558 	164	16.00
527 	 528 	223	21.00
528 	 529 	238	16.00
528 	 560 	236	21.00
530 	 531 	208	17.00
530 	 562 	224	20.00
531 	 532 	233	24.00
531 	 563 	228	20.00
532 	 533 	192	23.00
532 	 564 	235	17.00
533 	 534 	195	18.00
533 	 565 	232	21.00
534 	 535 	225	20.00
534 	 566 	162	18.00
535 	 536 	208	20.00
535 	 567 	185	17.00
536 	 537 	180	24.00
537 	 538 	169	20.00
537 	 569 	177	17.00
538 	 539 	171	22.00
538 	 570 	179	16.00
540 	 541 	170	17.00
540 	 572 	202	23.00
541 	 542 	164	18.00
541 	 573 	226	22.00
542 	 543 	166	21.00
542 	 574 	184	16.00
545 	 546 	199	19.00
546 	 547 	167	17.00
546 	 578 	200	16.00
547 	 548 	189	18.00
549 	 550 	187	20.00
550 	 551 	162	21.00
550 	 582 	201	23.00
551 	 552 	191	21.00
551 	 583 	173	22.00
552 	 553 	215	19.00
552 	 584 	183	20.00
553 	 554 	192	21.00
554 	 555 	202	20.00
555 	 556 	178	22.00
556 	 557 	220	23.00
556 	 588 	184	24.00
557 	 558 	206	21.00
558 	 559 	197	16.00
558 	 590 	182	23.00
559 	 560 	181	19.00
559 	 591 	203	23.00
560 	 561 	174	22.00
565 	 566 	167	21.00
565 	 597 	225	22.00
566 	 567 	179	24.00
566 	 598 	205	16.00
567 	 568 	220	19.00
567 	 599 	203	17.00
568 	 569 	223	23.00
568 	 600 	218	21.00
569 	 570 	215	17.00
571 	 572 	186	23.00
571 	 603 	217	17.00
572 	 573 	230	20.00
572 	 604 	164	18.00
573 	 574 	235	16.00
575 	 607 	167	23.00
576 	 577 	219	20.00
576 	 608 	180	18.00
578 	 579 	218	16.00
578 	 610 	190	18.00
579 	 580 	195	20.00
579 	 611 	220	19.00
580 	 581 	240	20.00
580 	 612 	240	20.00
581 	 582 	163	19.00
581 	 613 	177	16.00
582 	 583 	184	24.00
582 	 614 	214	22.00
584 	 585 	178	16.00
585 	 586 	231	18.00
585 	 617 	167	24.00
586 	 587 	172	20.00
586 	 618 	214	19.00
587 	 588 	216	24.00
587 	 619 	229	19.00
588 	 589 	227	20.00
588 	 620 	175	24.00
589 	 590 	183	21.00
589 	 621 	182	23.00
590 	 591 	200	19.00
591 	 592 	174	20.00
591 	 623 	214	22.00
592 	 593 	165	19.00
592 	 624 	221	21.00
593 	 594 	230	22.00
593 	 625 	221	20.00
594 	 595 	190	23.00
594 	 626 	179	16.00
595 	 596 	230	21.00
595 	 627 	183	16.00
596 	 597 	232	24.00
597 	 598 	219	23.00
598 	 599 	193	22.00
598 	 630 	190	17.00
599 	 600 	228	23.00
600 	 601 	196	18.00
600 	 632 	184	16.00
601 	 602 	239	20.00
601 	 633 	229	24.00
603 	 604 	208	19.00
604 	 605 	166	24.00
604 	 636 	160	18.00
605 	 606 	223	23.00
605 	 637 	236	16.00
606 	 607 	231	19.00
606 	 638 	190	22.00
608 	 609 	173	24.00
608 	 640 	232	23.00
609 	 610 	210	17.00
610 	 611 	222	21.00
611 	 612 	173	19.00
612 	 613 	218	17.00
613 	 614 	185	20.00
614 	 615 	185	17.00
614 	 646 	165	21.00
615 	 616 	174	20.00
616 	 617 	224	18.00
616 	 648 	179	24.00
617 	 618 	200	24.00
618 	 619 	167	21.00
618 	 650 	170	22.00
619 	 620 	167	21.00
619 	 651 	192	19.00
620 	 621 	187	19.00
620 	 652 	165	19.00
621 	 622 	198	24.00
621 	 653 	238	19.00
622 	 623 	203	16.00
622 	 654 	193	21.00
623 	 624 	184	21.00
623 	 655 	170	23.00
624 	 625 	235	22.00
625 	 626 	238	18.00
625 	 657 	204	22.00
626 	 627 	233	21.00
626 	 658 	230	22.00
627 	 628 	204	18.00
627 	 659 	201	16.00
628 	 629 	166	23.00
628 	 660 	197	20.00
629 	 630 	181	23.00
630 	 631 	164	16.00
630 	 662 	205	22.00
631 	 632 	161	24.00
632 	 633 	193	20.00
633 	 634 	167	16.00
634 	 635 	168	24.00
634 	 666 	237	19.00
635 	 636 	230	18.00
636 	 637 	183	24.00
637 	 638 	233	21.00
637 	 669 	160	16.00
638 	 639 	199	24.00
640 	 641 	172	24.00
641 	 642 	197	24.00
641 	 673 	182	16.00
642 	 643 	161	21.00
643 	 644 	183	18.00
644 	 645 	168	22.00
644 	 676 	201	19.00
646 	 647 	238	22.00
646 	 678 	168	16.00
647 	 648 	220	21.00
648 	 649 	178	17.00
648 	 680 	194	20.00
649 	 650 	217	21.00
649 	 681 	216	17.00
650 	 651 	226	20.00
650 	 682 	235	23.00
651 	 652 	190	22.00
651 	 683 	198	20.00
652 	 653 	177	17.00
652 	 684 	199	21.00
653 	 654 	175	23.00
653 	 685 	198	23.00
654 	 655 	193	18.00
654 	 686 	228	19.00
655 	 656 	204	22.00
655 	 687 	222	20.00
656 	 657 	169	20.00
657 	 658 	212	16.00
657 	 689 	171	22.00
658 	 659 	229	19.00
658 	 690 	192	24.00
659 	 660 	210	20.00
659 	 691 	184	17.00
660 	 661 	164	22.00
660 	 692 	200	24.00
662 	 663 	190	16.00
662 	 694 	222	19.00
663 	 664 	198	17.00
664 	 665 	172	21.00
665 	 666 	174	24.00
666 	 667 	237	17.00
668 	 669 	231	20.00
668 	 700 	167	21.00
669 	 670 	219	19.00
669 	 701 	197	18.00
670 	 671 	189	16.00
671 	 703 	169	21.00
672 	 673 	187	19.00
672 	 704 	218	16.00
673 	 674 	197	16.00
674 	 675 	206	22.00
675 	 676 	233	17.00
676 	 677 	185	17.00
676 	 708 	211	22.00
677 	 678 	184	23.00
677 	 709 	161	23.00
678 	 679 	194	20.00
678 	 710 	162	22.00
679 	 680 	202	17.00
679 	 711 	214	24.00
681 	 682 	235	24.00
681 	 713 	175	24.00
682 	 683 	226	24.00
683 	 684 	204	17.00
683 	 715 	178	23.00
685 	 686 	237	22.00
685 	 717 	181	22.00
686 	 687 	165	21.00
686 	 718 	189	21.00
687 	 688 	212	24.00
687 	 719 	220	17.00
688 	 689 	177	22.00
688 	 720 	200	17.00
689 	 690 	164	23.00
689 	 721 	223	16.00
690 	 691 	172	17.00
691 	 692 	215	23.00
693 	 694 	190	18.00
693 	 725 	220	21.00
694 	 695 	227	19.00
694 	 726 	199	19.00
695 	 696 	210	16.00
695 	 727 	204	18.00
696 	 697 	162	18.00
697 	 698 	220	16.00
697 	 729 	165	18.00
698 	 699 	213	21.00
698 	 730 	199	18.00
701 	 702 	170	17.00
702 	 703 	161	20.00
702 	 734 	206	23.00
703 	 735 	170	22.00
704 	 705 	179	22.00
704 	 736 	165	17.00
705 	 706 	210	24.00
705 	 737 	173	21.00
706 	 707 	181	20.00
707 	 708 	215	24.00
707 	 739 	180	20.00
708 	 709 	196	23.00
708 	 740 	231	16.00
709 	 710 	211	21.00
710 	 711 	163	17.00
710 	 742 	232	19.00
711 	 712 	215	17.00
711 	 743 	205	20.00
712 	 713 	207	20.00
712 	 744 	167	23.00
713 	 714 	229	24.00
713 	 745 	208	20.00
714 	 715 	183	21.00
715 	 716 	239	23.00
716 	 717 	194	20.00
716 	 748 	228	24.00
717 	 718 	163	21.00
718 	 719 	184	16.00
718 	 750 	163	18.00
719 	 720 	195	18.00
720 	 721 	177	21.00
720 	 752 	224	16.00
721 	 722 	174	18.00
722 	 723 	190	24.00
723 	 724 	222	16.00
723 	 755 	180	19.00
724 	 725 	161	20.00
725 	 726 	196	22.00
725 	 757 	226	19.00
726 	 727 	211	24.00
726 	 758 	235	23.00
727 	 728 	166	21.00
727 	 759 	165	17.00
728 	 729 	240	21.00
728 	 760 	208	23.00
729 	 730 	200	24.00
730 	 731 	166	20.00
730 	 762 	168	18.00
731 	 732 	199	16.00
731 	 763 	208	17.00
732 	 733 	193	22.00
733 	 734 	181	17.00
733 	 765 	165	17.00
734 	 735 	214	20.00
735 	 767 	219	22.00
736 	 737 	172	17.00
736 	 768 	206	21.00
737 	 738 	197	23.00
738 	 739 	206	20.00
738 	 770 	205	24.00
740 	 741 	168	18.00
741 	 742 	190	23.00
742 	 743 	234	21.00
742 	 774 	189	19.00
743 	 744 	227	16.00
743 	 775 	166	16.00
744 	 745 	216	19.00
744 	 776 	225	18.00
745 	 746 	179	24.00
746 	 747 	165	23.00
746 	 778 	235	22.00
747 	 748 	163	18.00
747 	 779 	239	24.00
748 	 749 	211	19.00
749 	 750 	206	18.00
749 	 781 	228	22.00
750 	 751 	182	23.00
751 	 752 	182	16.00
751 	 783 	188	20.00
752 	 753 	220	18.00
752 	 784 	190	18.00
753 	 754 	163	22.00
754 	 755 	191	24.00
754 	 786 	196	22.00
755 	 756 	162	20.00
755 	 787 	211	19.00
756 	 757 	204	24.00
757 	 758 	220	23.00
757 	 789 	168	20.00
758 	 759 	169	18.00
759 	 760 	188	22.00
759 	 791 	223	16.00
760 	 761 	168	24.00
761 	 762 	160	23.00
761 	 793 	207	18.00
764 	 765 	234	21.00
764 	 796 	170	21.00
765 	 766 	230	16.00
766 	 767 	173	21.00
766 	 798 	164	19.00
767 	 799 	199	16.00
768 	 769 	203	22.00
769 	 770 	194	24.00
770 	 771 	217	23.00
771 	 772 	193	22.00
771 	 803 	188	17.00
772 	 773 	178	17.00
773 	 774 	238	24.00
773 	 805 	192	16.00
774 	 775 	230	17.00
774 	 806 	215	20.00
775 	 776 	199	20.00
775 	 807 	161	23.00
776 	 777 	237	22.00
776 	 808 	192	17.00
777 	 778 	169	24.00
777 	 809 	221	19.00
778 	 779 	204	17.00
778 	 810 	212	22.00
780 	 781 	211	16.00
781 	 782 	178	17.00
781 	 813 	172	21.00
782 	 783 	197	21.00
782 	 814 	208	19.00
783 	 784 	234	19.00
783 	 815 	174	21.00
784 	 785 	219	21.00
784 	 816 	238	22.00
785 	 786 	231	20.00
785 	 817 	210	20.00
786 	 787 	213	17.00
787 	 788 	165	17.00
788 	 789 	188	24.00
789 	 790 	234	22.00
790 	 791 	188	23.00
791 	 792 	196	18.00
792 	 793 	179	23.00
793 	 794 	183	19.00
793 	 825 	235	16.00
794 	 795 	216	22.00
794 	 826 	232	17.00
795 	 796 	196	18.00
796 	 797 	231	18.00
797 	 798 	198	22.00
797 	 829 	236	17.00
798 	 799 	209	19.00
800 	 801 	211	21.00
800 	 832 	173	16.00
801 	 802 	167	19.00
801 	 833 	205	17.00
802 	 803 	213	16.00
802 	 834 	178	16.00
803 	 804 	180	20.00
803 	 835 	222	21.00
804 	 805 	184	18.00
804 	 836 	183	16.00
805 	 806 	184	22.00
806 	 807 	205	19.00
806 	 838 	233	16.00
807 	 808 	231	21.00
808 	 809 	188	20.00
808 	 840 	234	18.00
810 	 811 	222	22.00
810 	 842 	230	18.00
811 	 812 	202	24.00
811 	 843 	221	19.00
812 	 813 	235	19.00
812 	 844 	175	17.00
813 	 814 	210	20.00
814 	 815 	210	17.00
814 	 846 	186	23.00
815 	 816 	214	24.00
816 	 817 	161	17.00
816 	 848 	220	20.00
817 	 818 	170	19.00
817 	 849 	209	22.00
818 	 819 	210	22.00
819 	 820 	222	16.00
819 	 851 	217	17.00
820 	 821 	239	20.00
820 	 852 	206	22.00
821 	 822 	224	18.00
822 	 823 	179	20.00
823 	 824 	215	24.00
823 	 855 	240	17.00
824 	 825 	220	24.00
824 	 856 	208	23.00
825 	 826 	232	22.00
825 	 857 	176	21.00
826 	 827 	187	23.00
827 	 828 	210	21.00
828 	 829 	181	19.00
828 	 860 	172	16.00
829 	 830 	240	24.00
829 	 861 	214	17.00
830 	 831 	218	24.00
830 	 862 	221	19.00
832 	 833 	227	20.00
832 	 864 	211	21.00
833 	 834 	181	23.00
833 	 865 	235	22.00
834 	 835 	227	20.00
835 	 836 	180	20.00
836 	 837 	221	19.00
836 	 868 	210	20.00
837 	 838 	199	20.00
837 	 869 	162	17.00
838 	 839 	223	23.00
838 	 870 	160	17.00
839 	 840 	168	22.00
839 	 871 	179	23.00
841 	 842 	210	22.00
842 	 843 	166	23.00
842 	 874 	232	19.00
843 	 844 	165	23.00
844 	 845 	197	22.00
845 	 877 	231	17.00
847 	 848 	187	16.00
848 	 849 	194	23.00
848 	 880 	213	23.00
849 	 850 	207	20.00
850 	 851 	185	17.00
850 	 882 	166	24.00
851 	 852 	235	16.00
852 	 853 	199	21.00
853 	 854 	197	16.00
853 	 885 	215	19.00
854 	 855 	167	20.00
854 	 886 	226	17.00
855 	 856 	171	16.00
856 	 857 	174	23.00
856 	 888 	192	17.00
857 	 858 	207	21.00
857 	 889 	205	19.00
858 	 859 	212	20.00
858 	 890 	236	22.00
859 	 860 	164	18.00
859 	 891 	163	21.00
861 	 862 	200	24.00
861 	 893 	172	19.00
862 	 863 	169	19.00
862 	 894 	188	23.00
863 	 895 	219	20.00
864 	 865 	213	23.00
865 	 866 	235	24.00
865 	 897 	239	17.00
866 	 867 	214	24.00
866 	 898 	234	19.00
867 	 868 	173	20.00
869 	 870 	177	21.00
869 	 901 	231	18.00
870 	 871 	178	23.00
871 	 872 	224	24.00
872 	 873 	236	23.00
872 	 904 	192	22.00
874 	 875 	179	17.00
874 	 906 	190	17.00
875 	 876 	219	24.00
876 	 877 	213	20.00
876 	 908 	194	16.00
877 	 878 	184	16.00
878 	 879 	227	20.00
878 	 910 	240	20.00
879 	 880 	179	21.00
879 	 911 	191	24.00
880 	 881 	197	16.00
881 	 882 	202	20.00
881 	 913 	193	20.00
882 	 883 	166	18.00
882 	 914 	183	21.00
884 	 885 	200	19.00
884 	 916 	234	20.00
885 	 886 	177	18.00
885 	 917 	175	16.00
887 	 888 	240	17.00
887 	 919 	199	17.00
888 	 889 	190	20.00
888 	 920 	202	23.00
889 	 890 	223	16.00
890 	 891 	218	22.00
890 	 922 	235	20.00
891 	 892 	224	19.00
891 	 923 	212	22.00
893 	 894 	239	23.00
893 	 925 	204	19.00
894 	 895 	178	23.00
896 	 897 	240	23.00
896 	 928 	171	18.00
897 	 898 	175	16.00
897 	 929 	183	16.00
898 	 899 	200	17.00
898 	 930 	223	17.00
899 	 900 	177	18.00
900 	 901 	160	16.00
901 	 902 	165	23.00
901 	 933 	191	22.00
903 	 904 	166	19.00
903 	 935 	203	18.00
904 	 905 	174	17.00
904 	 936 	228	20.00
905 	 906 	163	20.00
905 	 937 	176	22.00
906 	 907 	202	18.00
906 	 938 	160	17.00
907 	 908 	231	21.00
907 	 939 	232	16.00
908 	 909 	222	17.00
910 	 911 	234	18.00
911 	 912 	168	24.00
912 	 913 	192	17.00
912 	 944 	169	18.00
913 	 914 	169	21.00
913 	 945 	192	17.00
914 	 915 	185	23.00
914 	 946 	227	16.00
915 	 916 	186	17.00
917 	 918 	199	21.00
917 	 949 	230	16.00
918 	 919 	235	22.00
919 	 920 	235	22.00
919 	 951 	235	24.00
920 	 921 	162	20.00
921 	 922 	171	19.00
921 	 953 	223	19.00
922 	 923 	238	16.00
923 	 924 	189	16.00
924 	 925 	194	22.00
924 	 956 	215	24.00
925 	 926 	192	22.00
925 	 957 	210	21.00
926 	 927 	206	18.00
926 	 958 	215	22.00
928 	 929 	236	17.00
929 	 930 	194	16.00
929 	 961 	164	19.00
930 	 931 	171	21.00
930 	 962 	160	17.00
931 	 932 	175	23.00
931 	 963 	199	20.00
932 	 933 	225	23.00
932 	 964 	203	19.00
934 	 935 	163	22.00
934 	 966 	211	17.00
935 	 967 	172	20.00
937 	 938 	162	20.00
937 	 969 	176	22.00
938 	 939 	206	20.00
938 	 970 	203	20.00
939 	 940 	221	17.00
941 	 942 	217	21.00
942 	 943 	198	22.00
942 	 974 	234	16.00
943 	 944 	166	20.00
944 	 945 	224	22.00
944 	 976 	188	18.00
945 	 946 	235	20.00
946 	 947 	210	23.00
947 	 948 	234	17.00
948 	 949 	170	22.00
948 	 980 	226	20.00
949 	 950 	193	24.00
949 	 981 	184	23.00
950 	 951 	169	23.00
952 	 953 	221	16.00
952 	 984 	177	23.00
953 	 954 	236	24.00
953 	 985 	239	18.00
954 	 955 	219	19.00
954 	 986 	217	18.00
955 	 956 	195	24.00
956 	 957 	219	22.00
956 	 988 	181	16.00
957 	 958 	192	16.00
957 	 989 	164	18.00
958 	 959 	171	17.00
958 	 990 	211	23.00
959 	 991 	239	17.00
960 	 961 	230	18.00
962 	 963 	236	18.00
962 	 994 	220	21.00
963 	 964 	212	17.00
963 	 995 	196	17.00
964 	 965 	238	20.00
965 	 966 	224	23.00
965 	 997 	171	21.00
966 	 967 	216	17.00
967 	 968 	224	21.00
967 	 999 	195	20.00
968 	 969 	181	23.00
968 	 1000 	184	21.00
969 	 970 	191	22.00
969 	 1001 	225	22.00
970 	 971 	191	18.00
971 	 972 	193	19.00
972 	 973 	181	16.00
972 	 1004 	165	19.00
973 	 974 	231	16.00
974 	 975 	178	19.00
974 	 1006 	173	22.00
975 	 976 	207	20.00
975 	 1007 	231	22.00
977 	 978 	164	16.00
977 	 1009 	167	19.00
978 	 979 	184	23.00
978 	 1010 	209	20.00
979 	 980 	220	16.00
981 	 982 	160	22.00
981 	 1013 	186	17.00
982 	 983 	231	17.00
982 	 1014 	234	21.00
983 	 984 	201	24.00
983 	 1015 	208	19.00
984 	 985 	173	21.00
985 	 986 	236	20.00
985 	 1017 	202	23.00
986 	 987 	166	20.00
987 	 988 	178	20.00
988 	 989 	225	18.00
988 	 1020 	237	18.00
989 	 990 	166	17.00
989 	 1021 	170	20.00
990 	 991 	207	22.00
990 	 1022 	230	19.00
991 	 1023 	197	18.00
992 	 993 	165	21.00
993 	 994 	193	23.00
995 	 996 	197	22.00
997 	 998 	232	21.00
999 	 1000 	165	18.00
1002 	 1003 	231	21.00
1003 	 1004 	172	21.00
1005 	 1006 	214	21.00
1006 	 1007 	173	23.00
1007 	 1008 	228	24.00
1008 	 1009 	162	22.00
1009 	 1010 	168	21.00
1010 	 1011 	202	20.00
1011 	 1012 	172	24.00
1013 	 1014 	209	24.00
1014 	 1015 	186	17.00
1015 	 1016 	195	23.00
1017 	 1018 	220	24.00
1018 	 1019 	219	22.00
1019 	 1020 	216	24.00
1020 	 1021 	162	20.00
1021 	 1022 	210	18.00
1022 	 1023 	181	18.00
