1024 	 1488 	 20 	 0.30 
 
1	-8	0
123	30	0
208	-34	0
279	0	0
421	-27	0
523	-5	0
595	-5	0
725	-2	8
810	-26	8
935	-22	8
984	-6	8
1115	-4	8
1231	-21	8
1324	16	8
1400	2	8
1492	-13	8
1590	20	6
1668	-36	6
1823	1	6
1905	2	6
2019	15	6
2095	8	6
2189	-25	6
2310	7	6
2384	-35	3
2505	-30	3
2635	-8	3
2702	48	3
2773	8	3
2906	3	3
2995	3	3
3105	-8	3
8	93	0
102	74	0
223	64	0
276	56	0
378	105	0
491	93	0
626	75	0
689	130	0
793	92	8
940	145	8
1009	76	8
1095	146	8
1214	97	8
1302	86	8
1397	137	6
1486	97	6
1603	57	6
1692	99	6
1799	109	6
1938	120	6
1996	100	6
2133	65	6
2212	95	6
2313	75	3
2394	108	3
2523	72	3
2631	102	3
2684	116	3
2801	117	3
2916	126	3
3002	117	3
3089	126	3
31	216	0
82	217	0
186	194	0
332	183	0
403	218	0
485	218	0
618	201	0
659	191	0
804	194	8
911	226	8
1036	202	8
1118	235	8
1205	237	8
1350	172	6
1415	222	6
1480	196	6
1603	211	6
1697	194	6
1821	190	6
1910	177	6
2001	218	6
2082	182	6
2209	193	6
2307	200	3
2401	198	3
2522	190	3
2592	196	3
2718	198	3
2811	173	3
2890	201	3
2997	192	3
3094	199	3
16	291	0
56	286	0
196	299	0
297	272	0
426	322	0
520	299	0
574	276	0
697	309	0
774	340	0
886	279	8
989	267	8
1088	315	8
1163	316	8
1303	293	8
1380	291	8
1497	285	6
1637	320	6
1688	295	6
1769	300	6
1885	280	6
2012	292	6
2105	297	6
2174	272	6
2291	312	3
2406	325	3
2508	263	3
2598	327	3
2716	250	3
2809	322	3
2864	270	3
3027	327	3
3091	256	3
5	400	0
107	423	0
203	424	0
293	437	0
406	392	0
506	405	0
595	419	0
667	394	0
797	405	0
950	415	8
980	421	8
1104	406	8
1201	388	8
1295	365	8
1377	411	6
1534	411	6
1603	377	6
1731	379	6
1754	406	6
1888	421	6
2016	428	6
2114	412	6
2206	366	6
2334	419	3
2410	374	3
2509	410	3
2615	366	3
2667	375	3
2812	432	3
2883	408	3
3018	412	3
3103	437	3
0	516	0
110	512	0
206	480	0
320	484	0
400	503	0
492	492	0
587	516	0
696	487	0
810	504	0
896	484	8
975	470	8
1073	480	8
1198	494	8
1264	472	8
1398	508	8
1493	464	6
1569	496	6
1737	514	6
1775	507	6
1884	484	6
1999	477	6
2073	515	6
2176	461	6
2270	531	6
2401	519	3
2493	492	3
2610	497	3
2710	532	3
2805	503	3
2931	534	3
2967	506	3
3084	489	3
-7	607	0
98	600	0
188	557	0
307	603	0
386	565	0
526	634	0
595	603	0
721	604	0
778	605	8
861	627	8
1015	575	8
1099	578	8
1222	581	8
1322	602	8
1405	598	8
1505	604	8
1589	618	8
1663	608	6
1842	578	6
1896	640	6
1986	630	6
2111	624	6
2187	636	6
2297	639	15
2375	567	3
2507	568	3
2573	583	3
2722	577	3
2830	588	3
2886	591	3
3012	622	3
3101	595	3
7	684	0
84	732	0
225	686	0
292	694	0
436	679	0
471	700	0
634	676	0
662	709	0
800	671	8
879	700	8
1003	712	8
1074	672	8
1234	675	8
1286	677	8
1401	670	8
1496	676	8
1597	742	13
1684	695	6
1826	682	6
1879	696	6
2002	677	6
2072	716	6
2202	748	13
2322	670	15
2409	726	5
2501	702	3
2601	741	3
2673	694	3
2776	675	3
2938	682	3
3000	673	3
3128	694	5
0	831	0
136	771	11
170	821	11
302	820	0
420	839	0
512	814	0
578	804	11
715	778	11
793	789	8
881	804	8
976	811	8
1127	799	8
1218	821	8
1315	807	8
1417	816	8
1510	821	13
1588	802	13
1667	798	13
1798	797	6
1935	797	6
2030	818	6
2083	814	13
2216	818	13
2307	804	5
2382	802	5
2531	815	5
2633	800	5
2672	788	3
2777	810	3
2919	836	5
3014	821	5
3096	808	5
27	904	11
92	921	11
173	898	11
280	889	11
437	918	11
535	894	11
563	904	11
731	865	11
786	865	11
925	911	8
983	907	8
1098	897	8
1217	905	8
1315	887	8
1400	892	8
1475	890	13
1595	904	13
1680	896	13
1770	904	13
1916	873	6
1987	873	13
2083	899	13
2216	866	13
2333	901	5
2395	908	5
2487	890	5
2647	886	5
2696	884	5
2770	921	5
2871	920	5
2983	898	5
3097	904	5
25	1009	11
76	1014	11
229	970	11
285	996	11
431	975	11
487	1004	11
597	1010	11
669	998	11
811	1022	12
923	998	12
1013	1016	12
1124	959	8
1165	985	12
1258	1036	12
1375	967	13
1475	1009	13
1586	975	13
1704	1028	13
1819	995	13
1875	1000	13
1979	1036	13
2085	980	13
2186	991	5
2307	1028	5
2388	1005	5
2492	981	5
2610	967	5
2663	1007	5
2803	986	5
2887	1000	5
3015	1017	5
3114	1019	5
-10	1069	11
96	1084	11
193	1074	11
279	1074	11
383	1077	11
468	1112	11
594	1096	11
726	1112	11
808	1083	11
917	1099	12
1038	1100	12
1112	1088	12
1168	1130	12
1286	1110	12
1406	1116	12
1454	1068	12
1639	1070	13
1711	1129	13
1792	1136	13
1904	1089	13
1980	1119	13
2107	1096	13
2188	1081	13
2264	1068	5
2412	1118	5
2528	1112	5
2593	1078	5
2690	1088	5
2813	1135	5
2925	1105	5
3037	1079	5
3067	1077	5
14	1171	11
88	1207	11
177	1207	11
290	1233	11
416	1224	11
536	1222	11
600	1209	11
699	1229	11
793	1197	11
883	1206	11
1006	1244	11
1052	1211	12
1179	1158	12
1292	1198	12
1434	1196	12
1522	1155	12
1597	1204	13
1667	1184	13
1772	1231	13
1900	1229	13
1965	1187	13
2099	1187	13
2190	1163	13
2303	1216	5
2410	1208	5
2496	1166	5
2620	1226	5
2662	1197	5
2790	1197	5
2931	1235	5
3046	1197	5
3132	1197	5
-8	1314	11
126	1293	11
195	1342	11
303	1279	11
397	1315	11
457	1282	11
636	1285	11
710	1338	11
820	1278	11
912	1323	11
966	1301	11
1099	1294	12
1234	1318	12
1268	1335	12
1362	1320	12
1494	1265	12
1600	1290	12
1704	1293	13
1816	1309	13
1879	1297	13
2041	1304	13
2104	1312	13
2208	1305	13
2318	1292	5
2414	1276	5
2455	1327	5
2602	1305	5
2674	1323	5
2794	1297	5
2932	1290	5
3000	1296	5
3101	1302	5
-12	1419	11
95	1411	11
190	1388	11
317	1382	11
389	1400	11
487	1397	11
593	1399	11
704	1389	11
821	1446	12
909	1362	12
995	1427	12
1102	1436	12
1212	1370	12
1306	1427	12
1443	1380	12
1521	1368	12
1624	1388	12
1703	1416	13
1785	1374	13
1907	1366	13
2021	1387	13
2101	1409	13
2212	1384	13
2310	1397	13
2423	1375	5
2510	1407	5
2606	1418	5
2681	1367	5
2818	1401	5
2912	1387	5
3007	1408	5
3054	1392	5
2	1481	11
96	1513	10
223	1478	11
337	1491	11
419	1508	11
522	1456	11
616	1518	11
714	1536	12
793	1480	12
939	1505	12
977	1470	12
1129	1518	12
1205	1494	12
1300	1530	12
1440	1463	12
1500	1506	12
1576	1469	12
1688	1504	13
1815	1504	13
1925	1514	13
2012	1463	13
2087	1501	13
2216	1471	13
2311	1465	14
2421	1460	16
2501	1527	16
2574	1486	16
2679	1468	5
2781	1480	4
2901	1534	5
2986	1479	5
3088	1528	5
-31	1599	11
78	1572	10
180	1619	10
305	1611	10
432	1574	10
529	1618	10
617	1567	11
705	1594	12
803	1555	12
913	1561	12
1033	1583	12
1081	1578	12
1237	1631	12
1335	1613	12
1367	1598	12
1540	1614	12
1587	1603	14
1680	1591	13
1798	1600	13
1916	1593	13
2011	1611	13
2068	1639	13
2209	1602	13
2284	1600	14
2433	1566	16
2516	1596	4
2583	1564	16
2681	1611	4
2770	1637	4
2870	1629	4
2955	1619	4
3094	1600	5
-42	1705	10
90	1698	10
203	1674	10
308	1697	10
360	1718	10
525	1694	10
580	1662	18
706	1671	18
812	1698	12
888	1696	12
1035	1673	12
1077	1694	12
1189	1723	12
1290	1684	12
1394	1700	12
1465	1685	12
1609	1683	14
1707	1687	14
1794	1716	13
1886	1702	13
2016	1733	13
2092	1692	13
2187	1707	14
2276	1694	14
2408	1728	4
2515	1705	4
2592	1695	4
2685	1737	4
2774	1687	4
2865	1656	4
2994	1735	4
3100	1685	4
-2	1771	10
85	1786	10
201	1781	10
287	1771	10
440	1808	10
509	1819	10
595	1840	10
695	1843	10
783	1800	12
928	1803	12
976	1781	12
1074	1826	12
1196	1775	12
1266	1801	14
1368	1846	14
1510	1792	14
1581	1780	14
1743	1823	14
1771	1829	14
1895	1800	14
2023	1793	14
2115	1769	14
2238	1787	14
2332	1767	4
2391	1814	4
2499	1813	4
2571	1798	4
2703	1786	4
2767	1833	4
2886	1845	4
3010	1755	4
3112	1781	4
-31	1892	10
111	1905	10
214	1903	10
323	1901	10
359	1900	10
476	1932	10
629	1930	10
737	1860	10
796	1925	10
893	1899	12
1019	1911	12
1109	1900	14
1206	1872	12
1336	1871	14
1395	1923	14
1530	1943	14
1584	1878	14
1736	1879	14
1767	1880	14
1872	1915	14
2002	1865	14
2060	1890	14
2203	1911	14
2343	1899	4
2397	1924	4
2485	1882	4
2618	1876	4
2747	1898	4
2810	1899	4
2892	1909	4
3037	1922	4
3083	1898	4
-22	1974	10
134	1984	10
233	2004	10
288	2025	10
386	1968	10
496	1979	10
628	2033	10
697	1972	10
798	1967	10
865	2027	10
1000	2046	14
1110	1963	14
1216	1977	14
1309	1984	14
1422	2001	14
1467	2028	14
1583	2039	14
1690	1991	14
1804	1978	14
1891	1988	14
1987	1995	14
2126	1973	14
2191	1989	4
2251	1951	4
2396	2000	4
2493	1995	4
2585	2018	4
2669	1996	4
2760	2040	4
2857	1975	4
2985	2014	4
3077	1975	4
-24	2112	10
80	2099	10
185	2071	10
320	2123	10
413	2097	10
539	2118	10
620	2061	10
724	2120	10
794	2133	10
865	2122	17
1004	2088	17
1104	2130	9
1161	2145	14
1281	2098	14
1393	2127	14
1483	2074	14
1598	2116	14
1702	2121	14
1779	2086	14
1896	2091	14
1999	2115	14
2129	2089	14
2201	2064	4
2311	2070	4
2421	2067	4
2532	2111	4
2568	2142	4
2692	2099	4
2799	2095	4
2872	2134	4
3018	2089	4
3069	2135	4
-4	2161	10
81	2191	10
203	2220	10
263	2211	10
439	2192	10
501	2184	10
586	2240	10
689	2200	10
819	2223	10
867	2222	10
1034	2226	17
1125	2211	9
1226	2215	9
1318	2237	9
1404	2220	9
1502	2212	14
1576	2205	14
1657	2206	14
1801	2173	14
1905	2189	14
1997	2224	14
2056	2212	14
2215	2209	14
2288	2230	4
2399	2220	4
2493	2206	4
2577	2209	4
2701	2226	4
2829	2182	4
2890	2203	4
3017	2239	4
3110	2233	4
13	2317	10
99	2329	10
170	2271	10
288	2287	10
424	2259	1
472	2290	1
605	2323	10
673	2268	10
790	2298	19
910	2317	9
966	2281	9
1077	2295	9
1198	2275	9
1289	2264	9
1396	2283	9
1507	2288	9
1580	2253	14
1697	2333	14
1808	2319	7
1915	2287	7
2017	2306	7
2115	2312	7
2216	2324	14
2304	2299	14
2352	2266	4
2490	2340	4
2561	2317	4
2721	2320	2
2782	2277	2
2894	2311	2
2980	2304	2
3096	2317	4
3	2395	10
55	2409	10
232	2409	1
309	2391	1
386	2378	1
493	2410	1
569	2395	1
703	2397	19
800	2414	19
914	2385	9
1004	2409	9
1089	2426	9
1158	2408	9
1295	2413	9
1400	2405	9
1528	2401	9
1632	2378	9
1700	2384	7
1813	2411	7
1926	2450	7
2010	2360	7
2122	2418	7
2153	2421	7
2305	2368	14
2416	2433	4
2487	2419	2
2567	2387	2
2685	2410	2
2786	2398	2
2901	2387	2
3032	2399	2
3116	2382	4
-16	2497	10
110	2496	1
215	2504	1
311	2451	1
408	2481	1
545	2506	1
629	2504	1
734	2502	1
813	2519	9
892	2511	9
985	2515	9
1079	2480	9
1185	2483	9
1304	2489	9
1418	2490	9
1526	2485	9
1601	2475	9
1738	2518	7
1776	2499	7
1919	2470	7
1990	2525	7
2064	2463	7
2188	2455	7
2322	2534	7
2445	2527	2
2517	2527	2
2638	2509	2
2669	2535	2
2786	2491	2
2863	2497	2
2977	2513	2
3100	2534	2
28	2627	1
114	2630	1
180	2620	1
279	2612	1
415	2587	1
462	2605	1
616	2609	1
699	2628	1
831	2624	9
912	2601	9
1021	2595	9
1119	2593	9
1199	2582	9
1340	2608	9
1383	2586	9
1480	2612	9
1614	2616	7
1692	2636	7
1771	2598	7
1875	2603	7
2012	2587	7
2068	2630	7
2206	2628	7
2300	2585	7
2397	2568	2
2484	2583	2
2557	2610	2
2684	2628	2
2773	2634	2
2934	2613	2
2979	2611	2
3060	2624	2
-4	2692	1
133	2698	1
172	2662	1
323	2650	1
401	2708	1
497	2676	1
597	2705	1
737	2696	1
762	2702	1
883	2693	9
1001	2705	9
1077	2707	9
1179	2668	9
1309	2702	9
1391	2663	9
1508	2711	7
1583	2728	7
1709	2683	7
1779	2704	7
1912	2725	7
2027	2700	7
2121	2694	7
2222	2676	7
2260	2702	7
2440	2710	2
2492	2718	2
2596	2695	2
2681	2695	2
2779	2686	2
2899	2685	2
3009	2706	2
3078	2687	2
30	2822	1
112	2821	1
196	2827	1
342	2786	1
432	2801	1
493	2829	1
618	2804	1
739	2759	1
833	2761	1
882	2770	1
1000	2775	9
1109	2793	9
1170	2804	9
1298	2826	9
1389	2826	9
1533	2802	9
1645	2781	7
1700	2803	7
1773	2790	7
1869	2788	7
1997	2817	7
2086	2800	7
2227	2774	2
2271	2785	2
2400	2790	2
2488	2775	2
2615	2794	2
2688	2778	2
2846	2773	2
2908	2794	2
3034	2799	2
3102	2840	2
10	2887	1
101	2900	1
223	2934	1
319	2914	1
369	2928	1
465	2882	1
608	2887	1
738	2899	1
799	2897	1
899	2879	9
1031	2923	9
1107	2915	9
1205	2876	9
1313	2902	9
1402	2893	9
1486	2860	7
1599	2910	7
1704	2914	7
1827	2906	7
1860	2919	7
1999	2907	7
2093	2939	7
2220	2917	7
2282	2863	2
2407	2902	2
2524	2903	2
2564	2906	2
2728	2915	2
2777	2938	2
2890	2894	2
3006	2888	2
3133	2897	2
33	3020	1
82	2981	1
214	3014	1
258	3021	1
419	3006	1
534	3008	1
599	3010	1
685	3025	1
800	2981	1
887	2986	1
1009	3034	9
1130	2981	9
1183	2983	9
1295	3017	9
1405	3022	9
1521	2956	7
1646	2973	7
1727	3011	7
1839	2959	7
1870	2998	7
2016	2966	7
2135	2987	7
2222	3011	7
2278	2993	7
2355	3024	2
2502	2999	2
2571	3043	2
2674	2983	2
2816	3010	2
2878	3003	2
3031	2998	2
3104	2983	2
26	3122	1
136	3105	1
190	3095	1
279	3111	1
367	3092	1
468	3114	1
636	3138	1
710	3150	1
773	3090	1
895	3117	9
995	3121	9
1085	3114	9
1172	3079	9
1311	3105	9
1407	3115	9
1492	3144	9
1608	3111	7
1673	3089	7
1793	3095	7
1859	3082	7
1998	3108	7
2073	3107	7
2233	3080	7
2304	3086	7
2394	3125	7
2505	3116	2
2628	3111	2
2678	3093	2
2776	3084	2
2930	3126	2
3019	3100	2
3100	3100	2

0 	 1 	269	22.00
0 	 32 	155	21.00
1 	 2 	189	17.00
2 	 3 	132	21.00
2 	 34 	280	16.00
3 	 4 	241	16.00
3 	 35 	266	22.00
4 	 5 	241	24.00
4 	 36 	231	17.00
5 	 6 	238	16.00
6 	 7 	261	16.00
7 	 8 	262	16.00
8 	 9 	235	22.00
8 	 40 	209	19.00
9 	 10 	207	18.00
9 	 41 	148	17.00
10 	 11 	262	17.00
12 	 13 	210	22.00
12 	 44 	131	21.00
13 	 14 	225	19.00
14 	 15 	231	19.00
15 	 16 	185	16.00
15 	 47 	262	16.00
16 	 17 	248	18.00
16 	 48 	156	16.00
17 	 18 	213	21.00
17 	 49 	254	20.00
18 	 19 	183	17.00
18 	 50 	244	22.00
19 	 20 	139	16.00
19 	 51 	227	17.00
20 	 21 	132	22.00
21 	 22 	241	23.00
21 	 53 	277	22.00
22 	 23 	129	24.00
22 	 54 	242	22.00
23 	 24 	266	23.00
23 	 55 	161	17.00
24 	 25 	212	23.00
24 	 56 	166	18.00
25 	 26 	151	24.00
25 	 57 	270	23.00
27 	 28 	137	21.00
27 	 59 	149	16.00
28 	 29 	189	17.00
29 	 30 	245	20.00
29 	 61 	161	23.00
30 	 31 	199	16.00
30 	 62 	207	18.00
31 	 63 	171	24.00
32 	 33 	141	23.00
32 	 64 	256	21.00
33 	 34 	241	17.00
33 	 65 	251	21.00
35 	 36 	279	23.00
36 	 37 	262	16.00
36 	 68 	157	22.00
37 	 38 	274	22.00
37 	 69 	247	17.00
38 	 39 	202	24.00
38 	 70 	123	17.00
39 	 40 	168	18.00
39 	 71 	246	20.00
40 	 41 	135	20.00
40 	 72 	277	19.00
41 	 42 	184	18.00
42 	 43 	198	20.00
42 	 74 	276	22.00
43 	 44 	128	17.00
43 	 75 	121	17.00
44 	 45 	123	22.00
44 	 76 	211	23.00
45 	 46 	200	24.00
46 	 47 	163	24.00
46 	 78 	147	24.00
47 	 48 	266	21.00
47 	 79 	224	21.00
48 	 49 	152	23.00
48 	 80 	169	24.00
49 	 50 	189	19.00
49 	 81 	245	16.00
50 	 51 	204	21.00
50 	 82 	221	16.00
51 	 52 	128	20.00
52 	 53 	212	21.00
52 	 84 	120	21.00
53 	 54 	271	17.00
53 	 85 	188	20.00
54 	 55 	224	22.00
54 	 86 	193	24.00
55 	 56 	219	22.00
55 	 87 	122	21.00
56 	 57 	156	20.00
57 	 58 	260	16.00
57 	 89 	217	23.00
58 	 59 	214	22.00
58 	 90 	213	24.00
60 	 61 	212	17.00
60 	 92 	213	23.00
61 	 62 	122	21.00
61 	 93 	167	23.00
62 	 63 	189	21.00
63 	 95 	214	19.00
64 	 65 	245	23.00
64 	 96 	121	24.00
65 	 66 	242	17.00
65 	 97 	224	22.00
66 	 67 	262	24.00
66 	 98 	127	19.00
67 	 99 	123	17.00
69 	 70 	177	16.00
69 	 101 	167	22.00
70 	 71 	122	19.00
70 	 102 	269	17.00
71 	 72 	172	24.00
72 	 73 	272	17.00
72 	 104 	192	18.00
73 	 74 	192	19.00
73 	 105 	277	21.00
75 	 76 	248	21.00
75 	 107 	273	24.00
76 	 77 	280	22.00
76 	 108 	123	18.00
77 	 78 	171	24.00
78 	 79 	171	19.00
78 	 110 	138	24.00
79 	 80 	176	18.00
79 	 111 	130	17.00
80 	 81 	186	17.00
82 	 83 	243	24.00
82 	 114 	237	19.00
83 	 115 	243	19.00
85 	 86 	197	22.00
85 	 117 	221	21.00
86 	 87 	226	18.00
86 	 118 	217	16.00
87 	 88 	172	21.00
87 	 119 	133	22.00
89 	 90 	133	16.00
89 	 121 	148	23.00
90 	 91 	240	17.00
90 	 122 	228	19.00
91 	 92 	248	20.00
91 	 123 	132	22.00
93 	 94 	258	19.00
93 	 125 	136	18.00
95 	 127 	155	19.00
96 	 97 	272	24.00
96 	 128 	196	19.00
97 	 98 	131	17.00
98 	 99 	260	19.00
100 	 101 	260	21.00
100 	 132 	211	16.00
101 	 102 	173	23.00
101 	 133 	185	17.00
102 	 103 	236	17.00
103 	 104 	165	21.00
104 	 105 	128	20.00
104 	 136 	264	23.00
105 	 106 	270	21.00
106 	 107 	247	21.00
106 	 138 	221	23.00
107 	 108 	175	23.00
107 	 139 	271	23.00
108 	 109 	198	24.00
109 	 110 	237	17.00
109 	 141 	136	21.00
110 	 111 	174	17.00
110 	 142 	261	18.00
111 	 112 	146	16.00
111 	 143 	250	18.00
113 	 114 	258	21.00
113 	 145 	142	18.00
114 	 115 	188	24.00
114 	 146 	167	22.00
115 	 116 	187	20.00
116 	 117 	145	18.00
117 	 118 	180	18.00
117 	 149 	258	18.00
118 	 119 	145	23.00
118 	 150 	221	22.00
119 	 120 	155	19.00
120 	 121 	187	21.00
120 	 152 	158	21.00
121 	 122 	275	22.00
121 	 153 	159	24.00
122 	 123 	240	24.00
122 	 154 	254	20.00
123 	 124 	126	16.00
123 	 155 	176	21.00
125 	 126 	147	21.00
126 	 127 	173	19.00
126 	 158 	205	18.00
127 	 159 	136	18.00
128 	 129 	146	23.00
129 	 130 	181	16.00
129 	 161 	192	23.00
130 	 131 	269	21.00
130 	 162 	124	19.00
131 	 132 	271	18.00
131 	 163 	184	18.00
132 	 133 	154	20.00
132 	 164 	163	24.00
133 	 134 	209	24.00
134 	 135 	247	18.00
135 	 136 	187	19.00
136 	 137 	179	22.00
136 	 168 	250	21.00
138 	 139 	259	24.00
139 	 140 	140	18.00
139 	 171 	155	24.00
140 	 141 	192	24.00
140 	 172 	266	17.00
141 	 142 	181	17.00
141 	 173 	250	16.00
142 	 143 	246	22.00
142 	 174 	247	21.00
143 	 144 	174	19.00
143 	 175 	164	16.00
144 	 145 	225	21.00
144 	 176 	274	21.00
145 	 146 	256	16.00
145 	 177 	280	19.00
146 	 147 	227	17.00
146 	 178 	246	22.00
147 	 148 	120	22.00
147 	 179 	198	20.00
149 	 150 	275	23.00
150 	 151 	195	17.00
151 	 152 	133	18.00
151 	 183 	183	17.00
152 	 153 	260	18.00
152 	 184 	186	17.00
153 	 154 	248	21.00
154 	 155 	275	20.00
154 	 186 	217	21.00
155 	 156 	126	17.00
156 	 157 	177	23.00
156 	 188 	134	21.00
157 	 158 	215	17.00
158 	 159 	153	17.00
159 	 191 	156	19.00
160 	 161 	185	18.00
160 	 192 	164	19.00
161 	 162 	218	23.00
162 	 163 	176	24.00
162 	 194 	260	21.00
163 	 164 	133	16.00
164 	 165 	172	20.00
165 	 166 	280	24.00
165 	 197 	241	24.00
166 	 167 	217	17.00
166 	 198 	256	19.00
167 	 168 	190	17.00
167 	 199 	280	24.00
168 	 169 	198	24.00
168 	 200 	238	23.00
169 	 170 	256	21.00
169 	 201 	174	22.00
170 	 171 	246	17.00
171 	 172 	242	24.00
171 	 203 	182	21.00
172 	 173 	242	23.00
172 	 204 	274	20.00
173 	 174 	196	18.00
173 	 205 	155	24.00
174 	 175 	184	18.00
174 	 206 	234	18.00
176 	 177 	184	19.00
177 	 178 	239	17.00
177 	 209 	198	18.00
179 	 180 	208	21.00
180 	 181 	245	22.00
180 	 212 	222	20.00
181 	 182 	216	17.00
181 	 213 	121	18.00
182 	 183 	164	21.00
182 	 214 	140	23.00
183 	 184 	264	19.00
183 	 215 	235	16.00
184 	 185 	124	22.00
184 	 216 	147	21.00
187 	 188 	243	16.00
187 	 219 	223	21.00
188 	 189 	172	17.00
189 	 190 	168	23.00
189 	 221 	172	23.00
190 	 191 	120	22.00
190 	 222 	266	24.00
191 	 223 	225	18.00
192 	 193 	259	16.00
192 	 224 	266	18.00
193 	 194 	228	20.00
193 	 225 	198	20.00
194 	 195 	240	22.00
194 	 226 	180	18.00
195 	 196 	224	23.00
196 	 197 	173	19.00
197 	 198 	194	18.00
197 	 229 	177	20.00
198 	 199 	219	17.00
199 	 200 	258	22.00
200 	 201 	135	16.00
200 	 232 	218	23.00
201 	 202 	221	18.00
202 	 203 	250	22.00
202 	 234 	197	18.00
203 	 204 	222	21.00
203 	 235 	273	21.00
204 	 205 	136	18.00
204 	 236 	173	17.00
206 	 207 	136	20.00
206 	 238 	146	21.00
207 	 208 	231	21.00
207 	 239 	265	23.00
208 	 209 	172	20.00
209 	 210 	166	20.00
209 	 241 	165	22.00
210 	 211 	275	24.00
210 	 242 	213	17.00
211 	 243 	246	17.00
213 	 214 	175	22.00
213 	 245 	229	24.00
214 	 215 	149	22.00
214 	 246 	235	24.00
215 	 216 	234	17.00
215 	 247 	143	18.00
217 	 218 	246	17.00
217 	 249 	273	24.00
218 	 219 	129	20.00
218 	 250 	223	20.00
219 	 220 	178	18.00
219 	 251 	245	23.00
220 	 221 	166	16.00
220 	 252 	203	20.00
221 	 222 	207	18.00
221 	 253 	252	21.00
222 	 223 	210	18.00
223 	 255 	220	23.00
224 	 225 	255	22.00
225 	 226 	279	23.00
226 	 227 	240	22.00
227 	 228 	150	16.00
227 	 259 	215	22.00
228 	 229 	204	19.00
228 	 260 	208	20.00
229 	 230 	149	18.00
229 	 261 	165	21.00
230 	 231 	219	18.00
231 	 232 	257	18.00
231 	 263 	147	19.00
232 	 233 	168	21.00
233 	 234 	173	16.00
234 	 235 	262	22.00
234 	 266 	256	18.00
235 	 236 	257	16.00
235 	 267 	148	16.00
237 	 238 	177	21.00
237 	 269 	242	21.00
238 	 239 	156	18.00
238 	 270 	273	24.00
239 	 240 	158	16.00
240 	 241 	141	23.00
242 	 243 	255	18.00
242 	 274 	248	19.00
243 	 244 	176	17.00
243 	 275 	214	24.00
244 	 245 	195	20.00
244 	 276 	227	18.00
245 	 246 	154	16.00
245 	 277 	212	23.00
246 	 247 	127	21.00
247 	 248 	197	21.00
247 	 279 	199	19.00
248 	 249 	253	16.00
249 	 250 	164	16.00
249 	 281 	253	19.00
250 	 251 	121	22.00
250 	 282 	153	23.00
251 	 252 	210	20.00
252 	 253 	141	23.00
253 	 254 	215	24.00
253 	 285 	176	23.00
254 	 255 	268	21.00
256 	 257 	224	17.00
256 	 288 	236	21.00
257 	 258 	279	19.00
257 	 289 	130	21.00
258 	 259 	200	21.00
259 	 260 	124	21.00
259 	 291 	192	17.00
262 	 263 	233	20.00
262 	 294 	209	23.00
263 	 264 	232	20.00
263 	 295 	188	19.00
264 	 265 	224	20.00
264 	 296 	124	16.00
266 	 267 	254	24.00
267 	 268 	189	18.00
267 	 299 	211	21.00
268 	 269 	192	19.00
268 	 300 	267	20.00
269 	 270 	169	22.00
269 	 301 	155	20.00
270 	 271 	238	19.00
271 	 272 	168	22.00
271 	 303 	242	23.00
273 	 274 	121	23.00
274 	 275 	191	24.00
274 	 306 	150	20.00
275 	 276 	267	17.00
275 	 307 	138	20.00
276 	 277 	251	24.00
276 	 308 	227	23.00
277 	 278 	182	16.00
278 	 279 	275	16.00
278 	 310 	198	18.00
279 	 280 	260	19.00
280 	 281 	176	22.00
280 	 312 	275	23.00
281 	 282 	167	21.00
283 	 284 	219	17.00
283 	 315 	264	24.00
284 	 285 	121	21.00
285 	 286 	230	16.00
285 	 317 	277	19.00
286 	 287 	277	16.00
286 	 318 	189	22.00
288 	 289 	129	19.00
288 	 320 	170	16.00
289 	 290 	169	20.00
290 	 291 	202	24.00
290 	 322 	143	23.00
292 	 293 	245	23.00
292 	 324 	181	21.00
293 	 294 	186	19.00
294 	 295 	129	19.00
294 	 326 	169	19.00
295 	 296 	188	19.00
295 	 327 	254	19.00
296 	 297 	173	17.00
296 	 328 	136	18.00
297 	 298 	196	22.00
298 	 299 	199	17.00
298 	 330 	254	17.00
299 	 300 	172	22.00
299 	 331 	210	21.00
300 	 301 	166	22.00
300 	 332 	248	23.00
301 	 302 	151	17.00
301 	 333 	151	18.00
302 	 303 	174	19.00
303 	 304 	185	23.00
303 	 335 	207	18.00
304 	 305 	184	23.00
304 	 336 	258	21.00
305 	 306 	275	22.00
305 	 337 	154	20.00
306 	 307 	145	24.00
307 	 308 	223	19.00
307 	 339 	169	18.00
308 	 309 	130	18.00
308 	 340 	211	21.00
309 	 310 	260	22.00
310 	 311 	195	24.00
310 	 342 	209	20.00
311 	 312 	235	19.00
311 	 343 	245	19.00
312 	 313 	150	19.00
313 	 314 	136	24.00
313 	 345 	159	22.00
314 	 315 	222	17.00
315 	 316 	228	24.00
317 	 318 	195	17.00
318 	 319 	212	23.00
318 	 350 	194	22.00
319 	 351 	131	21.00
320 	 321 	202	19.00
320 	 352 	236	17.00
321 	 322 	276	22.00
321 	 353 	228	20.00
322 	 323 	212	17.00
322 	 354 	157	19.00
323 	 324 	180	17.00
323 	 355 	141	21.00
324 	 325 	264	16.00
325 	 326 	264	22.00
326 	 327 	167	21.00
327 	 328 	150	17.00
327 	 359 	121	18.00
328 	 329 	121	16.00
329 	 330 	186	23.00
330 	 331 	220	17.00
330 	 362 	237	16.00
331 	 332 	228	20.00
331 	 363 	267	17.00
332 	 333 	146	17.00
333 	 334 	125	20.00
333 	 365 	187	20.00
334 	 335 	265	21.00
334 	 366 	220	21.00
335 	 336 	151	22.00
335 	 367 	264	23.00
336 	 337 	227	17.00
337 	 338 	274	19.00
337 	 369 	142	23.00
338 	 339 	217	21.00
338 	 370 	145	20.00
339 	 340 	249	17.00
340 	 341 	265	20.00
340 	 372 	251	20.00
341 	 342 	226	19.00
341 	 373 	221	16.00
342 	 343 	187	24.00
342 	 374 	200	20.00
343 	 344 	193	17.00
343 	 375 	213	17.00
344 	 345 	225	16.00
344 	 376 	187	22.00
345 	 346 	226	16.00
347 	 348 	152	22.00
347 	 379 	171	16.00
348 	 349 	151	16.00
349 	 350 	128	20.00
350 	 351 	183	17.00
351 	 383 	183	19.00
352 	 353 	222	17.00
352 	 384 	190	24.00
353 	 354 	120	21.00
353 	 385 	273	18.00
354 	 355 	246	23.00
354 	 386 	166	20.00
355 	 356 	140	20.00
355 	 387 	169	19.00
356 	 357 	148	23.00
357 	 358 	250	18.00
357 	 389 	189	16.00
359 	 360 	220	24.00
360 	 361 	210	21.00
360 	 392 	142	17.00
361 	 362 	228	16.00
361 	 393 	258	19.00
362 	 363 	230	22.00
363 	 364 	224	17.00
363 	 395 	278	19.00
364 	 365 	188	17.00
365 	 366 	252	16.00
365 	 397 	200	20.00
366 	 367 	131	20.00
366 	 398 	139	20.00
367 	 368 	190	16.00
368 	 369 	156	18.00
368 	 400 	141	19.00
369 	 370 	132	21.00
369 	 401 	166	19.00
370 	 371 	172	19.00
370 	 402 	261	21.00
371 	 372 	127	21.00
371 	 403 	145	16.00
372 	 373 	253	19.00
372 	 404 	231	24.00
373 	 374 	199	18.00
374 	 375 	273	19.00
374 	 406 	139	20.00
375 	 376 	230	19.00
375 	 407 	159	20.00
376 	 377 	250	24.00
376 	 408 	122	18.00
377 	 378 	210	19.00
377 	 409 	238	19.00
378 	 379 	277	17.00
378 	 410 	212	21.00
379 	 380 	172	20.00
379 	 411 	233	21.00
380 	 381 	201	16.00
380 	 412 	157	20.00
381 	 382 	186	22.00
381 	 413 	122	16.00
382 	 383 	125	17.00
383 	 415 	188	23.00
384 	 385 	259	20.00
384 	 416 	179	24.00
385 	 386 	147	22.00
385 	 417 	200	23.00
387 	 388 	166	22.00
387 	 419 	135	22.00
388 	 389 	278	18.00
389 	 390 	210	24.00
389 	 421 	245	17.00
390 	 391 	171	21.00
390 	 422 	129	17.00
391 	 392 	241	22.00
391 	 423 	171	16.00
392 	 393 	208	21.00
392 	 424 	182	23.00
393 	 394 	232	24.00
393 	 425 	265	18.00
394 	 395 	246	23.00
395 	 396 	252	22.00
395 	 427 	218	17.00
396 	 397 	175	18.00
396 	 428 	222	19.00
397 	 398 	219	21.00
397 	 429 	190	18.00
398 	 399 	206	16.00
398 	 430 	149	23.00
399 	 400 	133	16.00
399 	 431 	231	16.00
400 	 401 	145	20.00
400 	 432 	215	16.00
401 	 402 	259	22.00
401 	 433 	192	18.00
402 	 403 	236	18.00
402 	 434 	133	24.00
403 	 404 	161	24.00
403 	 435 	235	19.00
404 	 405 	212	18.00
404 	 436 	141	17.00
405 	 406 	217	19.00
405 	 437 	167	20.00
406 	 407 	167	20.00
407 	 408 	238	21.00
407 	 439 	268	18.00
408 	 409 	125	18.00
408 	 440 	148	21.00
409 	 410 	247	23.00
410 	 411 	161	19.00
410 	 442 	155	23.00
411 	 412 	259	24.00
411 	 443 	174	17.00
412 	 413 	128	21.00
412 	 444 	209	23.00
413 	 414 	187	18.00
413 	 445 	268	16.00
414 	 415 	156	17.00
414 	 446 	122	16.00
415 	 447 	141	22.00
416 	 417 	120	17.00
416 	 448 	195	17.00
417 	 418 	215	24.00
417 	 449 	233	22.00
418 	 419 	260	24.00
418 	 450 	241	21.00
419 	 420 	189	23.00
420 	 421 	127	22.00
420 	 452 	125	18.00
421 	 422 	176	16.00
421 	 453 	155	22.00
422 	 423 	272	21.00
422 	 454 	264	20.00
423 	 424 	248	21.00
423 	 455 	186	19.00
424 	 425 	208	18.00
424 	 456 	157	20.00
425 	 426 	241	24.00
427 	 428 	133	21.00
428 	 429 	205	19.00
429 	 430 	249	22.00
430 	 462 	198	18.00
432 	 433 	250	16.00
432 	 464 	136	23.00
433 	 434 	254	22.00
433 	 465 	183	17.00
434 	 435 	121	19.00
434 	 466 	208	22.00
435 	 436 	188	20.00
435 	 467 	190	23.00
436 	 437 	209	23.00
438 	 439 	177	16.00
438 	 470 	195	16.00
439 	 440 	184	20.00
439 	 471 	274	20.00
440 	 441 	215	20.00
440 	 472 	258	16.00
441 	 442 	272	24.00
441 	 473 	191	22.00
442 	 443 	248	19.00
442 	 474 	200	16.00
443 	 444 	131	23.00
443 	 475 	207	22.00
445 	 477 	230	20.00
447 	 479 	277	16.00
448 	 449 	234	17.00
448 	 480 	174	24.00
449 	 450 	243	21.00
449 	 481 	209	23.00
450 	 451 	274	21.00
450 	 482 	163	23.00
451 	 452 	235	21.00
451 	 483 	120	16.00
452 	 453 	176	16.00
452 	 484 	259	23.00
453 	 454 	203	17.00
454 	 455 	155	22.00
454 	 486 	267	21.00
455 	 456 	203	23.00
455 	 487 	140	17.00
456 	 457 	246	18.00
456 	 488 	222	18.00
457 	 458 	201	23.00
457 	 489 	266	21.00
458 	 459 	276	17.00
458 	 490 	249	22.00
459 	 460 	122	20.00
459 	 491 	124	16.00
460 	 461 	129	21.00
460 	 492 	167	21.00
461 	 462 	280	21.00
461 	 493 	158	24.00
462 	 463 	205	23.00
462 	 494 	212	24.00
463 	 464 	146	18.00
463 	 495 	178	20.00
464 	 465 	206	17.00
464 	 496 	221	21.00
465 	 466 	168	21.00
466 	 467 	223	21.00
466 	 498 	263	23.00
468 	 469 	223	22.00
468 	 500 	193	16.00
469 	 470 	190	18.00
470 	 471 	231	21.00
470 	 502 	167	17.00
471 	 472 	260	18.00
472 	 473 	207	19.00
474 	 475 	189	23.00
475 	 476 	174	22.00
475 	 507 	207	20.00
477 	 478 	211	17.00
477 	 509 	234	20.00
478 	 479 	124	23.00
478 	 510 	212	24.00
479 	 511 	144	21.00
480 	 481 	195	17.00
480 	 512 	205	22.00
481 	 482 	182	19.00
481 	 513 	261	22.00
482 	 483 	201	19.00
482 	 514 	269	20.00
483 	 484 	176	20.00
484 	 485 	193	22.00
485 	 486 	194	22.00
486 	 487 	157	24.00
486 	 518 	200	16.00
487 	 488 	261	24.00
488 	 489 	139	24.00
490 	 491 	146	20.00
493 	 494 	165	16.00
494 	 495 	227	22.00
494 	 526 	191	24.00
495 	 496 	179	19.00
496 	 497 	280	20.00
496 	 528 	195	19.00
499 	 500 	251	19.00
500 	 501 	269	23.00
500 	 532 	134	17.00
502 	 503 	216	23.00
502 	 534 	171	18.00
503 	 504 	251	24.00
503 	 535 	248	17.00
504 	 505 	185	19.00
504 	 536 	225	24.00
505 	 506 	176	20.00
508 	 509 	140	16.00
509 	 510 	257	21.00
509 	 541 	187	17.00
510 	 511 	266	23.00
510 	 542 	178	20.00
512 	 513 	132	18.00
512 	 544 	201	23.00
513 	 514 	176	24.00
513 	 545 	204	19.00
514 	 515 	255	24.00
514 	 546 	243	18.00
515 	 516 	131	17.00
515 	 547 	159	24.00
516 	 517 	123	16.00
516 	 548 	163	16.00
518 	 519 	141	23.00
518 	 550 	169	21.00
519 	 520 	125	19.00
521 	 522 	130	17.00
521 	 553 	139	19.00
522 	 523 	155	23.00
522 	 554 	159	22.00
523 	 524 	125	16.00
523 	 555 	127	21.00
524 	 525 	238	17.00
524 	 556 	135	23.00
525 	 526 	206	22.00
525 	 557 	269	19.00
526 	 527 	254	17.00
526 	 558 	269	16.00
527 	 528 	214	21.00
528 	 529 	215	16.00
528 	 560 	231	21.00
530 	 531 	168	17.00
530 	 562 	263	20.00
531 	 532 	226	24.00
531 	 563 	259	20.00
532 	 533 	180	23.00
532 	 564 	226	17.00
533 	 534 	198	18.00
533 	 565 	211	21.00
534 	 535 	214	20.00
534 	 566 	237	18.00
535 	 536 	266	20.00
535 	 567 	121	17.00
536 	 537 	214	24.00
537 	 538 	203	20.00
537 	 569 	234	17.00
538 	 539 	141	22.00
538 	 570 	135	16.00
540 	 541 	215	17.00
540 	 572 	179	23.00
541 	 542 	170	18.00
541 	 573 	175	22.00
542 	 543 	272	21.00
542 	 574 	202	16.00
545 	 546 	213	19.00
546 	 547 	224	17.00
546 	 578 	168	16.00
547 	 548 	213	18.00
549 	 550 	204	20.00
550 	 551 	205	21.00
550 	 582 	273	23.00
551 	 552 	122	21.00
551 	 583 	167	22.00
552 	 553 	172	19.00
552 	 584 	189	20.00
553 	 554 	225	21.00
554 	 555 	164	20.00
555 	 556 	279	22.00
556 	 557 	177	23.00
556 	 588 	148	24.00
557 	 558 	160	21.00
558 	 559 	139	16.00
558 	 590 	145	23.00
559 	 560 	155	19.00
559 	 591 	271	23.00
560 	 561 	162	22.00
565 	 566 	127	21.00
565 	 597 	128	22.00
566 	 567 	214	24.00
566 	 598 	134	16.00
567 	 568 	215	19.00
567 	 599 	268	17.00
568 	 569 	206	23.00
568 	 600 	213	21.00
569 	 570 	141	17.00
571 	 572 	249	23.00
571 	 603 	120	17.00
572 	 573 	219	20.00
572 	 604 	154	18.00
573 	 574 	166	16.00
575 	 607 	254	23.00
576 	 577 	269	20.00
576 	 608 	259	18.00
578 	 579 	239	16.00
578 	 610 	226	18.00
579 	 580 	167	20.00
579 	 611 	154	19.00
580 	 581 	151	20.00
580 	 612 	136	20.00
581 	 582 	228	19.00
581 	 613 	149	16.00
582 	 583 	152	24.00
582 	 614 	174	22.00
584 	 585 	237	16.00
585 	 586 	125	18.00
585 	 617 	241	24.00
586 	 587 	163	20.00
586 	 618 	270	19.00
587 	 588 	262	24.00
587 	 619 	139	19.00
588 	 589 	210	20.00
588 	 620 	253	24.00
589 	 590 	143	21.00
589 	 621 	254	23.00
590 	 591 	271	19.00
591 	 592 	129	20.00
591 	 623 	181	22.00
592 	 593 	192	19.00
592 	 624 	222	21.00
593 	 594 	200	22.00
593 	 625 	171	20.00
594 	 595 	129	23.00
594 	 626 	176	16.00
595 	 596 	254	21.00
595 	 627 	181	16.00
596 	 597 	133	24.00
597 	 598 	228	23.00
598 	 599 	197	22.00
598 	 630 	238	17.00
599 	 600 	148	23.00
600 	 601 	260	18.00
600 	 632 	216	16.00
601 	 602 	140	20.00
601 	 633 	135	24.00
603 	 604 	206	19.00
604 	 605 	193	24.00
604 	 636 	205	18.00
605 	 606 	240	23.00
605 	 637 	189	16.00
606 	 607 	155	19.00
606 	 638 	191	22.00
608 	 609 	224	24.00
608 	 640 	208	23.00
609 	 610 	216	17.00
610 	 611 	209	21.00
611 	 612 	270	19.00
612 	 613 	275	17.00
613 	 614 	259	20.00
614 	 615 	171	17.00
614 	 646 	172	21.00
615 	 616 	279	20.00
616 	 617 	181	18.00
616 	 648 	249	24.00
617 	 618 	192	24.00
618 	 619 	131	21.00
618 	 650 	275	22.00
619 	 620 	272	21.00
619 	 651 	201	19.00
620 	 621 	265	19.00
620 	 652 	214	19.00
621 	 622 	215	24.00
621 	 653 	278	19.00
622 	 623 	181	16.00
622 	 654 	235	21.00
623 	 624 	235	21.00
623 	 655 	213	23.00
624 	 625 	142	22.00
625 	 626 	199	18.00
625 	 657 	270	22.00
626 	 627 	166	21.00
626 	 658 	129	22.00
627 	 628 	259	18.00
627 	 659 	133	16.00
628 	 629 	277	23.00
628 	 660 	262	20.00
629 	 630 	262	23.00
630 	 631 	194	16.00
630 	 662 	280	22.00
631 	 632 	278	24.00
632 	 633 	152	20.00
633 	 634 	162	16.00
634 	 635 	169	24.00
634 	 666 	239	19.00
635 	 636 	230	18.00
636 	 637 	177	24.00
637 	 638 	210	21.00
637 	 669 	128	16.00
638 	 639 	166	24.00
640 	 641 	189	24.00
641 	 642 	130	24.00
641 	 673 	261	16.00
642 	 643 	189	21.00
643 	 644 	127	18.00
644 	 645 	173	22.00
644 	 676 	136	19.00
646 	 647 	262	22.00
646 	 678 	273	16.00
647 	 648 	261	21.00
648 	 649 	274	17.00
648 	 680 	218	20.00
649 	 650 	193	21.00
649 	 681 	197	17.00
650 	 651 	156	20.00
650 	 682 	227	23.00
651 	 652 	141	22.00
651 	 683 	163	20.00
652 	 653 	235	17.00
652 	 684 	147	21.00
653 	 654 	157	23.00
653 	 685 	170	23.00
654 	 655 	276	18.00
654 	 686 	268	19.00
655 	 656 	194	22.00
655 	 687 	268	20.00
656 	 657 	177	20.00
657 	 658 	249	16.00
657 	 689 	276	22.00
658 	 659 	134	19.00
658 	 690 	268	24.00
659 	 660 	197	20.00
659 	 691 	122	17.00
660 	 661 	137	22.00
660 	 692 	251	24.00
662 	 663 	153	16.00
662 	 694 	203	19.00
663 	 664 	243	17.00
664 	 665 	271	21.00
665 	 666 	170	24.00
666 	 667 	230	17.00
668 	 669 	162	20.00
668 	 700 	157	21.00
669 	 670 	160	19.00
669 	 701 	181	18.00
670 	 671 	272	16.00
671 	 703 	224	21.00
672 	 673 	233	19.00
672 	 704 	125	16.00
673 	 674 	162	16.00
674 	 675 	257	22.00
675 	 676 	216	17.00
676 	 677 	192	17.00
676 	 708 	205	22.00
677 	 678 	260	23.00
677 	 709 	257	23.00
678 	 679 	247	20.00
678 	 710 	218	22.00
679 	 680 	213	17.00
679 	 711 	135	24.00
681 	 682 	207	24.00
681 	 713 	226	24.00
682 	 683 	267	24.00
683 	 684 	126	17.00
683 	 715 	121	23.00
685 	 686 	224	22.00
685 	 717 	276	22.00
686 	 687 	225	21.00
686 	 718 	279	21.00
687 	 688 	194	24.00
687 	 719 	268	17.00
688 	 689 	240	22.00
688 	 720 	190	17.00
689 	 690 	221	23.00
689 	 721 	212	16.00
690 	 691 	238	17.00
691 	 692 	156	23.00
693 	 694 	238	18.00
693 	 725 	256	21.00
694 	 695 	208	19.00
694 	 726 	270	19.00
695 	 696 	255	16.00
695 	 727 	131	18.00
696 	 697 	160	18.00
697 	 698 	223	16.00
697 	 729 	236	18.00
698 	 699 	226	21.00
698 	 730 	258	18.00
701 	 702 	158	17.00
702 	 703 	141	20.00
702 	 734 	168	23.00
703 	 735 	164	22.00
704 	 705 	255	22.00
704 	 736 	179	17.00
705 	 706 	236	24.00
705 	 737 	221	21.00
706 	 707 	278	20.00
707 	 708 	208	24.00
707 	 739 	178	20.00
708 	 709 	193	23.00
708 	 740 	199	16.00
709 	 710 	136	21.00
710 	 711 	222	17.00
710 	 742 	157	19.00
711 	 712 	256	17.00
711 	 743 	238	20.00
712 	 713 	226	20.00
712 	 744 	138	23.00
713 	 714 	203	24.00
713 	 745 	198	20.00
714 	 715 	187	21.00
715 	 716 	191	23.00
716 	 717 	164	20.00
716 	 748 	251	24.00
717 	 718 	182	21.00
718 	 719 	160	16.00
718 	 750 	156	18.00
719 	 720 	256	18.00
720 	 721 	161	21.00
720 	 752 	221	16.00
721 	 722 	184	18.00
722 	 723 	258	24.00
723 	 724 	211	16.00
723 	 755 	157	19.00
724 	 725 	186	20.00
725 	 726 	248	22.00
725 	 757 	270	19.00
726 	 727 	279	24.00
726 	 758 	217	23.00
727 	 728 	140	21.00
727 	 759 	191	17.00
728 	 729 	131	21.00
728 	 760 	130	23.00
729 	 730 	125	24.00
730 	 731 	266	20.00
730 	 762 	227	18.00
731 	 732 	272	16.00
731 	 763 	151	17.00
732 	 733 	182	22.00
733 	 734 	277	17.00
733 	 765 	137	17.00
734 	 735 	246	20.00
735 	 767 	185	22.00
736 	 737 	190	17.00
736 	 768 	247	21.00
737 	 738 	164	23.00
738 	 739 	134	20.00
738 	 770 	168	24.00
740 	 741 	173	18.00
741 	 742 	184	23.00
742 	 743 	199	21.00
742 	 774 	174	19.00
743 	 744 	210	16.00
743 	 775 	268	16.00
744 	 745 	191	19.00
744 	 776 	249	18.00
745 	 746 	157	24.00
746 	 747 	146	23.00
746 	 778 	139	22.00
747 	 748 	194	18.00
747 	 779 	274	24.00
748 	 749 	245	19.00
749 	 750 	178	18.00
749 	 781 	280	22.00
750 	 751 	255	23.00
751 	 752 	231	16.00
751 	 783 	186	20.00
752 	 753 	232	18.00
752 	 784 	242	18.00
753 	 754 	187	22.00
754 	 755 	255	24.00
754 	 786 	138	22.00
755 	 756 	227	20.00
755 	 787 	203	19.00
756 	 757 	272	24.00
757 	 758 	238	23.00
757 	 789 	219	20.00
758 	 759 	236	18.00
759 	 760 	172	22.00
759 	 791 	216	16.00
760 	 761 	259	24.00
761 	 762 	204	23.00
761 	 793 	166	18.00
764 	 765 	223	21.00
764 	 796 	190	21.00
765 	 766 	231	16.00
766 	 767 	142	21.00
766 	 798 	129	19.00
767 	 799 	120	16.00
768 	 769 	139	22.00
769 	 770 	236	24.00
770 	 771 	165	23.00
771 	 772 	176	22.00
771 	 803 	275	17.00
772 	 773 	208	17.00
773 	 774 	140	24.00
773 	 805 	131	16.00
774 	 775 	250	17.00
774 	 806 	181	20.00
775 	 776 	264	20.00
775 	 807 	181	23.00
776 	 777 	235	22.00
776 	 808 	236	17.00
777 	 778 	156	24.00
777 	 809 	149	19.00
778 	 779 	192	17.00
778 	 810 	264	22.00
780 	 781 	176	16.00
781 	 782 	274	17.00
781 	 813 	168	21.00
782 	 783 	211	21.00
782 	 814 	138	19.00
783 	 784 	243	19.00
783 	 815 	158	21.00
784 	 785 	200	21.00
784 	 816 	188	22.00
785 	 786 	129	20.00
785 	 817 	129	20.00
786 	 787 	259	17.00
787 	 788 	250	17.00
788 	 789 	132	24.00
789 	 790 	212	22.00
790 	 791 	213	23.00
791 	 792 	169	18.00
792 	 793 	147	23.00
793 	 794 	133	19.00
793 	 825 	213	16.00
794 	 795 	224	22.00
794 	 826 	275	17.00
795 	 796 	174	18.00
796 	 797 	215	18.00
797 	 798 	191	22.00
797 	 829 	203	17.00
798 	 799 	264	19.00
800 	 801 	270	21.00
800 	 832 	247	16.00
801 	 802 	163	19.00
801 	 833 	173	17.00
802 	 803 	186	16.00
802 	 834 	253	16.00
803 	 804 	164	20.00
803 	 835 	206	21.00
804 	 805 	242	18.00
804 	 836 	164	16.00
805 	 806 	123	22.00
806 	 807 	185	19.00
806 	 838 	136	16.00
807 	 808 	202	21.00
808 	 809 	179	20.00
808 	 840 	125	18.00
810 	 811 	181	22.00
810 	 842 	191	18.00
811 	 812 	270	24.00
811 	 843 	258	19.00
812 	 813 	159	19.00
812 	 844 	121	17.00
813 	 814 	273	20.00
814 	 815 	279	17.00
814 	 846 	152	23.00
815 	 816 	153	24.00
816 	 817 	274	17.00
816 	 848 	191	20.00
817 	 818 	243	19.00
817 	 849 	267	22.00
818 	 819 	270	22.00
819 	 820 	277	16.00
819 	 851 	260	17.00
820 	 821 	123	20.00
820 	 852 	131	22.00
821 	 822 	140	18.00
822 	 823 	143	20.00
823 	 824 	228	24.00
823 	 855 	269	17.00
824 	 825 	196	24.00
824 	 856 	147	23.00
825 	 826 	164	22.00
825 	 857 	121	21.00
826 	 827 	207	23.00
827 	 828 	241	21.00
828 	 829 	228	19.00
828 	 860 	177	16.00
829 	 830 	154	24.00
829 	 861 	212	17.00
830 	 831 	128	24.00
830 	 862 	236	19.00
832 	 833 	267	20.00
832 	 864 	258	21.00
833 	 834 	158	23.00
833 	 865 	276	22.00
834 	 835 	179	20.00
835 	 836 	170	20.00
836 	 837 	180	19.00
836 	 868 	277	20.00
837 	 838 	222	20.00
837 	 869 	159	17.00
838 	 839 	172	23.00
838 	 870 	254	17.00
839 	 840 	141	22.00
839 	 871 	226	23.00
841 	 842 	232	22.00
842 	 843 	235	23.00
842 	 874 	238	19.00
843 	 844 	266	23.00
844 	 845 	165	22.00
845 	 877 	140	17.00
847 	 848 	196	16.00
848 	 849 	202	23.00
848 	 880 	202	23.00
849 	 850 	216	20.00
850 	 851 	123	17.00
850 	 882 	185	24.00
851 	 852 	197	16.00
852 	 853 	250	21.00
853 	 854 	254	16.00
853 	 885 	221	19.00
854 	 855 	139	20.00
854 	 886 	195	17.00
855 	 856 	150	16.00
856 	 857 	169	23.00
856 	 888 	149	17.00
857 	 858 	196	21.00
857 	 889 	166	19.00
858 	 859 	196	20.00
858 	 890 	181	22.00
859 	 860 	195	18.00
859 	 891 	247	21.00
861 	 862 	175	24.00
861 	 893 	257	19.00
862 	 863 	137	19.00
862 	 894 	236	23.00
863 	 895 	154	20.00
864 	 865 	265	23.00
865 	 866 	278	24.00
865 	 897 	247	17.00
866 	 867 	212	24.00
866 	 898 	196	19.00
867 	 868 	240	20.00
869 	 870 	167	21.00
869 	 901 	265	18.00
870 	 871 	249	23.00
871 	 872 	237	24.00
872 	 873 	132	23.00
872 	 904 	238	22.00
874 	 875 	242	17.00
874 	 906 	159	17.00
875 	 876 	143	24.00
876 	 877 	212	20.00
876 	 908 	124	16.00
877 	 878 	193	16.00
878 	 879 	160	20.00
878 	 910 	254	20.00
879 	 880 	245	21.00
879 	 911 	274	24.00
880 	 881 	190	16.00
881 	 882 	134	20.00
881 	 913 	168	20.00
882 	 883 	174	18.00
882 	 914 	215	21.00
884 	 885 	235	19.00
884 	 916 	211	20.00
885 	 886 	187	18.00
885 	 917 	234	16.00
887 	 888 	228	17.00
887 	 919 	279	17.00
888 	 889 	162	20.00
888 	 920 	182	23.00
889 	 890 	144	16.00
890 	 891 	153	22.00
890 	 922 	233	20.00
891 	 892 	194	19.00
891 	 923 	218	22.00
893 	 894 	232	23.00
893 	 925 	179	19.00
894 	 895 	272	23.00
896 	 897 	197	23.00
896 	 928 	247	18.00
897 	 898 	158	16.00
897 	 929 	265	16.00
898 	 899 	248	17.00
898 	 930 	135	17.00
899 	 900 	269	18.00
900 	 901 	275	16.00
901 	 902 	154	23.00
901 	 933 	254	22.00
903 	 904 	226	19.00
903 	 935 	279	18.00
904 	 905 	164	17.00
904 	 936 	218	20.00
905 	 906 	166	20.00
905 	 937 	168	22.00
906 	 907 	280	18.00
906 	 938 	212	17.00
907 	 908 	261	21.00
907 	 939 	202	16.00
908 	 909 	219	17.00
910 	 911 	141	18.00
911 	 912 	207	24.00
912 	 913 	159	17.00
912 	 944 	218	18.00
913 	 914 	146	21.00
913 	 945 	168	17.00
914 	 915 	254	23.00
914 	 946 	219	16.00
915 	 916 	174	17.00
917 	 918 	131	21.00
917 	 949 	166	16.00
918 	 919 	126	22.00
919 	 920 	247	22.00
919 	 951 	152	24.00
920 	 921 	159	20.00
921 	 922 	229	19.00
921 	 953 	128	19.00
922 	 923 	160	16.00
923 	 924 	268	16.00
924 	 925 	233	22.00
924 	 956 	216	24.00
925 	 926 	277	22.00
925 	 957 	253	21.00
926 	 927 	254	18.00
926 	 958 	202	22.00
928 	 929 	198	17.00
929 	 930 	234	16.00
929 	 961 	176	19.00
930 	 931 	251	21.00
930 	 962 	217	17.00
931 	 932 	124	23.00
931 	 963 	188	20.00
932 	 933 	197	23.00
932 	 964 	166	19.00
934 	 935 	164	22.00
934 	 966 	141	17.00
935 	 967 	167	20.00
937 	 938 	192	20.00
937 	 969 	203	22.00
938 	 939 	185	20.00
938 	 970 	247	20.00
939 	 940 	136	17.00
941 	 942 	235	21.00
942 	 943 	246	22.00
942 	 974 	204	16.00
943 	 944 	259	20.00
944 	 945 	193	22.00
944 	 976 	274	18.00
945 	 946 	152	20.00
946 	 947 	165	23.00
947 	 948 	136	17.00
948 	 949 	143	22.00
948 	 980 	213	20.00
949 	 950 	162	24.00
949 	 981 	253	23.00
950 	 951 	215	23.00
952 	 953 	195	16.00
952 	 984 	129	23.00
953 	 954 	223	24.00
953 	 985 	214	18.00
954 	 955 	123	19.00
954 	 986 	185	18.00
955 	 956 	260	24.00
956 	 957 	120	22.00
956 	 988 	170	16.00
957 	 958 	271	16.00
957 	 989 	168	18.00
958 	 959 	136	17.00
958 	 990 	122	23.00
959 	 991 	210	17.00
960 	 961 	192	18.00
962 	 963 	155	18.00
962 	 994 	250	21.00
963 	 964 	207	17.00
963 	 995 	191	17.00
964 	 965 	142	20.00
965 	 966 	190	23.00
965 	 997 	147	21.00
966 	 967 	214	17.00
967 	 968 	160	21.00
967 	 999 	269	20.00
968 	 969 	261	23.00
968 	 1000 	155	21.00
969 	 970 	267	22.00
969 	 1001 	267	22.00
970 	 971 	178	18.00
971 	 972 	242	19.00
972 	 973 	257	16.00
972 	 1004 	151	19.00
973 	 974 	152	16.00
974 	 975 	249	19.00
974 	 1006 	147	22.00
975 	 976 	253	20.00
975 	 1007 	270	22.00
977 	 978 	220	16.00
977 	 1009 	193	19.00
978 	 979 	185	23.00
978 	 1010 	156	20.00
979 	 980 	185	16.00
981 	 982 	255	22.00
981 	 1013 	255	17.00
982 	 983 	246	17.00
982 	 1014 	128	21.00
983 	 984 	255	24.00
983 	 1015 	126	19.00
984 	 985 	236	21.00
985 	 986 	121	20.00
985 	 1017 	152	23.00
986 	 987 	211	20.00
987 	 988 	233	20.00
988 	 989 	144	18.00
988 	 1020 	154	18.00
989 	 990 	123	17.00
989 	 1021 	131	20.00
990 	 991 	208	22.00
990 	 1022 	225	19.00
991 	 1023 	246	18.00
992 	 993 	216	21.00
993 	 994 	124	23.00
995 	 996 	235	22.00
997 	 998 	169	21.00
999 	 1000 	189	18.00
1002 	 1003 	166	21.00
1003 	 1004 	195	21.00
1005 	 1006 	271	21.00
1006 	 1007 	190	23.00
1007 	 1008 	223	24.00
1008 	 1009 	265	22.00
1009 	 1010 	129	21.00
1010 	 1011 	278	20.00
1011 	 1012 	193	24.00
1013 	 1014 	163	24.00
1014 	 1015 	194	17.00
1015 	 1016 	170	23.00
1017 	 1018 	222	24.00
1018 	 1019 	245	22.00
1019 	 1020 	173	24.00
1020 	 1021 	133	20.00
1021 	 1022 	194	18.00
1022 	 1023 	188	18.00
