1024 	 1488 	 20 	 0.30 
 
-13	7	0
98	11	0
236	-4	0
284	-23	0
433	2	0
488	-31	0
633	7	0
694	-11	0
816	-43	7
921	18	7
979	-27	7
1111	0	7
1200	-27	7
1309	12	7
1423	35	7
1485	3	7
1628	-3	5
1697	-23	5
1813	-2	5
1867	5	5
2018	-6	5
2115	9	5
2200	-36	5
2284	-10	5
2397	-33	5
2478	-42	5
2638	-22	3
2727	5	3
2797	2	3
2929	-7	3
2994	-15	3
3108	12	3
17	127	0
136	81	0
205	56	0
295	69	0
408	82	0
479	64	0
648	105	0
688	119	0
766	84	0
911	119	7
1038	69	7
1118	107	7
1215	114	7
1296	84	7
1414	107	7
1480	102	5
1595	99	5
1679	98	5
1773	86	5
1938	129	5
1958	124	5
2098	110	5
2201	119	5
2300	75	5
2418	88	3
2516	88	3
2623	59	3
2697	149	3
2842	148	3
2898	108	3
3008	106	3
3099	136	3
-11	222	0
93	215	0
200	180	0
302	207	0
393	239	0
469	171	0
603	220	0
674	202	0
821	179	0
908	209	0
1014	183	7
1147	206	7
1174	218	7
1312	157	7
1419	200	7
1509	242	5
1630	208	5
1732	162	5
1792	205	5
1874	194	5
1993	209	5
2073	198	5
2189	218	5
2288	224	5
2402	228	3
2490	167	3
2582	205	3
2714	198	3
2778	176	3
2895	237	3
3027	228	3
3086	238	3
6	281	0
59	262	0
202	278	0
276	291	0
384	335	0
492	311	0
592	295	0
694	319	0
773	309	0
905	288	7
1000	302	7
1103	279	7
1162	300	7
1310	320	7
1409	318	7
1530	284	5
1612	307	5
1670	300	5
1753	285	5
1877	320	5
2008	306	5
2070	262	5
2191	296	5
2285	306	3
2361	305	3
2508	260	3
2603	328	3
2677	259	3
2800	338	3
2879	299	3
3025	308	3
3078	259	3
16	389	0
111	377	0
184	416	0
313	416	0
426	420	0
485	442	0
580	431	0
707	392	0
834	413	7
904	435	7
997	429	7
1122	396	7
1200	399	7
1296	377	7
1381	383	7
1531	378	7
1589	401	5
1708	384	5
1762	364	5
1882	437	5
2031	396	5
2130	404	5
2223	353	5
2304	410	3
2385	403	3
2509	413	3
2624	380	3
2677	399	3
2811	396	3
2895	375	3
3043	402	3
3075	437	3
-5	509	0
98	496	0
192	455	0
325	520	0
401	497	0
496	483	0
602	494	0
670	506	0
843	499	7
865	485	7
1007	500	7
1104	468	7
1206	503	7
1309	468	7
1377	498	7
1494	504	7
1563	474	7
1717	491	5
1776	508	5
1894	491	5
2004	499	5
2104	523	5
2202	475	5
2267	518	5
2386	531	3
2491	519	3
2629	461	3
2706	535	3
2778	532	3
2947	529	3
2978	481	3
3114	495	3
-28	579	12
83	620	0
224	598	0
308	626	0
371	552	0
538	601	0
579	602	0
711	570	0
818	582	7
862	586	7
990	586	7
1114	596	7
1233	596	7
1286	606	7
1404	591	7
1474	578	7
1596	607	7
1670	599	17
1798	556	5
1926	609	5
1994	613	5
2091	630	5
2193	604	5
2287	644	5
2366	566	3
2502	604	3
2563	586	3
2699	603	3
2803	580	3
2869	603	3
3034	603	3
3091	625	3
-2	690	12
122	737	0
233	691	0
300	668	0
438	682	0
509	693	0
600	659	0
697	713	12
819	674	12
869	708	7
1031	691	7
1089	714	7
1200	676	7
1266	693	7
1383	682	7
1523	696	7
1568	718	7
1684	662	17
1840	711	17
1917	684	5
2030	696	5
2113	687	5
2205	728	5
2301	660	5
2414	741	18
2504	704	3
2619	703	3
2695	716	3
2790	690	3
2899	698	3
3004	698	3
3132	682	3
-1	823	12
135	797	12
209	812	0
307	814	0
435	831	0
523	840	0
597	775	12
714	808	12
795	790	12
877	822	7
954	802	7
1108	822	7
1236	800	7
1313	837	7
1382	783	7
1511	815	14
1599	770	14
1665	780	17
1795	779	14
1897	807	5
2001	778	5
2068	826	5
2190	792	5
2319	833	18
2378	796	18
2521	795	18
2591	807	3
2682	820	3
2819	793	3
2925	842	8
2998	829	8
3072	802	3
-9	903	12
90	895	12
187	895	12
270	936	12
432	918	12
518	923	12
577	889	12
699	881	12
783	893	12
902	890	12
993	907	12
1080	895	7
1184	875	14
1285	875	7
1424	872	14
1486	866	14
1595	867	14
1696	914	14
1777	909	14
1889	862	14
1975	862	16
2112	875	5
2214	891	18
2319	915	18
2428	914	18
2502	883	18
2625	867	8
2698	885	3
2801	945	8
2905	916	8
2984	883	8
3118	908	8
40	1012	12
117	1004	12
213	993	12
307	974	12
401	1004	12
486	989	12
584	1011	12
675	1006	12
814	1020	12
912	983	12
1023	980	12
1129	961	14
1200	967	14
1254	1019	14
1372	981	14
1488	1004	14
1594	953	14
1686	1031	14
1795	975	14
1883	994	14
1995	1005	16
2107	996	16
2190	1001	16
2287	992	16
2412	1021	8
2480	966	18
2620	967	8
2693	1017	8
2793	1011	8
2901	962	8
3002	993	8
3100	1023	8
7	1098	12
70	1085	12
192	1059	12
274	1106	12
387	1076	12
461	1091	12
601	1106	12
693	1123	12
827	1087	12
906	1115	12
1012	1132	12
1113	1114	14
1193	1097	14
1279	1121	14
1374	1077	14
1487	1086	14
1637	1067	14
1667	1131	14
1763	1141	14
1900	1128	14
2003	1098	16
2097	1070	16
2186	1084	16
2272	1108	8
2401	1150	8
2504	1085	8
2573	1093	8
2701	1086	8
2775	1117	8
2933	1082	8
3009	1088	8
3054	1076	8
33	1196	12
93	1220	12
178	1211	12
303	1198	12
401	1216	12
490	1203	12
572	1244	12
707	1240	12
835	1223	12
883	1197	12
981	1217	14
1053	1232	14
1193	1204	14
1292	1181	14
1428	1198	14
1517	1198	14
1641	1215	14
1679	1201	14
1779	1230	14
1897	1201	14
1952	1167	14
2062	1199	16
2193	1172	16
2300	1222	8
2412	1219	8
2493	1176	8
2601	1223	8
2697	1172	8
2782	1223	8
2894	1216	8
3036	1206	8
3121	1218	8
-7	1311	12
99	1283	12
161	1308	12
336	1262	12
434	1311	12
486	1315	12
644	1283	12
688	1302	12
815	1310	12
883	1305	14
976	1294	14
1064	1298	14
1199	1314	14
1295	1307	14
1363	1298	14
1473	1287	14
1639	1280	14
1699	1292	14
1800	1316	14
1912	1265	14
2005	1301	14
2083	1290	16
2182	1337	16
2333	1291	8
2397	1267	8
2492	1334	8
2616	1288	8
2705	1317	8
2786	1303	8
2915	1276	8
2994	1333	8
3110	1317	8
8	1396	11
123	1397	11
193	1421	11
317	1369	11
396	1396	12
486	1407	11
610	1356	12
683	1395	12
824	1448	19
887	1378	13
994	1401	13
1067	1436	13
1182	1371	14
1295	1415	13
1405	1399	13
1501	1404	14
1642	1359	14
1705	1427	14
1757	1401	14
1918	1384	16
2002	1385	16
2098	1425	16
2220	1365	16
2315	1390	8
2410	1390	8
2518	1390	8
2645	1416	8
2701	1355	8
2786	1400	8
2935	1388	8
3008	1431	8
3054	1424	8
-8	1482	11
102	1541	11
225	1487	11
293	1522	11
419	1497	11
494	1502	11
636	1535	12
685	1543	19
837	1484	19
928	1529	13
1027	1493	13
1117	1525	13
1204	1479	13
1290	1495	13
1435	1473	13
1502	1530	13
1591	1479	14
1677	1504	14
1850	1484	14
1930	1512	14
1998	1471	14
2089	1532	16
2204	1480	16
2324	1468	16
2409	1470	16
2486	1512	8
2612	1491	8
2671	1469	8
2761	1467	8
2887	1533	8
2968	1507	8
3117	1490	8
-28	1630	11
76	1579	11
194	1639	11
278	1574	11
405	1580	11
545	1592	11
610	1600	11
713	1622	11
838	1565	13
868	1552	13
1015	1585	13
1099	1564	13
1213	1629	13
1301	1639	13
1380	1626	13
1516	1620	13
1619	1619	14
1679	1591	14
1791	1576	14
1901	1641	16
2006	1612	16
2076	1602	16
2206	1603	16
2272	1619	16
2392	1599	8
2489	1590	8
2598	1576	8
2677	1595	8
2793	1590	8
2864	1604	8
3004	1571	8
3116	1592	10
-27	1675	11
96	1715	11
190	1685	11
303	1679	11
370	1713	11
522	1707	11
603	1693	11
691	1662	11
802	1724	13
897	1740	13
1037	1688	13
1090	1691	13
1189	1717	13
1265	1716	13
1435	1682	13
1493	1697	13
1646	1728	14
1709	1686	16
1840	1699	16
1877	1712	16
2002	1701	16
2090	1701	16
2174	1725	16
2298	1720	9
2393	1695	9
2518	1711	9
2588	1674	9
2660	1709	8
2772	1707	9
2865	1671	8
3022	1699	8
3135	1650	10
6	1751	11
72	1777	11
184	1812	11
294	1799	11
425	1814	11
502	1804	11
596	1838	11
669	1847	11
797	1790	11
929	1823	13
1009	1791	13
1081	1831	13
1206	1766	13
1294	1768	13
1392	1818	13
1535	1801	13
1593	1776	16
1711	1821	16
1801	1811	16
1914	1808	16
2006	1795	16
2077	1762	16
2236	1793	16
2334	1764	9
2367	1844	9
2492	1783	9
2617	1764	9
2688	1760	9
2777	1818	9
2922	1834	9
3044	1793	9
3124	1794	9
-12	1872	11
100	1903	11
228	1912	11
320	1886	11
398	1897	11
500	1929	11
636	1909	11
691	1858	11
801	1923	11
904	1864	13
994	1872	13
1117	1898	13
1195	1877	13
1314	1871	13
1395	1917	13
1495	1926	13
1592	1905	13
1740	1863	16
1786	1906	16
1873	1897	16
2004	1875	16
2103	1911	16
2189	1904	9
2308	1916	9
2424	1914	9
2511	1896	9
2631	1880	9
2738	1923	9
2819	1908	9
2920	1884	9
2996	1907	9
3082	1874	9
17	1993	11
120	2005	11
202	2010	11
297	2020	11
375	2010	11
495	1997	11
596	2015	11
739	1978	11
807	1980	13
859	2015	13
1012	2038	13
1129	1958	13
1214	1995	13
1290	2004	13
1429	2022	13
1507	2026	13
1592	2034	13
1711	2002	16
1808	1973	16
1892	1960	16
2007	1971	16
2091	1993	16
2227	1980	9
2268	1953	9
2382	1959	9
2487	2032	9
2624	1987	9
2709	2020	9
2766	2014	9
2869	2016	9
2967	2024	9
3099	1973	9
-21	2108	11
89	2140	11
157	2065	11
338	2137	11
437	2114	11
520	2102	11
635	2082	11
723	2079	11
761	2115	13
884	2090	13
1006	2091	13
1061	2136	13
1160	2138	6
1313	2097	13
1372	2130	13
1513	2073	13
1610	2099	16
1659	2106	16
1789	2093	16
1920	2112	16
1967	2093	16
2100	2095	9
2235	2088	9
2293	2091	9
2429	2098	9
2534	2108	9
2603	2120	9
2692	2098	9
2793	2081	9
2862	2142	9
3015	2089	9
3093	2117	9
-10	2162	11
96	2230	11
194	2210	11
273	2204	1
413	2169	11
481	2221	11
630	2245	11
675	2240	15
832	2221	13
861	2214	13
1006	2188	13
1113	2204	6
1206	2204	6
1311	2214	13
1398	2200	13
1514	2242	16
1612	2224	16
1691	2206	16
1807	2175	16
1905	2195	16
2013	2211	16
2061	2187	4
2213	2182	9
2302	2208	9
2390	2214	9
2479	2228	9
2570	2232	9
2677	2213	2
2822	2205	9
2920	2198	9
2996	2224	9
3096	2216	9
9	2297	11
104	2344	11
198	2303	1
297	2326	1
391	2270	1
485	2302	1
625	2295	15
700	2311	15
807	2325	15
904	2299	6
981	2279	6
1071	2310	6
1212	2305	6
1301	2303	6
1395	2283	6
1509	2327	16
1568	2279	16
1718	2290	16
1802	2302	4
1877	2309	4
2007	2271	4
2111	2318	4
2196	2280	9
2323	2340	9
2355	2274	9
2506	2307	9
2585	2318	9
2693	2323	2
2789	2292	9
2926	2290	2
3007	2301	9
3090	2297	9
2	2412	1
59	2379	1
202	2384	1
266	2376	1
400	2374	1
522	2397	1
560	2382	1
694	2400	15
780	2438	6
912	2382	6
988	2411	6
1059	2396	6
1171	2391	6
1291	2385	6
1371	2401	6
1521	2408	6
1607	2381	16
1703	2419	16
1821	2416	16
1946	2408	4
1989	2371	4
2118	2412	4
2174	2441	4
2313	2383	9
2439	2425	2
2478	2399	2
2557	2380	9
2705	2399	2
2805	2424	2
2924	2379	2
2991	2383	9
3107	2390	9
-2	2468	1
139	2504	1
218	2502	1
332	2452	1
403	2504	1
516	2498	1
602	2475	1
741	2505	1
811	2471	6
900	2539	6
951	2526	6
1089	2499	6
1214	2492	6
1263	2471	6
1438	2487	6
1478	2500	6
1630	2475	4
1708	2515	4
1785	2504	4
1901	2493	4
1989	2542	4
2070	2458	4
2206	2471	4
2299	2536	4
2412	2514	2
2491	2499	2
2607	2468	2
2690	2504	2
2753	2512	2
2867	2517	2
2977	2507	2
3100	2526	2
31	2601	1
115	2634	1
171	2635	1
285	2607	1
425	2555	1
479	2588	1
605	2591	1
693	2640	1
787	2615	6
885	2619	6
1010	2608	6
1096	2590	6
1173	2579	6
1333	2587	6
1421	2604	6
1478	2638	4
1624	2609	4
1668	2638	4
1781	2613	4
1907	2625	4
2029	2616	4
2100	2595	4
2175	2646	4
2283	2561	4
2398	2578	4
2511	2584	2
2562	2600	2
2662	2589	2
2785	2626	2
2935	2600	2
2990	2601	2
3099	2610	2
-25	2667	1
138	2700	1
168	2698	1
320	2696	1
424	2709	1
525	2701	1
612	2685	1
690	2688	1
795	2695	1
905	2662	6
1043	2698	6
1082	2679	6
1184	2688	6
1300	2721	6
1384	2710	6
1469	2740	4
1622	2710	4
1681	2695	4
1789	2713	4
1913	2695	4
2009	2713	4
2103	2727	4
2202	2719	4
2287	2674	4
2437	2706	2
2506	2679	2
2589	2675	2
2702	2687	2
2774	2668	2
2933	2698	2
3018	2702	2
3067	2713	2
-13	2783	1
68	2810	1
163	2806	1
302	2772	1
438	2798	1
498	2834	1
642	2816	1
729	2787	1
831	2788	1
880	2806	6
1008	2762	6
1120	2805	6
1196	2781	6
1323	2820	6
1383	2806	6
1491	2792	4
1614	2795	4
1701	2797	4
1788	2785	4
1882	2787	4
1996	2814	4
2059	2770	4
2199	2771	4
2297	2801	2
2398	2773	2
2502	2802	2
2609	2785	2
2705	2760	2
2809	2760	2
2891	2794	2
3038	2805	2
3121	2832	2
-22	2901	1
91	2881	1
198	2926	1
288	2929	1
364	2885	1
473	2881	1
613	2897	1
729	2933	1
800	2908	6
932	2916	6
1008	2919	6
1105	2866	6
1228	2911	6
1286	2901	6
1384	2906	6
1476	2880	4
1601	2892	4
1706	2905	4
1830	2906	4
1897	2878	4
2037	2886	4
2120	2930	4
2243	2903	2
2310	2886	2
2423	2924	2
2498	2864	2
2574	2935	2
2710	2908	2
2765	2925	2
2901	2884	2
3008	2901	2
3142	2909	2
8	3004	1
121	2990	1
178	3016	1
282	3004	1
439	2993	1
494	3022	1
610	2976	1
691	3043	1
768	2979	1
891	3005	6
1048	3018	6
1104	2968	6
1189	3019	6
1300	3019	6
1417	3030	6
1508	3000	6
1600	3021	4
1724	3003	4
1824	3000	4
1909	3009	4
1993	2970	4
2130	3001	4
2193	3003	4
2304	3004	2
2352	2998	2
2503	2969	2
2578	3015	2
2667	3005	2
2801	2996	2
2896	3018	2
2997	3015	2
3092	2988	2
22	3099	1
98	3071	1
208	3108	1
321	3141	1
360	3107	1
502	3121	1
607	3090	1
714	3102	1
788	3088	6
899	3136	6
974	3106	6
1096	3103	6
1158	3110	6
1324	3104	6
1414	3111	6
1509	3113	6
1627	3085	4
1690	3095	4
1777	3058	4
1864	3061	4
2021	3125	4
2070	3099	4
2238	3104	4
2314	3083	4
2359	3128	4
2494	3111	2
2606	3106	2
2692	3082	2
2808	3114	2
2889	3099	2
2998	3133	2
3108	3126	2

0 	 1 	134	23.00
0 	 32 	149	18.00
1 	 2 	214	21.00
2 	 3 	172	17.00
2 	 34 	231	18.00
3 	 4 	142	20.00
3 	 35 	214	17.00
4 	 5 	244	21.00
4 	 36 	125	17.00
5 	 6 	254	19.00
6 	 7 	183	20.00
7 	 8 	155	23.00
8 	 9 	140	19.00
8 	 40 	266	23.00
9 	 10 	150	19.00
9 	 41 	234	16.00
10 	 11 	247	24.00
12 	 13 	248	18.00
12 	 44 	231	24.00
13 	 14 	192	24.00
14 	 15 	263	22.00
15 	 16 	171	16.00
15 	 47 	270	18.00
16 	 17 	166	17.00
16 	 48 	233	23.00
17 	 18 	231	22.00
17 	 49 	128	19.00
18 	 19 	174	18.00
18 	 50 	242	16.00
19 	 20 	241	24.00
19 	 51 	207	23.00
20 	 21 	126	23.00
21 	 22 	269	19.00
21 	 53 	213	16.00
22 	 23 	275	22.00
22 	 54 	209	17.00
23 	 24 	269	18.00
23 	 55 	148	16.00
24 	 25 	158	24.00
24 	 56 	207	22.00
25 	 26 	228	16.00
25 	 57 	276	17.00
27 	 28 	274	22.00
27 	 59 	136	18.00
28 	 29 	181	23.00
29 	 30 	174	19.00
29 	 61 	131	22.00
30 	 31 	274	23.00
30 	 62 	174	20.00
31 	 63 	166	23.00
32 	 33 	196	17.00
32 	 64 	221	21.00
33 	 34 	222	21.00
33 	 65 	167	21.00
35 	 36 	272	19.00
36 	 37 	240	23.00
36 	 68 	164	18.00
37 	 38 	173	16.00
37 	 69 	127	22.00
38 	 39 	182	24.00
38 	 70 	158	17.00
39 	 40 	218	20.00
39 	 71 	250	17.00
40 	 41 	143	16.00
40 	 72 	142	16.00
41 	 42 	144	20.00
42 	 43 	256	22.00
42 	 74 	280	19.00
43 	 44 	274	19.00
43 	 75 	138	24.00
44 	 45 	209	19.00
44 	 76 	217	17.00
45 	 46 	164	19.00
46 	 47 	180	16.00
46 	 78 	139	20.00
47 	 48 	211	23.00
47 	 79 	156	24.00
48 	 49 	135	18.00
48 	 80 	183	20.00
49 	 50 	133	21.00
49 	 81 	200	17.00
50 	 51 	276	23.00
50 	 82 	257	20.00
51 	 52 	227	18.00
52 	 53 	247	16.00
52 	 84 	237	23.00
53 	 54 	207	21.00
53 	 85 	250	16.00
54 	 55 	189	23.00
54 	 86 	190	17.00
55 	 56 	244	23.00
55 	 87 	265	19.00
56 	 57 	178	18.00
57 	 58 	245	24.00
57 	 89 	231	23.00
58 	 59 	208	16.00
58 	 90 	195	22.00
60 	 61 	248	20.00
60 	 92 	122	20.00
61 	 62 	237	16.00
61 	 93 	233	19.00
62 	 63 	148	21.00
63 	 95 	152	16.00
64 	 65 	129	22.00
64 	 96 	139	17.00
65 	 66 	136	19.00
65 	 97 	274	16.00
66 	 67 	161	19.00
66 	 98 	145	21.00
67 	 99 	276	22.00
69 	 70 	178	22.00
69 	 101 	151	21.00
70 	 71 	206	24.00
70 	 102 	246	24.00
71 	 72 	196	18.00
72 	 73 	208	23.00
72 	 104 	223	20.00
73 	 74 	244	24.00
73 	 105 	146	16.00
75 	 76 	214	24.00
75 	 107 	149	18.00
76 	 77 	272	19.00
76 	 108 	132	18.00
77 	 78 	126	17.00
78 	 79 	254	21.00
78 	 110 	199	16.00
79 	 80 	164	22.00
79 	 111 	227	23.00
80 	 81 	197	16.00
82 	 83 	229	23.00
82 	 114 	133	19.00
83 	 115 	238	24.00
85 	 86 	265	24.00
85 	 117 	245	16.00
86 	 87 	170	22.00
86 	 118 	234	16.00
87 	 88 	210	22.00
87 	 119 	260	20.00
89 	 90 	217	18.00
89 	 121 	166	21.00
90 	 91 	123	24.00
90 	 122 	224	23.00
91 	 92 	129	16.00
91 	 123 	137	22.00
93 	 94 	157	23.00
93 	 125 	197	19.00
95 	 127 	222	23.00
96 	 97 	222	16.00
96 	 128 	186	20.00
97 	 98 	257	18.00
98 	 99 	221	17.00
100 	 101 	208	18.00
100 	 132 	124	23.00
101 	 102 	145	16.00
101 	 133 	256	24.00
102 	 103 	224	19.00
103 	 104 	240	19.00
104 	 105 	219	17.00
104 	 136 	254	24.00
105 	 106 	139	18.00
106 	 107 	264	22.00
106 	 138 	276	17.00
107 	 108 	246	18.00
107 	 139 	151	19.00
108 	 109 	244	20.00
109 	 110 	230	17.00
109 	 141 	200	22.00
110 	 111 	267	16.00
110 	 142 	254	16.00
111 	 112 	189	21.00
111 	 143 	262	17.00
113 	 114 	212	19.00
113 	 145 	239	22.00
114 	 115 	276	17.00
114 	 146 	269	18.00
115 	 116 	166	17.00
116 	 117 	165	19.00
117 	 118 	271	22.00
117 	 149 	266	21.00
118 	 119 	175	20.00
118 	 150 	141	24.00
119 	 120 	162	20.00
120 	 121 	135	16.00
120 	 152 	257	16.00
121 	 122 	219	17.00
121 	 153 	262	23.00
122 	 123 	125	16.00
122 	 154 	263	23.00
123 	 124 	232	23.00
123 	 155 	232	20.00
125 	 126 	151	24.00
126 	 127 	260	22.00
126 	 158 	261	23.00
127 	 159 	230	24.00
128 	 129 	213	19.00
129 	 130 	248	24.00
129 	 161 	167	19.00
130 	 131 	161	22.00
130 	 162 	237	16.00
131 	 132 	250	24.00
131 	 163 	207	24.00
132 	 133 	249	23.00
132 	 164 	194	22.00
133 	 134 	233	18.00
134 	 135 	215	17.00
135 	 136 	138	18.00
136 	 137 	265	24.00
136 	 168 	183	22.00
138 	 139 	181	21.00
139 	 140 	122	19.00
139 	 171 	182	17.00
140 	 141 	184	16.00
140 	 172 	202	22.00
141 	 142 	128	20.00
141 	 173 	127	24.00
142 	 143 	163	22.00
142 	 174 	207	16.00
143 	 144 	171	19.00
143 	 175 	212	24.00
144 	 145 	213	19.00
144 	 176 	157	24.00
145 	 146 	184	17.00
145 	 177 	231	19.00
146 	 147 	152	17.00
146 	 178 	204	20.00
147 	 148 	280	22.00
147 	 179 	274	16.00
149 	 150 	279	17.00
150 	 151 	220	22.00
151 	 152 	123	22.00
151 	 183 	279	20.00
152 	 153 	151	16.00
152 	 184 	158	16.00
153 	 154 	239	20.00
154 	 155 	142	24.00
154 	 186 	134	20.00
155 	 156 	269	24.00
156 	 157 	273	22.00
156 	 188 	165	21.00
157 	 158 	227	17.00
158 	 159 	165	20.00
159 	 191 	216	24.00
160 	 161 	253	20.00
160 	 192 	183	21.00
161 	 162 	233	20.00
162 	 163 	221	19.00
162 	 194 	136	24.00
163 	 164 	155	17.00
164 	 165 	232	23.00
165 	 166 	198	22.00
165 	 197 	260	19.00
166 	 167 	191	21.00
166 	 198 	188	20.00
167 	 168 	274	22.00
167 	 199 	225	17.00
168 	 169 	138	17.00
168 	 200 	245	24.00
169 	 170 	234	17.00
169 	 201 	194	19.00
170 	 171 	144	20.00
171 	 172 	162	19.00
171 	 203 	183	21.00
172 	 173 	248	18.00
172 	 204 	245	22.00
173 	 174 	149	22.00
173 	 205 	150	17.00
174 	 175 	167	18.00
174 	 206 	240	17.00
176 	 177 	260	24.00
177 	 178 	154	21.00
177 	 209 	192	23.00
179 	 180 	277	20.00
180 	 181 	127	19.00
180 	 212 	177	16.00
181 	 182 	239	17.00
181 	 213 	272	22.00
182 	 183 	242	24.00
182 	 214 	171	20.00
183 	 184 	148	17.00
183 	 215 	143	22.00
184 	 185 	256	20.00
184 	 216 	258	24.00
187 	 188 	196	17.00
187 	 219 	272	20.00
188 	 189 	237	16.00
189 	 190 	190	17.00
189 	 221 	221	22.00
190 	 191 	261	22.00
190 	 222 	163	16.00
191 	 223 	131	19.00
192 	 193 	265	22.00
192 	 224 	255	17.00
193 	 194 	227	16.00
193 	 225 	266	19.00
194 	 195 	213	21.00
194 	 226 	195	20.00
195 	 196 	158	19.00
196 	 197 	277	20.00
197 	 198 	224	23.00
197 	 229 	263	24.00
198 	 199 	129	23.00
199 	 200 	153	16.00
200 	 201 	168	19.00
200 	 232 	162	22.00
201 	 202 	262	22.00
202 	 203 	237	21.00
202 	 234 	277	16.00
203 	 204 	145	21.00
203 	 235 	270	24.00
204 	 205 	251	24.00
204 	 236 	180	24.00
206 	 207 	234	23.00
206 	 238 	220	22.00
207 	 208 	231	21.00
207 	 239 	123	18.00
208 	 209 	212	19.00
209 	 210 	198	22.00
209 	 241 	154	19.00
210 	 211 	155	19.00
210 	 242 	265	21.00
211 	 243 	270	20.00
213 	 214 	163	18.00
213 	 245 	242	17.00
214 	 215 	257	21.00
214 	 246 	275	18.00
215 	 216 	175	16.00
215 	 247 	197	21.00
217 	 218 	206	20.00
217 	 249 	173	21.00
218 	 219 	224	21.00
218 	 250 	275	21.00
219 	 220 	196	17.00
219 	 251 	229	19.00
220 	 221 	214	24.00
220 	 252 	277	17.00
221 	 222 	241	21.00
221 	 253 	232	17.00
222 	 223 	268	20.00
223 	 255 	230	24.00
224 	 225 	266	17.00
225 	 226 	126	22.00
226 	 227 	165	22.00
227 	 228 	195	22.00
227 	 259 	199	19.00
228 	 229 	135	19.00
228 	 260 	190	23.00
229 	 230 	182	16.00
229 	 261 	251	21.00
230 	 231 	268	20.00
231 	 232 	240	20.00
231 	 263 	156	24.00
232 	 233 	185	19.00
233 	 234 	136	21.00
234 	 235 	211	16.00
234 	 266 	189	22.00
235 	 236 	267	24.00
235 	 267 	217	18.00
237 	 238 	125	21.00
237 	 269 	264	23.00
238 	 239 	259	16.00
238 	 270 	125	21.00
239 	 240 	138	16.00
240 	 241 	267	24.00
242 	 243 	123	16.00
242 	 274 	222	24.00
243 	 244 	171	23.00
243 	 275 	217	17.00
244 	 245 	176	22.00
244 	 276 	123	17.00
245 	 246 	270	20.00
245 	 277 	194	17.00
246 	 247 	247	17.00
247 	 248 	183	21.00
247 	 279 	212	21.00
248 	 249 	235	19.00
249 	 250 	182	17.00
249 	 281 	250	20.00
250 	 251 	171	21.00
250 	 282 	214	18.00
251 	 252 	256	20.00
252 	 253 	160	19.00
253 	 254 	245	22.00
253 	 285 	193	22.00
254 	 255 	170	20.00
256 	 257 	174	19.00
256 	 288 	279	16.00
257 	 258 	280	18.00
257 	 289 	257	20.00
258 	 259 	261	17.00
259 	 260 	124	21.00
259 	 291 	169	24.00
262 	 263 	241	19.00
262 	 294 	187	23.00
263 	 264 	235	21.00
263 	 295 	229	21.00
264 	 265 	176	20.00
264 	 296 	156	16.00
266 	 267 	210	21.00
267 	 268 	278	20.00
267 	 299 	212	17.00
268 	 269 	160	24.00
268 	 300 	173	23.00
269 	 270 	218	23.00
269 	 301 	227	16.00
270 	 271 	247	20.00
271 	 272 	142	17.00
271 	 303 	274	16.00
273 	 274 	251	23.00
274 	 275 	237	22.00
274 	 306 	261	17.00
275 	 276 	230	16.00
275 	 307 	137	17.00
276 	 277 	211	24.00
276 	 308 	161	19.00
277 	 278 	257	22.00
278 	 279 	194	20.00
278 	 310 	220	23.00
279 	 280 	186	16.00
280 	 281 	165	18.00
280 	 312 	273	21.00
281 	 282 	139	23.00
283 	 284 	141	16.00
283 	 315 	128	21.00
284 	 285 	250	24.00
285 	 286 	221	17.00
285 	 317 	201	16.00
286 	 287 	218	16.00
286 	 318 	208	21.00
288 	 289 	168	21.00
288 	 320 	137	21.00
289 	 290 	164	17.00
290 	 291 	150	16.00
290 	 322 	201	18.00
292 	 293 	138	18.00
292 	 324 	233	23.00
293 	 294 	192	18.00
294 	 295 	218	19.00
294 	 326 	213	23.00
295 	 296 	213	23.00
295 	 327 	222	22.00
296 	 297 	249	16.00
296 	 328 	183	21.00
297 	 298 	162	19.00
298 	 299 	193	20.00
298 	 330 	252	24.00
299 	 300 	183	21.00
299 	 331 	264	16.00
300 	 301 	134	22.00
300 	 332 	181	22.00
301 	 302 	220	22.00
301 	 333 	264	17.00
302 	 303 	232	22.00
303 	 304 	124	24.00
303 	 335 	198	21.00
304 	 305 	168	17.00
304 	 336 	122	23.00
305 	 306 	144	19.00
305 	 337 	181	22.00
306 	 307 	139	22.00
307 	 308 	127	24.00
307 	 339 	168	23.00
308 	 309 	271	20.00
308 	 340 	195	20.00
309 	 310 	236	16.00
310 	 311 	229	22.00
310 	 342 	263	23.00
311 	 312 	212	17.00
311 	 343 	202	19.00
312 	 313 	205	22.00
313 	 314 	146	21.00
313 	 345 	255	20.00
314 	 315 	133	19.00
315 	 316 	136	18.00
317 	 318 	135	16.00
318 	 319 	129	16.00
318 	 350 	174	19.00
319 	 351 	148	22.00
320 	 321 	274	16.00
320 	 352 	263	22.00
321 	 322 	172	19.00
321 	 353 	255	23.00
322 	 323 	253	21.00
322 	 354 	185	24.00
323 	 324 	188	24.00
323 	 355 	121	18.00
324 	 325 	183	20.00
325 	 326 	259	20.00
326 	 327 	174	16.00
327 	 328 	259	21.00
327 	 359 	235	19.00
328 	 329 	262	22.00
329 	 330 	155	21.00
330 	 331 	221	16.00
330 	 362 	244	21.00
331 	 332 	144	23.00
331 	 363 	126	24.00
332 	 333 	211	16.00
333 	 334 	259	22.00
333 	 365 	254	22.00
334 	 335 	215	19.00
334 	 366 	202	24.00
335 	 336 	245	17.00
335 	 367 	184	20.00
336 	 337 	206	23.00
337 	 338 	261	23.00
337 	 369 	206	20.00
338 	 339 	235	23.00
338 	 370 	196	24.00
339 	 340 	194	23.00
340 	 341 	195	17.00
340 	 372 	195	16.00
341 	 342 	148	16.00
341 	 373 	234	20.00
342 	 343 	164	16.00
342 	 374 	146	17.00
343 	 344 	249	22.00
343 	 375 	177	22.00
344 	 345 	184	21.00
344 	 376 	210	21.00
345 	 346 	222	21.00
347 	 348 	127	16.00
347 	 379 	269	19.00
348 	 349 	267	24.00
349 	 350 	261	21.00
350 	 351 	245	23.00
351 	 383 	152	17.00
352 	 353 	279	16.00
352 	 384 	155	16.00
353 	 354 	186	18.00
353 	 385 	251	17.00
354 	 355 	148	18.00
354 	 386 	207	23.00
355 	 356 	195	21.00
355 	 387 	153	17.00
356 	 357 	229	18.00
357 	 358 	233	18.00
357 	 389 	278	18.00
359 	 360 	126	24.00
360 	 361 	217	16.00
360 	 392 	190	21.00
361 	 362 	156	18.00
361 	 393 	225	21.00
362 	 363 	143	23.00
363 	 364 	180	18.00
363 	 395 	140	22.00
364 	 365 	259	24.00
365 	 366 	261	23.00
365 	 397 	203	17.00
366 	 367 	277	22.00
366 	 398 	258	22.00
367 	 368 	280	20.00
368 	 369 	176	19.00
368 	 400 	239	21.00
369 	 370 	127	24.00
369 	 401 	192	17.00
370 	 371 	274	19.00
370 	 402 	203	21.00
371 	 372 	250	20.00
371 	 403 	204	19.00
372 	 373 	200	20.00
372 	 404 	139	23.00
373 	 374 	254	21.00
374 	 375 	167	18.00
374 	 406 	246	23.00
375 	 376 	188	18.00
375 	 407 	169	16.00
376 	 377 	166	20.00
376 	 408 	131	22.00
377 	 378 	264	20.00
377 	 409 	189	19.00
378 	 379 	238	23.00
378 	 410 	269	21.00
379 	 380 	220	20.00
379 	 411 	131	24.00
380 	 381 	211	19.00
380 	 412 	123	21.00
381 	 382 	192	16.00
381 	 413 	120	16.00
382 	 383 	221	16.00
383 	 415 	159	16.00
384 	 385 	171	17.00
384 	 416 	242	24.00
385 	 386 	138	21.00
385 	 417 	213	17.00
387 	 388 	131	23.00
387 	 419 	155	21.00
388 	 389 	276	20.00
389 	 390 	170	17.00
389 	 421 	167	24.00
390 	 391 	183	17.00
390 	 422 	214	21.00
391 	 392 	271	18.00
391 	 423 	266	23.00
392 	 393 	224	22.00
392 	 424 	202	22.00
393 	 394 	158	19.00
393 	 425 	258	24.00
394 	 395 	201	20.00
395 	 396 	224	22.00
395 	 427 	224	22.00
396 	 397 	257	19.00
396 	 428 	140	17.00
397 	 398 	155	19.00
397 	 429 	273	20.00
398 	 399 	153	17.00
398 	 430 	215	18.00
399 	 400 	267	22.00
399 	 431 	206	21.00
400 	 401 	123	19.00
400 	 432 	224	19.00
401 	 402 	212	23.00
401 	 433 	237	23.00
402 	 403 	120	17.00
402 	 434 	192	21.00
403 	 404 	196	20.00
403 	 435 	132	19.00
404 	 405 	176	22.00
404 	 436 	168	24.00
405 	 406 	159	24.00
405 	 437 	148	19.00
406 	 407 	258	17.00
407 	 408 	247	21.00
407 	 439 	177	19.00
408 	 409 	202	16.00
408 	 440 	136	16.00
409 	 410 	200	20.00
410 	 411 	132	24.00
410 	 442 	217	21.00
411 	 412 	154	22.00
411 	 443 	164	22.00
412 	 413 	221	18.00
412 	 444 	171	16.00
413 	 414 	220	17.00
413 	 445 	260	21.00
414 	 415 	168	17.00
414 	 446 	179	17.00
415 	 447 	236	16.00
416 	 417 	229	19.00
416 	 448 	237	24.00
417 	 418 	156	21.00
417 	 449 	219	20.00
418 	 419 	198	21.00
418 	 450 	265	24.00
419 	 420 	167	24.00
420 	 421 	134	20.00
420 	 452 	165	20.00
421 	 422 	266	22.00
421 	 453 	254	16.00
422 	 423 	269	23.00
422 	 454 	274	20.00
423 	 424 	173	22.00
423 	 455 	240	24.00
424 	 425 	184	23.00
424 	 456 	254	19.00
425 	 426 	230	16.00
427 	 428 	161	16.00
428 	 429 	121	22.00
429 	 430 	225	18.00
430 	 462 	155	24.00
432 	 433 	132	16.00
432 	 464 	183	19.00
433 	 434 	124	19.00
433 	 465 	198	19.00
434 	 435 	201	20.00
434 	 466 	271	16.00
435 	 436 	123	19.00
435 	 467 	252	23.00
436 	 437 	223	22.00
438 	 439 	146	18.00
438 	 470 	278	23.00
439 	 440 	162	24.00
439 	 471 	194	16.00
440 	 441 	258	17.00
440 	 472 	193	23.00
441 	 442 	220	17.00
441 	 473 	135	24.00
442 	 443 	146	18.00
442 	 474 	192	18.00
443 	 444 	127	17.00
443 	 475 	186	19.00
445 	 477 	216	19.00
447 	 479 	138	20.00
448 	 449 	164	16.00
448 	 480 	122	17.00
449 	 450 	132	18.00
449 	 481 	155	18.00
450 	 451 	227	22.00
450 	 482 	170	21.00
451 	 452 	235	19.00
451 	 483 	137	20.00
452 	 453 	195	16.00
452 	 484 	192	23.00
453 	 454 	237	16.00
454 	 455 	202	21.00
454 	 486 	248	22.00
455 	 456 	277	20.00
455 	 487 	230	19.00
456 	 457 	259	24.00
456 	 488 	263	24.00
457 	 458 	171	23.00
457 	 489 	275	24.00
458 	 459 	269	21.00
458 	 490 	224	24.00
459 	 460 	185	20.00
459 	 491 	173	19.00
460 	 461 	202	23.00
460 	 492 	254	22.00
461 	 462 	251	20.00
461 	 493 	226	18.00
462 	 463 	132	19.00
462 	 494 	143	16.00
463 	 464 	188	19.00
463 	 495 	174	16.00
464 	 465 	171	23.00
464 	 496 	196	18.00
465 	 466 	151	17.00
466 	 467 	271	19.00
466 	 498 	126	19.00
468 	 469 	245	24.00
468 	 500 	187	17.00
469 	 470 	141	16.00
470 	 471 	231	17.00
470 	 502 	192	19.00
471 	 472 	241	16.00
472 	 473 	208	19.00
474 	 475 	180	23.00
475 	 476 	252	20.00
475 	 507 	141	23.00
477 	 478 	145	19.00
477 	 509 	228	16.00
478 	 479 	280	24.00
478 	 510 	274	16.00
479 	 511 	250	22.00
480 	 481 	262	22.00
480 	 512 	225	24.00
481 	 482 	153	23.00
481 	 513 	184	22.00
482 	 483 	194	19.00
482 	 514 	161	19.00
483 	 484 	229	16.00
484 	 485 	167	16.00
485 	 486 	238	24.00
486 	 487 	176	22.00
486 	 518 	166	22.00
487 	 488 	201	24.00
488 	 489 	237	22.00
490 	 491 	208	17.00
493 	 494 	210	18.00
494 	 495 	277	23.00
494 	 526 	146	19.00
495 	 496 	130	24.00
496 	 497 	201	22.00
496 	 528 	213	23.00
499 	 500 	271	17.00
500 	 501 	205	20.00
500 	 532 	126	19.00
502 	 503 	185	16.00
502 	 534 	194	20.00
503 	 504 	224	21.00
503 	 535 	202	16.00
504 	 505 	256	16.00
504 	 536 	240	16.00
505 	 506 	233	20.00
508 	 509 	177	23.00
509 	 510 	193	18.00
509 	 541 	249	18.00
510 	 511 	255	17.00
510 	 542 	229	17.00
512 	 513 	147	20.00
512 	 544 	232	23.00
513 	 514 	133	19.00
513 	 545 	136	17.00
514 	 515 	251	24.00
514 	 546 	164	24.00
515 	 516 	169	24.00
515 	 547 	244	24.00
516 	 517 	204	22.00
516 	 548 	260	21.00
518 	 519 	256	20.00
518 	 550 	255	24.00
519 	 520 	142	17.00
521 	 522 	171	17.00
521 	 553 	133	21.00
522 	 523 	123	24.00
522 	 554 	164	19.00
523 	 524 	154	21.00
523 	 555 	252	23.00
524 	 525 	215	19.00
524 	 556 	144	24.00
525 	 526 	179	19.00
525 	 557 	208	23.00
526 	 527 	243	18.00
526 	 558 	173	22.00
527 	 528 	252	18.00
528 	 529 	159	20.00
528 	 560 	155	24.00
530 	 531 	125	22.00
530 	 562 	214	20.00
531 	 532 	168	20.00
531 	 563 	260	24.00
532 	 533 	246	19.00
532 	 564 	202	17.00
533 	 534 	168	19.00
533 	 565 	225	20.00
534 	 535 	275	20.00
534 	 566 	209	23.00
535 	 536 	122	20.00
535 	 567 	188	16.00
536 	 537 	132	24.00
537 	 538 	165	20.00
537 	 569 	172	18.00
538 	 539 	149	22.00
538 	 570 	191	16.00
540 	 541 	198	18.00
540 	 572 	238	19.00
541 	 542 	245	19.00
541 	 573 	221	21.00
542 	 543 	254	19.00
542 	 574 	151	16.00
545 	 546 	212	24.00
546 	 547 	140	20.00
546 	 578 	178	21.00
547 	 548 	180	20.00
549 	 550 	182	21.00
550 	 551 	131	22.00
550 	 582 	153	23.00
551 	 552 	155	17.00
551 	 583 	205	16.00
552 	 553 	140	24.00
552 	 584 	252	24.00
553 	 554 	257	22.00
554 	 555 	207	18.00
555 	 556 	259	18.00
556 	 557 	190	16.00
556 	 588 	233	24.00
557 	 558 	269	21.00
558 	 559 	234	24.00
558 	 590 	191	18.00
559 	 560 	201	21.00
559 	 591 	204	24.00
560 	 561 	250	16.00
565 	 566 	147	20.00
565 	 597 	246	19.00
566 	 567 	268	21.00
566 	 598 	182	17.00
567 	 568 	239	18.00
567 	 599 	258	17.00
568 	 569 	192	22.00
568 	 600 	169	24.00
569 	 570 	225	21.00
571 	 572 	264	18.00
571 	 603 	239	18.00
572 	 573 	218	21.00
572 	 604 	278	18.00
573 	 574 	251	23.00
575 	 607 	205	18.00
576 	 577 	269	18.00
576 	 608 	130	17.00
578 	 579 	185	16.00
578 	 610 	225	18.00
579 	 580 	230	16.00
579 	 611 	133	16.00
580 	 581 	241	24.00
580 	 612 	144	18.00
581 	 582 	274	16.00
581 	 613 	173	18.00
582 	 583 	254	17.00
582 	 614 	269	21.00
584 	 585 	269	16.00
585 	 586 	221	20.00
585 	 617 	199	24.00
586 	 587 	201	17.00
586 	 618 	224	24.00
587 	 588 	197	18.00
587 	 619 	138	23.00
588 	 589 	235	20.00
588 	 620 	128	22.00
589 	 590 	165	21.00
589 	 621 	145	19.00
590 	 591 	274	22.00
591 	 592 	259	23.00
591 	 623 	165	19.00
592 	 593 	151	18.00
592 	 624 	191	19.00
593 	 594 	253	22.00
593 	 625 	191	18.00
594 	 595 	128	17.00
594 	 626 	248	22.00
595 	 596 	230	17.00
595 	 627 	231	24.00
596 	 597 	260	20.00
597 	 598 	249	20.00
598 	 599 	159	23.00
598 	 630 	280	22.00
599 	 600 	211	20.00
600 	 601 	186	22.00
600 	 632 	171	22.00
601 	 602 	123	16.00
601 	 633 	270	16.00
603 	 604 	209	17.00
604 	 605 	243	16.00
604 	 636 	262	20.00
605 	 606 	172	22.00
605 	 637 	133	19.00
606 	 607 	270	23.00
606 	 638 	271	22.00
608 	 609 	210	23.00
608 	 640 	262	16.00
609 	 610 	193	19.00
610 	 611 	147	17.00
611 	 612 	138	18.00
612 	 613 	224	17.00
613 	 614 	159	23.00
614 	 615 	161	16.00
614 	 646 	278	16.00
615 	 616 	169	20.00
616 	 617 	158	17.00
616 	 648 	160	16.00
617 	 618 	269	22.00
618 	 619 	179	24.00
618 	 650 	163	17.00
619 	 620 	160	24.00
619 	 651 	242	23.00
620 	 621 	248	22.00
620 	 652 	236	19.00
621 	 622 	184	17.00
621 	 653 	142	17.00
622 	 623 	180	19.00
622 	 654 	224	19.00
623 	 624 	226	22.00
623 	 655 	142	22.00
624 	 625 	267	22.00
625 	 626 	186	17.00
625 	 657 	121	20.00
626 	 627 	203	22.00
626 	 658 	226	16.00
627 	 628 	207	19.00
627 	 659 	127	20.00
628 	 629 	194	20.00
628 	 660 	277	16.00
629 	 630 	174	21.00
630 	 631 	144	24.00
630 	 662 	170	24.00
631 	 632 	244	21.00
632 	 633 	238	21.00
633 	 634 	157	24.00
634 	 635 	274	24.00
634 	 666 	190	17.00
635 	 636 	169	20.00
636 	 637 	151	24.00
637 	 638 	227	20.00
637 	 669 	267	23.00
638 	 639 	135	19.00
640 	 641 	199	22.00
641 	 642 	124	22.00
641 	 673 	168	18.00
642 	 643 	156	23.00
643 	 644 	266	17.00
644 	 645 	187	16.00
644 	 676 	256	21.00
646 	 647 	156	21.00
646 	 678 	223	23.00
647 	 648 	229	17.00
648 	 649 	203	16.00
648 	 680 	183	19.00
649 	 650 	124	17.00
649 	 681 	227	16.00
650 	 651 	203	19.00
650 	 682 	125	24.00
651 	 652 	136	16.00
651 	 683 	160	16.00
652 	 653 	258	16.00
652 	 684 	232	21.00
653 	 654 	147	19.00
653 	 685 	209	24.00
654 	 655 	219	24.00
654 	 686 	133	24.00
655 	 656 	187	22.00
655 	 687 	160	20.00
656 	 657 	255	19.00
657 	 658 	258	20.00
657 	 689 	266	20.00
658 	 659 	180	24.00
658 	 690 	154	24.00
659 	 660 	238	21.00
659 	 691 	130	24.00
660 	 661 	177	19.00
660 	 692 	247	19.00
662 	 663 	250	24.00
662 	 694 	276	21.00
663 	 664 	165	19.00
664 	 665 	211	16.00
665 	 666 	127	23.00
666 	 667 	239	19.00
668 	 669 	205	18.00
668 	 700 	216	24.00
669 	 670 	222	18.00
669 	 701 	142	20.00
670 	 671 	124	22.00
671 	 703 	261	24.00
672 	 673 	193	19.00
672 	 704 	259	22.00
673 	 674 	277	19.00
674 	 675 	240	21.00
675 	 676 	176	18.00
676 	 677 	256	19.00
676 	 708 	279	21.00
677 	 678 	196	19.00
677 	 709 	209	21.00
678 	 679 	199	21.00
678 	 710 	179	18.00
679 	 680 	211	17.00
679 	 711 	211	20.00
681 	 682 	210	23.00
681 	 713 	224	16.00
682 	 683 	225	21.00
683 	 684 	199	18.00
683 	 715 	230	22.00
685 	 686 	131	20.00
685 	 717 	120	24.00
686 	 687 	234	20.00
686 	 718 	128	17.00
687 	 688 	166	18.00
687 	 719 	188	19.00
688 	 689 	133	24.00
688 	 720 	123	20.00
689 	 690 	271	19.00
689 	 721 	160	18.00
690 	 691 	131	19.00
691 	 692 	134	24.00
693 	 694 	185	19.00
693 	 725 	121	24.00
694 	 695 	148	21.00
694 	 726 	238	16.00
695 	 696 	218	22.00
695 	 727 	246	19.00
696 	 697 	197	20.00
697 	 698 	217	18.00
697 	 729 	127	21.00
698 	 699 	239	16.00
698 	 730 	275	23.00
701 	 702 	184	21.00
702 	 703 	182	22.00
702 	 734 	121	20.00
703 	 735 	186	21.00
704 	 705 	229	23.00
704 	 736 	194	18.00
705 	 706 	126	24.00
705 	 737 	260	17.00
706 	 707 	235	22.00
707 	 708 	223	24.00
707 	 739 	193	21.00
708 	 709 	250	22.00
708 	 740 	268	21.00
709 	 710 	146	22.00
710 	 711 	156	20.00
710 	 742 	268	24.00
711 	 712 	120	19.00
711 	 743 	204	19.00
712 	 713 	182	22.00
712 	 744 	178	22.00
713 	 714 	187	18.00
713 	 745 	273	18.00
714 	 715 	222	20.00
715 	 716 	158	20.00
716 	 717 	246	22.00
716 	 748 	222	16.00
717 	 718 	176	17.00
718 	 719 	236	19.00
718 	 750 	120	21.00
719 	 720 	172	23.00
720 	 721 	274	22.00
720 	 752 	139	21.00
721 	 722 	170	23.00
722 	 723 	276	17.00
723 	 724 	134	19.00
723 	 755 	229	17.00
724 	 725 	162	19.00
725 	 726 	236	24.00
725 	 757 	135	16.00
726 	 727 	267	17.00
726 	 758 	267	24.00
727 	 728 	206	16.00
727 	 759 	123	23.00
728 	 729 	136	18.00
728 	 760 	237	20.00
729 	 730 	232	18.00
730 	 731 	138	19.00
730 	 762 	141	17.00
731 	 732 	277	16.00
731 	 763 	172	20.00
732 	 733 	136	19.00
733 	 734 	244	16.00
733 	 765 	246	22.00
734 	 735 	128	19.00
735 	 767 	238	19.00
736 	 737 	165	19.00
736 	 768 	252	20.00
737 	 738 	171	18.00
738 	 739 	139	18.00
738 	 770 	224	23.00
740 	 741 	162	20.00
741 	 742 	205	24.00
742 	 743 	206	18.00
742 	 774 	136	22.00
743 	 744 	220	23.00
743 	 775 	188	17.00
744 	 745 	205	20.00
744 	 776 	179	24.00
745 	 746 	151	20.00
746 	 747 	260	20.00
746 	 778 	269	23.00
747 	 748 	191	21.00
747 	 779 	148	21.00
748 	 749 	263	24.00
749 	 750 	242	17.00
749 	 781 	189	19.00
750 	 751 	254	22.00
751 	 752 	211	18.00
751 	 783 	150	18.00
752 	 753 	184	19.00
752 	 784 	225	16.00
753 	 754 	151	22.00
754 	 755 	237	21.00
754 	 786 	199	17.00
755 	 756 	194	23.00
755 	 787 	130	22.00
756 	 757 	198	23.00
757 	 758 	224	21.00
757 	 789 	270	21.00
758 	 759 	136	19.00
759 	 760 	156	18.00
759 	 791 	209	18.00
760 	 761 	242	16.00
761 	 762 	158	18.00
761 	 793 	124	24.00
764 	 765 	221	22.00
764 	 796 	172	24.00
765 	 766 	231	23.00
766 	 767 	140	16.00
766 	 798 	195	23.00
767 	 799 	270	19.00
768 	 769 	197	20.00
769 	 770 	120	20.00
770 	 771 	216	17.00
771 	 772 	217	21.00
771 	 803 	208	23.00
772 	 773 	155	17.00
773 	 774 	244	16.00
773 	 805 	128	24.00
774 	 775 	140	19.00
774 	 806 	122	24.00
775 	 776 	139	19.00
775 	 807 	152	19.00
776 	 777 	199	22.00
776 	 808 	141	23.00
777 	 778 	145	23.00
777 	 809 	204	22.00
778 	 779 	276	16.00
778 	 810 	211	17.00
780 	 781 	193	23.00
781 	 782 	242	20.00
781 	 813 	187	17.00
782 	 783 	223	24.00
782 	 814 	246	21.00
783 	 784 	213	21.00
783 	 815 	131	22.00
784 	 785 	211	18.00
784 	 816 	250	22.00
785 	 786 	161	23.00
785 	 817 	240	16.00
786 	 787 	122	20.00
787 	 788 	163	17.00
788 	 789 	139	18.00
789 	 790 	159	22.00
790 	 791 	279	21.00
791 	 792 	240	16.00
792 	 793 	142	24.00
793 	 794 	265	22.00
793 	 825 	198	19.00
794 	 795 	223	18.00
794 	 826 	276	22.00
795 	 796 	252	17.00
796 	 797 	259	19.00
797 	 798 	125	18.00
797 	 829 	250	19.00
798 	 799 	200	23.00
800 	 801 	125	24.00
800 	 832 	224	24.00
801 	 802 	121	21.00
801 	 833 	276	16.00
802 	 803 	164	22.00
802 	 834 	153	18.00
803 	 804 	227	18.00
803 	 835 	127	21.00
804 	 805 	173	19.00
804 	 836 	185	22.00
805 	 806 	223	16.00
806 	 807 	256	16.00
806 	 838 	216	17.00
807 	 808 	202	16.00
808 	 809 	170	20.00
808 	 840 	125	16.00
810 	 811 	160	16.00
810 	 842 	215	23.00
811 	 812 	178	17.00
811 	 843 	234	23.00
812 	 813 	202	16.00
812 	 844 	186	24.00
813 	 814 	245	16.00
814 	 815 	200	23.00
814 	 846 	142	19.00
815 	 816 	166	21.00
816 	 817 	224	21.00
816 	 848 	155	18.00
817 	 818 	258	24.00
817 	 849 	196	17.00
818 	 819 	142	24.00
819 	 820 	274	22.00
819 	 851 	241	16.00
820 	 821 	247	19.00
820 	 852 	207	18.00
821 	 822 	182	19.00
822 	 823 	201	16.00
823 	 824 	248	23.00
823 	 855 	214	22.00
824 	 825 	222	19.00
824 	 856 	134	23.00
825 	 826 	249	24.00
825 	 857 	169	24.00
826 	 827 	246	18.00
827 	 828 	224	23.00
828 	 829 	211	16.00
828 	 860 	264	22.00
829 	 830 	185	21.00
829 	 861 	277	24.00
830 	 831 	169	21.00
830 	 862 	165	18.00
832 	 833 	140	22.00
832 	 864 	201	22.00
833 	 834 	204	22.00
833 	 865 	189	20.00
834 	 835 	179	21.00
835 	 836 	191	18.00
836 	 837 	189	16.00
836 	 868 	267	21.00
837 	 838 	146	21.00
837 	 869 	161	24.00
838 	 839 	122	18.00
838 	 870 	261	24.00
839 	 840 	202	16.00
839 	 871 	167	16.00
841 	 842 	180	20.00
842 	 843 	150	23.00
842 	 874 	241	24.00
843 	 844 	258	20.00
844 	 845 	224	19.00
845 	 877 	213	16.00
847 	 848 	269	20.00
848 	 849 	272	18.00
848 	 880 	189	18.00
849 	 850 	207	20.00
850 	 851 	203	23.00
850 	 882 	250	17.00
851 	 852 	143	20.00
852 	 853 	187	22.00
853 	 854 	228	22.00
853 	 885 	203	24.00
854 	 855 	273	21.00
854 	 886 	272	20.00
855 	 856 	169	21.00
856 	 857 	122	18.00
856 	 888 	207	17.00
857 	 858 	165	20.00
857 	 889 	229	17.00
858 	 859 	177	21.00
858 	 890 	212	20.00
859 	 860 	130	17.00
859 	 891 	169	19.00
861 	 862 	220	18.00
861 	 893 	268	24.00
862 	 863 	257	17.00
862 	 894 	123	18.00
863 	 895 	265	20.00
864 	 865 	249	22.00
865 	 866 	208	20.00
865 	 897 	193	18.00
866 	 867 	236	22.00
866 	 898 	197	19.00
867 	 868 	271	16.00
869 	 870 	277	18.00
869 	 901 	243	17.00
870 	 871 	147	23.00
871 	 872 	279	24.00
872 	 873 	217	23.00
872 	 904 	182	16.00
874 	 875 	149	19.00
874 	 906 	169	22.00
875 	 876 	192	24.00
876 	 877 	160	23.00
876 	 908 	161	17.00
877 	 878 	128	22.00
878 	 879 	252	24.00
878 	 910 	178	20.00
879 	 880 	267	22.00
879 	 911 	146	22.00
880 	 881 	224	17.00
881 	 882 	220	22.00
881 	 913 	251	22.00
882 	 883 	259	24.00
882 	 914 	135	17.00
884 	 885 	254	21.00
884 	 916 	235	16.00
885 	 886 	153	20.00
885 	 917 	181	23.00
887 	 888 	195	19.00
887 	 919 	245	16.00
888 	 889 	139	23.00
888 	 920 	274	22.00
889 	 890 	134	17.00
890 	 891 	188	21.00
890 	 922 	157	18.00
891 	 892 	240	20.00
891 	 923 	210	16.00
893 	 894 	167	18.00
893 	 925 	256	19.00
894 	 895 	267	22.00
896 	 897 	120	19.00
896 	 928 	204	23.00
897 	 898 	204	18.00
897 	 929 	245	20.00
898 	 899 	168	21.00
898 	 930 	274	20.00
899 	 900 	194	17.00
900 	 901 	150	20.00
901 	 902 	261	19.00
901 	 933 	147	23.00
903 	 904 	228	19.00
903 	 935 	218	22.00
904 	 905 	280	16.00
904 	 936 	158	16.00
905 	 906 	239	20.00
905 	 937 	266	16.00
906 	 907 	258	24.00
906 	 938 	177	20.00
907 	 908 	223	22.00
907 	 939 	235	19.00
908 	 909 	155	22.00
910 	 911 	147	21.00
911 	 912 	167	16.00
912 	 913 	264	22.00
912 	 944 	207	20.00
913 	 914 	277	19.00
913 	 945 	253	22.00
914 	 915 	268	20.00
914 	 946 	260	17.00
915 	 916 	188	19.00
917 	 918 	212	24.00
917 	 949 	225	20.00
918 	 919 	273	22.00
919 	 920 	280	17.00
919 	 951 	269	16.00
920 	 921 	185	17.00
921 	 922 	270	23.00
921 	 953 	196	19.00
922 	 923 	233	16.00
923 	 924 	229	17.00
924 	 925 	148	17.00
924 	 956 	142	21.00
925 	 926 	250	18.00
925 	 957 	218	19.00
926 	 927 	267	16.00
926 	 958 	176	18.00
928 	 929 	256	20.00
929 	 930 	204	17.00
929 	 961 	185	21.00
930 	 931 	180	23.00
930 	 962 	261	23.00
931 	 932 	144	24.00
931 	 963 	207	24.00
932 	 933 	212	16.00
932 	 964 	180	17.00
934 	 935 	223	23.00
934 	 966 	121	20.00
935 	 967 	174	16.00
937 	 938 	199	22.00
937 	 969 	207	19.00
938 	 939 	151	24.00
938 	 970 	143	18.00
939 	 940 	155	18.00
941 	 942 	228	22.00
942 	 943 	156	16.00
942 	 974 	226	20.00
943 	 944 	234	20.00
944 	 945 	162	24.00
944 	 976 	156	18.00
945 	 946 	214	22.00
946 	 947 	234	20.00
947 	 948 	137	20.00
948 	 949 	175	24.00
948 	 980 	232	17.00
949 	 950 	210	21.00
949 	 981 	203	18.00
950 	 951 	191	16.00
952 	 953 	239	19.00
952 	 984 	243	22.00
953 	 954 	249	19.00
953 	 985 	175	22.00
954 	 955 	169	22.00
954 	 986 	134	18.00
955 	 956 	251	18.00
956 	 957 	256	17.00
956 	 988 	122	16.00
957 	 958 	262	16.00
957 	 989 	164	20.00
958 	 959 	193	23.00
958 	 990 	147	19.00
959 	 991 	168	16.00
960 	 961 	236	21.00
962 	 963 	259	22.00
962 	 994 	273	19.00
963 	 964 	206	17.00
963 	 995 	249	20.00
964 	 965 	272	18.00
965 	 966 	126	17.00
965 	 997 	191	24.00
966 	 967 	142	23.00
967 	 968 	249	21.00
967 	 999 	277	16.00
968 	 969 	123	21.00
968 	 1000 	193	19.00
969 	 970 	237	18.00
969 	 1001 	137	18.00
970 	 971 	167	24.00
971 	 972 	218	18.00
972 	 973 	150	20.00
972 	 1004 	211	18.00
973 	 974 	171	24.00
974 	 975 	198	19.00
974 	 1006 	221	22.00
975 	 976 	122	18.00
975 	 1007 	267	22.00
977 	 978 	239	16.00
977 	 1009 	209	22.00
978 	 979 	183	17.00
978 	 1010 	185	24.00
979 	 980 	268	18.00
981 	 982 	256	22.00
981 	 1013 	177	17.00
982 	 983 	120	16.00
982 	 1014 	234	19.00
983 	 984 	137	20.00
983 	 1015 	274	19.00
984 	 985 	139	21.00
985 	 986 	275	19.00
985 	 1017 	184	18.00
986 	 987 	147	16.00
987 	 988 	209	21.00
988 	 989 	207	20.00
988 	 1020 	213	22.00
989 	 990 	149	18.00
989 	 1021 	230	22.00
990 	 991 	199	23.00
990 	 1022 	273	24.00
991 	 1023 	273	21.00
992 	 993 	160	16.00
993 	 994 	192	18.00
995 	 996 	187	20.00
997 	 998 	178	21.00
999 	 1000 	132	22.00
1002 	 1003 	248	17.00
1003 	 1004 	249	17.00
1005 	 1006 	142	19.00
1006 	 1007 	120	23.00
1007 	 1008 	174	24.00
1008 	 1009 	176	16.00
1009 	 1010 	261	20.00
1010 	 1011 	197	19.00
1011 	 1012 	217	21.00
1013 	 1014 	194	16.00
1014 	 1015 	238	16.00
1015 	 1016 	205	24.00
1017 	 1018 	255	18.00
1018 	 1019 	198	21.00
1019 	 1020 	233	21.00
1020 	 1021 	179	16.00
1021 	 1022 	242	23.00
1022 	 1023 	241	24.00
