1024 	 1488 	 20 	 0.30 
 
20	-15	0
115	27	0
189	-30	0
320	4	0
399	12	0
522	-9	0
586	0	0
696	-8	0
781	-11	7
934	18	7
996	-21	7
1073	-4	7
1238	-16	7
1343	30	7
1419	33	7
1487	25	7
1610	4	5
1703	-30	5
1789	29	5
1891	6	5
1984	-29	5
2095	32	5
2228	-14	5
2328	23	5
2396	-36	5
2502	-17	3
2633	-24	3
2719	47	3
2768	-14	3
2918	35	3
3034	-37	3
3103	-22	3
0	118	0
105	86	0
223	65	0
265	69	0
363	99	0
522	105	0
608	90	0
684	122	0
755	106	0
940	104	7
1041	104	7
1116	145	7
1227	79	7
1328	63	7
1394	125	7
1482	104	7
1606	74	5
1677	95	5
1787	107	5
1925	106	5
1981	113	5
2116	86	5
2205	111	5
2296	87	5
2427	101	3
2522	108	3
2606	90	3
2714	106	3
2843	148	3
2910	83	3
2988	119	3
3086	127	3
-9	231	0
73	233	0
183	212	0
316	210	0
377	224	0
463	169	0
618	221	0
705	212	0
835	184	7
908	220	7
1009	159	7
1130	241	7
1174	210	7
1307	195	7
1403	230	7
1475	228	7
1615	201	5
1730	162	5
1796	204	5
1871	207	5
1982	196	5
2066	210	5
2227	219	5
2322	198	3
2384	199	3
2488	167	3
2588	172	3
2688	228	3
2798	188	3
2889	237	3
3025	193	3
3064	195	3
-10	282	0
69	263	0
182	298	0
284	265	0
397	333	0
512	321	0
604	316	0
722	282	0
775	347	0
871	284	7
1023	276	7
1095	289	7
1159	279	7
1292	301	7
1378	312	7
1507	310	5
1594	311	5
1701	329	5
1784	306	5
1900	288	5
2007	286	5
2073	291	5
2161	266	5
2294	307	3
2359	314	3
2548	297	3
2642	323	3
2713	295	3
2803	328	3
2895	293	3
3004	345	3
3080	302	3
-23	398	0
132	418	0
218	397	0
326	431	0
429	393	0
514	402	0
598	439	0
675	420	0
797	369	0
915	408	7
1001	416	7
1107	442	7
1192	417	7
1314	371	7
1398	408	7
1525	373	5
1581	376	5
1695	402	5
1782	396	5
1918	419	5
1993	400	5
2091	404	5
2210	351	3
2303	421	3
2399	419	3
2528	419	3
2610	379	3
2685	388	3
2807	405	3
2890	390	3
3036	403	3
3110	445	3
-35	526	0
81	514	0
195	485	0
321	531	0
393	502	0
504	478	0
580	531	0
675	478	0
805	474	0
890	492	7
1007	514	7
1079	477	7
1208	516	7
1262	501	7
1393	492	7
1461	490	7
1601	475	5
1687	486	5
1814	489	5
1892	468	5
2016	478	5
2108	507	5
2215	506	5
2294	540	3
2383	509	3
2491	539	3
2592	467	3
2671	526	3
2794	505	3
2949	501	3
2998	471	3
3076	517	3
6	599	0
68	593	0
187	588	0
324	600	0
363	586	0
492	593	0
591	580	0
695	595	0
797	606	7
862	626	7
1007	608	7
1137	605	7
1190	589	7
1305	606	7
1392	606	7
1461	606	7
1580	618	7
1651	595	5
1808	559	5
1924	602	5
2009	633	5
2115	606	5
2175	600	5
2285	618	5
2405	555	5
2499	597	18
2583	567	3
2717	568	3
2788	609	3
2908	619	3
3030	615	3
3093	624	3
-10	685	13
97	699	0
229	670	0
276	697	0
414	665	0
467	700	0
616	682	0
701	734	14
819	717	7
889	710	7
1023	674	7
1097	673	7
1236	660	7
1275	655	7
1372	708	7
1533	674	7
1582	698	7
1695	661	5
1799	690	5
1890	676	5
2026	687	5
2094	718	5
2205	741	5
2308	665	5
2407	731	16
2532	726	18
2602	735	18
2680	681	3
2785	705	3
2917	703	3
3027	688	3
3140	685	3
-3	818	13
114	790	13
172	837	13
343	823	0
422	796	0
507	796	0
595	804	13
712	775	14
797	830	14
876	802	7
969	810	7
1118	800	7
1239	794	7
1313	824	7
1399	773	7
1522	782	7
1612	806	14
1706	788	14
1818	802	5
1902	827	5
2005	805	5
2060	788	5
2196	808	5
2303	829	16
2380	769	16
2536	833	9
2633	792	3
2680	793	3
2788	802	3
2905	835	3
2980	836	9
3110	791	9
-8	889	13
94	935	13
175	911	13
273	892	13
404	934	13
538	881	13
566	905	13
704	886	14
795	854	14
917	912	14
1015	918	14
1085	889	7
1207	863	7
1303	894	14
1429	858	14
1490	887	14
1577	868	14
1699	887	14
1774	880	14
1910	899	16
1969	899	16
2079	870	5
2186	905	16
2303	899	16
2386	914	9
2533	908	9
2618	888	9
2692	897	9
2787	903	3
2875	930	9
2966	883	9
3114	932	9
13	984	13
126	999	13
233	991	13
328	1010	13
408	982	13
483	991	13
613	1000	13
677	968	13
801	1034	13
922	1003	14
1023	975	14
1135	1002	14
1174	970	14
1254	999	14
1374	1009	14
1472	1015	14
1572	982	14
1712	1014	14
1816	1007	16
1902	1012	16
1958	994	16
2130	959	16
2204	963	16
2305	1028	9
2419	1032	9
2464	1016	9
2633	958	9
2672	1012	9
2810	999	9
2886	997	9
2996	973	9
3095	1019	9
-23	1068	13
87	1092	13
227	1073	13
278	1122	13
400	1083	13
479	1094	13
583	1116	13
727	1106	13
819	1125	13
934	1106	14
990	1113	14
1127	1088	14
1163	1127	14
1306	1092	14
1401	1084	14
1481	1060	14
1608	1092	14
1712	1103	16
1780	1138	16
1933	1137	16
1971	1124	16
2069	1109	16
2154	1083	16
2298	1083	9
2403	1109	9
2542	1135	9
2575	1080	9
2673	1105	9
2815	1145	9
2908	1080	9
3023	1112	9
3062	1115	9
10	1181	13
93	1207	13
196	1176	13
299	1192	13
395	1208	13
527	1197	13
578	1209	13
710	1199	13
830	1206	13
892	1171	13
1006	1215	14
1078	1214	14
1186	1166	14
1258	1180	14
1402	1202	14
1515	1169	14
1604	1181	14
1669	1213	16
1771	1220	16
1875	1220	16
1998	1204	16
2099	1188	16
2200	1162	9
2332	1201	9
2415	1235	9
2495	1174	9
2629	1186	9
2674	1206	9
2785	1218	9
2916	1213	9
3004	1216	9
3141	1205	9
-13	1289	13
113	1293	13
189	1319	13
329	1293	13
407	1314	13
469	1305	13
627	1321	13
697	1330	13
804	1288	13
883	1285	13
970	1279	14
1064	1274	14
1228	1323	14
1257	1303	14
1387	1309	14
1479	1266	14
1609	1262	15
1669	1327	15
1793	1317	16
1908	1273	16
2032	1305	16
2101	1308	16
2175	1312	16
2306	1297	9
2435	1257	9
2482	1301	9
2622	1319	9
2656	1280	9
2774	1313	9
2885	1317	9
3027	1327	9
3105	1299	9
36	1406	13
97	1412	13
199	1431	13
340	1393	13
422	1398	13
488	1399	13
619	1364	13
675	1389	13
813	1426	13
875	1363	13
1009	1400	14
1097	1395	14
1202	1394	14
1279	1390	14
1409	1384	14
1537	1376	14
1635	1386	14
1695	1431	15
1761	1383	16
1932	1393	16
2024	1371	16
2095	1437	16
2202	1368	16
2308	1392	16
2384	1406	9
2514	1369	9
2602	1413	9
2698	1366	9
2811	1392	9
2900	1371	9
3000	1444	9
3095	1421	9
-33	1514	13
96	1509	13
237	1501	12
305	1497	12
422	1490	13
503	1477	13
613	1535	13
705	1527	13
808	1485	14
910	1520	14
988	1470	14
1141	1522	14
1195	1466	14
1270	1526	14
1437	1510	14
1496	1486	15
1576	1454	15
1720	1497	15
1844	1483	16
1910	1507	16
2013	1503	16
2092	1532	16
2211	1478	16
2337	1461	16
2413	1478	16
2479	1497	16
2614	1490	9
2665	1484	9
2777	1500	9
2874	1511	9
2988	1498	9
3103	1533	9
-32	1622	12
83	1577	13
216	1639	12
315	1588	12
396	1590	12
524	1570	13
623	1561	12
705	1611	12
840	1599	15
877	1570	14
1039	1583	14
1094	1608	14
1208	1633	14
1335	1606	14
1353	1591	15
1531	1602	15
1601	1595	15
1693	1589	15
1804	1597	16
1888	1600	16
1988	1608	16
2103	1606	16
2172	1618	16
2271	1621	16
2407	1568	16
2494	1600	10
2593	1569	9
2675	1591	9
2788	1591	9
2890	1622	9
3005	1577	9
3111	1614	11
6	1679	12
120	1693	12
216	1698	12
304	1653	12
377	1722	12
501	1691	12
573	1679	12
658	1665	12
838	1693	15
870	1739	15
1046	1710	14
1112	1696	14
1208	1681	15
1295	1712	15
1424	1680	15
1452	1682	15
1629	1706	15
1726	1665	15
1793	1703	15
1901	1716	16
2017	1724	16
2097	1714	16
2200	1694	16
2304	1693	10
2386	1715	10
2495	1698	10
2632	1672	10
2688	1698	10
2799	1732	10
2886	1689	9
2996	1692	10
3121	1651	11
21	1778	12
91	1758	12
188	1781	12
269	1800	12
408	1778	12
499	1802	12
609	1817	12
659	1816	12
786	1800	12
921	1790	15
1013	1788	15
1078	1817	15
1191	1753	15
1261	1789	15
1413	1828	15
1520	1825	15
1599	1791	15
1737	1808	15
1791	1804	16
1896	1814	16
2015	1814	16
2121	1773	16
2233	1771	10
2302	1788	10
2361	1810	10
2486	1809	10
2580	1799	10
2664	1800	10
2793	1832	10
2910	1799	10
3048	1756	10
3113	1769	10
-2	1920	12
118	1880	12
203	1916	12
301	1888	12
363	1897	12
476	1941	12
632	1906	12
698	1876	15
768	1892	15
899	1897	15
1013	1869	15
1122	1935	15
1208	1878	15
1305	1892	15
1364	1899	15
1536	1945	15
1592	1902	15
1709	1889	15
1783	1897	15
1884	1896	16
2022	1862	16
2100	1894	16
2231	1905	10
2324	1909	10
2403	1887	10
2508	1915	10
2604	1860	10
2736	1931	10
2787	1863	10
2921	1915	10
2992	1895	10
3105	1886	10
12	1975	12
109	1975	12
241	2008	12
301	1980	12
405	2000	12
468	1963	12
611	2000	12
703	1994	12
809	1965	12
876	2013	15
984	1999	15
1124	1973	15
1192	1968	15
1323	1981	15
1403	2018	15
1485	2018	15
1633	2029	15
1684	1984	15
1786	1986	15
1903	1985	16
1995	1952	16
2108	1979	16
2230	1986	10
2267	1996	10
2402	1971	10
2515	2008	10
2613	2013	10
2690	1999	10
2761	2034	10
2899	1980	10
2980	2017	10
3082	2020	10
15	2110	12
69	2099	12
201	2093	12
335	2115	12
441	2115	12
529	2082	12
611	2064	12
695	2109	12
772	2142	12
855	2112	12
1028	2110	15
1057	2102	15
1164	2134	15
1302	2105	15
1377	2130	15
1482	2100	15
1605	2102	15
1668	2106	15
1810	2100	17
1903	2073	17
1961	2081	17
2095	2070	16
2226	2075	10
2316	2082	10
2402	2074	10
2536	2071	10
2612	2096	10
2699	2091	10
2801	2071	10
2868	2130	10
3011	2084	10
3106	2097	10
11	2165	12
130	2223	12
205	2195	12
271	2168	12
415	2198	1
477	2184	12
601	2210	12
692	2224	12
838	2231	12
880	2204	12
999	2218	6
1091	2206	6
1179	2184	6
1323	2209	6
1425	2223	6
1540	2229	15
1608	2207	15
1684	2218	15
1787	2217	17
1913	2160	17
1997	2199	17
2089	2202	4
2217	2183	10
2319	2199	10
2412	2209	10
2494	2225	10
2589	2242	10
2664	2218	10
2820	2211	10
2893	2194	10
3000	2216	10
3081	2233	10
-20	2311	12
104	2298	12
202	2286	1
316	2302	12
430	2275	1
476	2310	12
598	2293	12
675	2311	12
793	2313	12
912	2336	6
987	2319	6
1071	2300	6
1209	2307	6
1293	2266	6
1355	2300	6
1519	2319	6
1607	2262	15
1735	2297	15
1806	2303	4
1912	2318	17
2047	2286	17
2100	2281	4
2198	2303	4
2314	2335	10
2380	2271	10
2491	2319	10
2594	2315	2
2707	2308	2
2787	2266	10
2905	2270	10
3011	2321	2
3053	2320	10
-12	2411	1
88	2402	1
212	2399	1
266	2388	1
409	2419	1
475	2396	1
572	2405	1
676	2418	1
815	2410	12
933	2372	6
1029	2372	6
1071	2407	6
1157	2408	6
1329	2432	6
1399	2395	6
1513	2412	6
1596	2397	6
1711	2385	4
1800	2427	4
1901	2418	4
2010	2393	4
2105	2410	4
2157	2445	4
2305	2399	4
2407	2437	2
2464	2413	2
2587	2384	2
2701	2387	2
2814	2421	2
2916	2384	2
2992	2392	2
3135	2391	2
-9	2464	1
96	2481	1
205	2497	1
323	2478	1
391	2488	1
549	2468	1
611	2503	1
703	2527	6
814	2503	6
912	2511	6
969	2479	6
1106	2467	6
1198	2494	6
1262	2492	6
1419	2490	6
1519	2465	6
1615	2499	4
1701	2532	19
1799	2506	19
1936	2513	4
2026	2528	4
2075	2461	4
2207	2471	4
2304	2499	4
2419	2499	2
2490	2485	2
2600	2505	2
2699	2508	2
2788	2503	2
2898	2518	2
2981	2486	2
3109	2514	2
7	2607	1
126	2598	1
202	2612	1
312	2645	1
392	2595	1
484	2574	1
615	2617	1
718	2623	1
835	2600	6
886	2647	6
994	2605	6
1118	2627	6
1185	2574	6
1332	2623	6
1403	2584	6
1465	2645	6
1620	2585	4
1669	2632	4
1804	2567	4
1897	2588	4
1981	2612	4
2111	2615	4
2221	2642	4
2310	2579	2
2426	2590	2
2532	2596	2
2560	2601	2
2667	2625	2
2791	2624	2
2890	2622	2
2994	2604	2
3098	2632	2
-29	2664	1
109	2682	1
168	2694	1
299	2678	1
430	2682	1
502	2679	1
583	2671	1
736	2727	1
769	2699	6
880	2693	1
1043	2679	6
1075	2702	6
1177	2690	6
1271	2745	6
1378	2708	6
1467	2699	4
1618	2710	4
1663	2690	4
1826	2725	4
1921	2694	4
1995	2724	4
2112	2717	4
2209	2677	4
2279	2687	2
2437	2688	2
2499	2690	2
2615	2696	2
2727	2664	2
2778	2698	2
2901	2689	2
3000	2719	2
3071	2737	2
33	2786	1
103	2809	1
207	2808	1
315	2781	1
431	2810	1
490	2803	1
621	2810	1
705	2766	1
832	2766	1
892	2807	1
984	2764	6
1130	2795	6
1174	2789	6
1295	2804	6
1357	2810	6
1528	2792	4
1636	2814	4
1655	2792	4
1760	2809	4
1885	2750	4
2010	2830	4
2084	2778	4
2192	2813	4
2310	2764	4
2379	2770	2
2503	2761	2
2605	2772	2
2686	2797	2
2821	2782	2
2925	2781	2
3043	2798	2
3138	2819	2
16	2911	1
110	2859	1
201	2939	1
293	2926	1
387	2921	1
498	2918	1
587	2929	1
731	2944	1
821	2902	6
921	2907	6
1032	2887	6
1090	2906	6
1205	2886	6
1295	2907	6
1418	2919	4
1454	2890	4
1610	2907	4
1689	2911	4
1847	2883	4
1875	2890	4
2021	2895	4
2094	2945	4
2225	2917	4
2306	2868	2
2432	2902	2
2490	2871	2
2575	2914	2
2713	2900	2
2767	2900	2
2865	2870	2
3019	2894	2
3110	2890	2
5	3010	1
79	2976	1
223	3008	1
274	3034	1
410	2983	1
494	3035	1
625	2971	1
732	3043	1
785	2975	1
927	2985	6
1036	3036	6
1111	3003	6
1227	2992	6
1294	3014	6
1396	3043	6
1507	2979	4
1610	3010	4
1685	3042	4
1824	3001	4
1891	3012	4
2008	2993	4
2114	2997	4
2220	3041	4
2280	2992	4
2391	3009	2
2482	3003	2
2597	3036	2
2680	2996	2
2825	3002	2
2912	3018	2
3007	3030	2
3135	2987	2
30	3088	1
143	3080	1
204	3071	1
290	3141	1
400	3094	1
468	3119	1
632	3110	1
705	3147	8
786	3082	8
883	3113	6
992	3073	6
1070	3115	6
1165	3070	6
1327	3064	6
1408	3121	6
1488	3103	6
1598	3112	4
1663	3105	4
1814	3072	4
1888	3093	4
2028	3093	4
2102	3104	4
2222	3109	4
2309	3060	4
2388	3103	4
2481	3122	2
2626	3138	2
2698	3101	2
2793	3081	2
2912	3115	2
3025	3100	2
3110	3112	2

0 	 1 	258	23.00
0 	 32 	208	17.00
1 	 2 	237	21.00
2 	 3 	152	18.00
2 	 34 	176	16.00
3 	 4 	277	22.00
3 	 35 	274	18.00
4 	 5 	246	24.00
4 	 36 	267	17.00
5 	 6 	195	22.00
6 	 7 	159	21.00
7 	 8 	223	19.00
8 	 9 	268	22.00
8 	 40 	137	19.00
9 	 10 	126	19.00
9 	 41 	188	21.00
10 	 11 	250	22.00
12 	 13 	167	18.00
12 	 44 	234	17.00
13 	 14 	242	24.00
14 	 15 	256	18.00
15 	 16 	260	23.00
15 	 47 	223	24.00
16 	 17 	241	17.00
16 	 48 	235	16.00
17 	 18 	219	21.00
17 	 49 	146	18.00
18 	 19 	221	19.00
18 	 50 	252	22.00
19 	 20 	165	23.00
19 	 51 	248	20.00
20 	 21 	215	18.00
21 	 22 	218	16.00
21 	 53 	201	17.00
22 	 23 	210	19.00
22 	 54 	135	16.00
23 	 24 	126	16.00
23 	 55 	203	22.00
24 	 25 	174	20.00
24 	 56 	142	23.00
25 	 26 	168	23.00
25 	 57 	233	18.00
27 	 28 	271	19.00
27 	 59 	211	22.00
28 	 29 	261	23.00
29 	 30 	197	20.00
29 	 61 	267	23.00
30 	 31 	205	24.00
30 	 62 	227	17.00
31 	 63 	148	21.00
32 	 33 	230	20.00
32 	 64 	226	20.00
33 	 34 	192	19.00
33 	 65 	211	16.00
35 	 36 	274	17.00
36 	 37 	166	18.00
36 	 68 	186	21.00
37 	 38 	181	21.00
37 	 69 	280	16.00
38 	 39 	258	16.00
38 	 70 	190	17.00
39 	 40 	215	19.00
39 	 71 	133	19.00
40 	 41 	160	16.00
40 	 72 	235	16.00
41 	 42 	132	16.00
42 	 43 	268	17.00
42 	 74 	273	23.00
43 	 44 	125	23.00
43 	 75 	244	16.00
44 	 45 	273	17.00
44 	 76 	259	20.00
45 	 46 	181	24.00
46 	 47 	279	18.00
46 	 78 	268	18.00
47 	 48 	175	21.00
47 	 79 	156	16.00
48 	 49 	202	21.00
48 	 80 	268	18.00
49 	 50 	258	20.00
49 	 81 	231	19.00
50 	 51 	262	18.00
50 	 82 	146	18.00
51 	 52 	137	19.00
52 	 53 	210	19.00
52 	 84 	276	21.00
53 	 54 	143	22.00
53 	 85 	233	17.00
54 	 55 	141	24.00
54 	 86 	133	24.00
55 	 56 	173	22.00
55 	 87 	176	24.00
56 	 57 	168	20.00
57 	 58 	273	23.00
57 	 89 	163	17.00
58 	 59 	167	22.00
58 	 90 	254	24.00
60 	 61 	245	20.00
60 	 92 	180	19.00
61 	 62 	196	19.00
61 	 93 	258	24.00
62 	 63 	215	22.00
63 	 95 	162	20.00
64 	 65 	185	17.00
64 	 96 	211	24.00
65 	 66 	129	18.00
65 	 97 	259	19.00
66 	 67 	185	24.00
66 	 98 	137	22.00
67 	 99 	173	20.00
69 	 70 	158	16.00
69 	 101 	137	18.00
70 	 71 	130	16.00
70 	 102 	182	19.00
71 	 72 	270	22.00
72 	 73 	223	16.00
72 	 104 	183	17.00
73 	 74 	249	23.00
73 	 105 	203	17.00
75 	 76 	182	21.00
75 	 107 	153	21.00
76 	 77 	181	24.00
76 	 108 	241	18.00
77 	 78 	238	17.00
78 	 79 	223	20.00
78 	 110 	219	19.00
79 	 80 	244	19.00
79 	 111 	267	18.00
80 	 81 	273	16.00
82 	 83 	260	18.00
82 	 114 	220	19.00
83 	 115 	200	20.00
85 	 86 	194	20.00
85 	 117 	173	19.00
86 	 87 	144	18.00
86 	 118 	272	22.00
87 	 88 	145	19.00
87 	 119 	257	20.00
89 	 90 	133	20.00
89 	 121 	154	23.00
90 	 91 	165	22.00
90 	 122 	156	18.00
91 	 92 	151	19.00
91 	 123 	193	22.00
93 	 94 	132	24.00
93 	 125 	221	24.00
95 	 127 	141	22.00
96 	 97 	180	18.00
96 	 128 	159	24.00
97 	 98 	216	18.00
98 	 99 	182	20.00
100 	 101 	151	16.00
100 	 132 	139	16.00
101 	 102 	256	21.00
101 	 133 	141	19.00
102 	 103 	139	21.00
103 	 104 	177	18.00
104 	 105 	278	16.00
104 	 136 	168	20.00
105 	 106 	212	18.00
106 	 107 	181	24.00
106 	 138 	130	21.00
107 	 108 	204	20.00
107 	 139 	231	23.00
108 	 109 	230	23.00
109 	 110 	156	24.00
109 	 141 	159	19.00
110 	 111 	168	18.00
110 	 142 	164	22.00
111 	 112 	177	18.00
111 	 143 	278	19.00
113 	 114 	137	17.00
113 	 145 	178	17.00
114 	 115 	260	17.00
114 	 146 	181	23.00
115 	 116 	164	20.00
116 	 117 	243	19.00
117 	 118 	266	16.00
117 	 149 	192	23.00
118 	 119 	208	23.00
118 	 150 	149	21.00
119 	 120 	182	23.00
120 	 121 	277	16.00
120 	 152 	278	20.00
121 	 122 	274	19.00
121 	 153 	158	17.00
122 	 123 	271	17.00
122 	 154 	134	16.00
123 	 124 	269	21.00
123 	 155 	278	21.00
125 	 126 	265	21.00
126 	 127 	131	17.00
126 	 158 	170	17.00
127 	 159 	232	22.00
128 	 129 	263	17.00
129 	 130 	142	22.00
129 	 161 	266	19.00
130 	 131 	184	20.00
130 	 162 	278	24.00
131 	 132 	121	23.00
131 	 163 	257	18.00
132 	 133 	257	20.00
132 	 164 	172	18.00
133 	 134 	209	23.00
134 	 135 	266	16.00
135 	 136 	128	16.00
136 	 137 	199	18.00
136 	 168 	182	22.00
138 	 139 	146	23.00
139 	 140 	149	17.00
139 	 171 	274	17.00
140 	 141 	276	17.00
140 	 172 	161	16.00
141 	 142 	195	20.00
141 	 173 	125	18.00
142 	 143 	153	17.00
142 	 174 	139	18.00
143 	 144 	226	23.00
143 	 175 	224	19.00
144 	 145 	226	23.00
144 	 176 	234	16.00
145 	 146 	253	17.00
145 	 177 	221	16.00
146 	 147 	247	17.00
146 	 178 	168	22.00
147 	 148 	276	19.00
147 	 179 	154	22.00
149 	 150 	129	18.00
150 	 151 	156	24.00
151 	 152 	206	23.00
151 	 183 	176	23.00
152 	 153 	168	18.00
152 	 184 	196	17.00
153 	 154 	242	24.00
154 	 155 	202	21.00
154 	 186 	229	16.00
155 	 156 	259	19.00
156 	 157 	167	17.00
156 	 188 	165	21.00
157 	 158 	230	20.00
158 	 159 	278	20.00
159 	 191 	253	20.00
160 	 161 	269	16.00
160 	 192 	181	16.00
161 	 162 	227	18.00
162 	 163 	148	17.00
162 	 194 	207	17.00
163 	 164 	153	16.00
164 	 165 	269	16.00
165 	 166 	203	19.00
165 	 197 	203	20.00
166 	 167 	124	17.00
166 	 198 	265	24.00
167 	 168 	218	24.00
167 	 199 	273	22.00
168 	 169 	142	18.00
168 	 200 	243	22.00
169 	 170 	163	18.00
169 	 201 	146	16.00
170 	 171 	233	23.00
171 	 172 	129	20.00
171 	 203 	265	21.00
172 	 173 	197	19.00
172 	 204 	173	17.00
173 	 174 	231	17.00
173 	 205 	184	22.00
174 	 175 	246	17.00
174 	 206 	199	24.00
176 	 177 	182	18.00
177 	 178 	201	21.00
177 	 209 	265	24.00
179 	 180 	173	20.00
180 	 181 	183	22.00
180 	 212 	223	20.00
181 	 182 	133	18.00
181 	 213 	204	17.00
182 	 183 	228	16.00
182 	 214 	142	24.00
183 	 184 	247	23.00
183 	 215 	182	16.00
184 	 185 	238	17.00
184 	 216 	127	24.00
187 	 188 	183	22.00
187 	 219 	176	16.00
188 	 189 	236	24.00
189 	 190 	232	23.00
189 	 221 	146	20.00
190 	 191 	214	18.00
190 	 222 	175	22.00
191 	 223 	204	24.00
192 	 193 	226	19.00
192 	 224 	162	24.00
193 	 194 	233	21.00
193 	 225 	187	16.00
194 	 195 	180	21.00
194 	 226 	205	24.00
195 	 196 	217	20.00
196 	 197 	239	20.00
197 	 198 	167	19.00
197 	 229 	123	23.00
198 	 199 	193	24.00
199 	 200 	271	18.00
200 	 201 	146	22.00
200 	 232 	156	17.00
201 	 202 	139	22.00
202 	 203 	167	24.00
202 	 234 	193	17.00
203 	 204 	237	22.00
203 	 235 	190	24.00
204 	 205 	191	17.00
204 	 236 	120	19.00
206 	 207 	155	21.00
206 	 238 	228	23.00
207 	 208 	182	20.00
207 	 239 	125	17.00
208 	 209 	201	17.00
209 	 210 	151	21.00
209 	 241 	161	18.00
210 	 211 	226	16.00
210 	 242 	184	21.00
211 	 243 	201	16.00
213 	 214 	205	23.00
213 	 245 	146	23.00
214 	 215 	276	23.00
214 	 246 	153	17.00
215 	 216 	127	24.00
215 	 247 	172	23.00
217 	 218 	151	16.00
217 	 249 	212	24.00
218 	 219 	183	20.00
218 	 250 	266	22.00
219 	 220 	161	24.00
219 	 251 	145	21.00
220 	 221 	235	22.00
220 	 252 	133	16.00
221 	 222 	167	24.00
221 	 253 	145	20.00
222 	 223 	280	16.00
223 	 255 	241	20.00
224 	 225 	128	17.00
225 	 226 	227	24.00
226 	 227 	241	18.00
227 	 228 	222	21.00
227 	 259 	268	19.00
228 	 229 	213	18.00
228 	 260 	179	22.00
229 	 230 	189	18.00
229 	 261 	177	17.00
230 	 231 	219	19.00
231 	 232 	124	20.00
231 	 263 	186	17.00
232 	 233 	213	21.00
233 	 234 	177	22.00
234 	 235 	216	20.00
234 	 266 	177	17.00
235 	 236 	256	22.00
235 	 267 	166	17.00
237 	 238 	271	24.00
237 	 269 	123	23.00
238 	 239 	244	24.00
238 	 270 	173	24.00
239 	 240 	170	16.00
240 	 241 	232	22.00
242 	 243 	241	24.00
242 	 274 	134	20.00
243 	 244 	267	16.00
243 	 275 	189	22.00
244 	 245 	181	17.00
244 	 276 	140	21.00
245 	 246 	266	16.00
245 	 277 	207	21.00
246 	 247 	237	20.00
247 	 248 	131	23.00
247 	 279 	158	24.00
248 	 249 	123	22.00
249 	 250 	171	19.00
249 	 281 	170	18.00
250 	 251 	239	18.00
250 	 282 	157	20.00
251 	 252 	169	24.00
252 	 253 	194	22.00
253 	 254 	251	16.00
253 	 285 	225	20.00
254 	 255 	266	19.00
256 	 257 	131	24.00
256 	 288 	279	16.00
257 	 258 	215	16.00
257 	 289 	276	19.00
258 	 259 	229	18.00
259 	 260 	180	22.00
259 	 291 	220	16.00
262 	 263 	135	20.00
262 	 294 	134	24.00
263 	 264 	233	17.00
263 	 295 	221	19.00
264 	 265 	132	21.00
264 	 296 	186	21.00
266 	 267 	123	24.00
267 	 268 	252	20.00
267 	 299 	207	18.00
268 	 269 	141	22.00
268 	 300 	253	16.00
269 	 270 	154	18.00
269 	 301 	229	18.00
270 	 271 	210	22.00
271 	 272 	235	21.00
271 	 303 	262	16.00
273 	 274 	256	21.00
274 	 275 	128	24.00
274 	 306 	158	17.00
275 	 276 	224	16.00
275 	 307 	267	20.00
276 	 277 	185	21.00
276 	 308 	191	20.00
277 	 278 	280	24.00
278 	 279 	162	18.00
278 	 310 	211	24.00
279 	 280 	219	17.00
280 	 281 	139	18.00
280 	 312 	178	21.00
281 	 282 	127	18.00
283 	 284 	147	24.00
283 	 315 	216	19.00
284 	 285 	212	21.00
285 	 286 	280	17.00
285 	 317 	167	17.00
286 	 287 	182	16.00
286 	 318 	155	19.00
288 	 289 	247	20.00
288 	 320 	224	18.00
289 	 290 	254	22.00
290 	 291 	142	23.00
290 	 322 	198	20.00
292 	 293 	223	18.00
292 	 324 	229	18.00
293 	 294 	236	16.00
294 	 295 	164	23.00
294 	 326 	212	18.00
295 	 296 	155	18.00
295 	 327 	270	21.00
296 	 297 	206	21.00
296 	 328 	173	17.00
297 	 298 	233	24.00
298 	 299 	229	24.00
298 	 330 	235	20.00
299 	 300 	224	21.00
299 	 331 	219	24.00
300 	 301 	153	16.00
300 	 332 	141	20.00
301 	 302 	185	18.00
301 	 333 	262	22.00
302 	 303 	138	18.00
303 	 304 	218	18.00
303 	 335 	180	19.00
304 	 305 	120	21.00
304 	 336 	178	21.00
305 	 306 	128	16.00
305 	 337 	219	23.00
306 	 307 	148	24.00
307 	 308 	200	24.00
307 	 339 	248	22.00
308 	 309 	121	23.00
308 	 340 	194	21.00
309 	 310 	158	24.00
310 	 311 	211	23.00
310 	 342 	163	23.00
311 	 312 	183	16.00
311 	 343 	163	20.00
312 	 313 	159	19.00
313 	 314 	190	22.00
313 	 345 	206	22.00
314 	 315 	251	18.00
315 	 316 	154	21.00
317 	 318 	262	17.00
318 	 319 	187	24.00
318 	 350 	129	16.00
319 	 351 	182	16.00
320 	 321 	231	23.00
320 	 352 	193	21.00
321 	 322 	243	21.00
321 	 353 	226	19.00
322 	 323 	169	17.00
322 	 354 	122	16.00
323 	 324 	200	18.00
323 	 355 	209	17.00
324 	 325 	242	17.00
325 	 326 	165	19.00
326 	 327 	253	24.00
327 	 328 	263	16.00
327 	 359 	237	16.00
328 	 329 	278	19.00
329 	 330 	193	20.00
330 	 331 	196	16.00
330 	 362 	239	23.00
331 	 332 	174	17.00
331 	 363 	217	19.00
332 	 333 	236	19.00
333 	 334 	221	23.00
333 	 365 	132	17.00
334 	 335 	230	22.00
334 	 366 	227	17.00
335 	 336 	268	16.00
335 	 367 	199	16.00
336 	 337 	157	20.00
337 	 338 	231	20.00
337 	 369 	246	20.00
338 	 339 	262	18.00
338 	 370 	132	21.00
339 	 340 	276	23.00
340 	 341 	280	18.00
340 	 372 	259	24.00
341 	 342 	272	22.00
341 	 373 	160	17.00
342 	 343 	173	21.00
342 	 374 	159	20.00
343 	 344 	152	20.00
343 	 375 	128	19.00
344 	 345 	238	18.00
344 	 376 	261	18.00
345 	 346 	215	18.00
347 	 348 	186	19.00
347 	 379 	209	16.00
348 	 349 	159	21.00
349 	 350 	218	22.00
350 	 351 	188	21.00
351 	 383 	161	19.00
352 	 353 	229	19.00
352 	 384 	121	19.00
353 	 354 	221	24.00
353 	 385 	166	23.00
354 	 355 	189	21.00
354 	 386 	257	16.00
355 	 356 	124	18.00
355 	 387 	242	17.00
356 	 357 	280	17.00
357 	 358 	186	22.00
357 	 389 	277	21.00
359 	 360 	131	22.00
360 	 361 	195	16.00
360 	 392 	178	20.00
361 	 362 	156	21.00
361 	 393 	173	16.00
362 	 363 	141	24.00
363 	 364 	181	18.00
363 	 395 	202	21.00
364 	 365 	144	23.00
365 	 366 	194	24.00
365 	 397 	266	22.00
366 	 367 	265	22.00
366 	 398 	257	23.00
367 	 368 	151	20.00
368 	 369 	262	17.00
368 	 400 	164	20.00
369 	 370 	121	17.00
369 	 401 	259	16.00
370 	 371 	162	20.00
370 	 402 	262	19.00
371 	 372 	168	24.00
371 	 403 	151	19.00
372 	 373 	273	22.00
372 	 404 	148	20.00
373 	 374 	142	16.00
374 	 375 	211	17.00
374 	 406 	226	23.00
375 	 376 	202	16.00
375 	 407 	211	17.00
376 	 377 	249	16.00
376 	 408 	196	17.00
377 	 378 	269	23.00
377 	 409 	185	19.00
378 	 379 	237	24.00
378 	 410 	187	18.00
379 	 380 	274	16.00
379 	 411 	172	16.00
380 	 381 	148	20.00
380 	 412 	167	18.00
381 	 382 	228	20.00
381 	 413 	147	21.00
382 	 383 	248	17.00
383 	 415 	153	23.00
384 	 385 	132	20.00
384 	 416 	260	24.00
385 	 386 	278	16.00
385 	 417 	279	20.00
387 	 388 	197	23.00
387 	 419 	133	18.00
388 	 389 	179	23.00
389 	 390 	162	24.00
389 	 421 	189	23.00
390 	 391 	221	19.00
390 	 422 	200	21.00
391 	 392 	131	19.00
391 	 423 	140	22.00
392 	 393 	269	16.00
392 	 424 	145	16.00
393 	 394 	198	22.00
393 	 425 	174	19.00
394 	 395 	167	23.00
395 	 396 	208	17.00
395 	 427 	202	16.00
396 	 397 	166	20.00
396 	 428 	140	19.00
397 	 398 	229	21.00
397 	 429 	257	18.00
398 	 399 	255	19.00
398 	 430 	267	19.00
399 	 400 	132	20.00
399 	 431 	223	24.00
400 	 401 	213	19.00
400 	 432 	211	21.00
401 	 402 	266	20.00
401 	 433 	156	24.00
402 	 403 	232	19.00
402 	 434 	200	17.00
403 	 404 	169	19.00
403 	 435 	239	23.00
404 	 405 	134	19.00
404 	 436 	150	19.00
405 	 406 	257	21.00
405 	 437 	276	16.00
406 	 407 	130	19.00
407 	 408 	240	16.00
407 	 439 	162	24.00
408 	 409 	197	20.00
408 	 440 	178	20.00
409 	 410 	196	18.00
410 	 411 	153	17.00
410 	 442 	202	20.00
411 	 412 	152	17.00
411 	 443 	261	23.00
412 	 413 	144	24.00
412 	 444 	171	20.00
413 	 414 	250	18.00
413 	 445 	194	22.00
414 	 415 	212	20.00
414 	 446 	160	16.00
415 	 447 	145	18.00
416 	 417 	228	24.00
416 	 448 	213	17.00
417 	 418 	154	22.00
417 	 449 	130	19.00
418 	 419 	227	20.00
418 	 450 	261	18.00
419 	 420 	203	16.00
420 	 421 	207	19.00
420 	 452 	267	22.00
421 	 422 	125	17.00
421 	 453 	175	17.00
422 	 423 	133	23.00
422 	 454 	130	23.00
423 	 424 	120	17.00
423 	 455 	135	19.00
424 	 425 	134	17.00
424 	 456 	165	21.00
425 	 426 	213	24.00
427 	 428 	130	22.00
428 	 429 	208	20.00
429 	 430 	161	16.00
430 	 462 	243	23.00
432 	 433 	259	23.00
432 	 464 	199	16.00
433 	 434 	248	16.00
433 	 465 	147	17.00
434 	 435 	130	21.00
434 	 466 	121	22.00
435 	 436 	280	24.00
435 	 467 	265	22.00
436 	 437 	255	20.00
438 	 439 	200	17.00
438 	 470 	182	16.00
439 	 440 	214	22.00
439 	 471 	166	24.00
440 	 441 	271	22.00
440 	 472 	212	24.00
441 	 442 	212	21.00
441 	 473 	227	19.00
442 	 443 	247	17.00
442 	 474 	175	16.00
443 	 444 	211	20.00
443 	 475 	155	17.00
445 	 477 	160	17.00
447 	 479 	186	24.00
448 	 449 	163	22.00
448 	 480 	182	24.00
449 	 450 	182	24.00
449 	 481 	200	17.00
450 	 451 	235	19.00
450 	 482 	256	21.00
451 	 452 	221	22.00
451 	 483 	261	23.00
452 	 453 	246	17.00
452 	 484 	255	16.00
453 	 454 	276	23.00
454 	 455 	133	20.00
454 	 486 	124	23.00
455 	 456 	134	24.00
455 	 487 	175	23.00
456 	 457 	229	22.00
456 	 488 	268	24.00
457 	 458 	255	22.00
457 	 489 	203	17.00
458 	 459 	179	20.00
458 	 490 	244	23.00
459 	 460 	162	22.00
459 	 491 	256	21.00
460 	 461 	278	19.00
460 	 492 	185	19.00
461 	 462 	131	24.00
461 	 493 	257	21.00
462 	 463 	186	18.00
462 	 494 	265	19.00
463 	 464 	200	18.00
463 	 495 	275	24.00
464 	 465 	204	23.00
464 	 496 	165	23.00
465 	 466 	154	17.00
466 	 467 	196	22.00
466 	 498 	235	16.00
468 	 469 	170	24.00
468 	 500 	190	21.00
469 	 470 	134	24.00
470 	 471 	188	19.00
470 	 502 	258	17.00
471 	 472 	276	20.00
472 	 473 	277	21.00
474 	 475 	126	20.00
475 	 476 	146	24.00
475 	 507 	276	16.00
477 	 478 	176	17.00
477 	 509 	172	22.00
478 	 479 	208	17.00
478 	 510 	279	20.00
479 	 511 	218	24.00
480 	 481 	168	24.00
480 	 512 	270	18.00
481 	 482 	160	16.00
481 	 513 	134	20.00
482 	 483 	124	20.00
482 	 514 	185	17.00
483 	 484 	144	24.00
484 	 485 	169	17.00
485 	 486 	176	24.00
486 	 487 	136	21.00
486 	 518 	187	22.00
487 	 488 	183	23.00
488 	 489 	123	22.00
490 	 491 	156	24.00
493 	 494 	191	16.00
494 	 495 	147	22.00
494 	 526 	196	23.00
495 	 496 	178	18.00
496 	 497 	136	18.00
496 	 528 	152	18.00
499 	 500 	171	17.00
500 	 501 	279	20.00
500 	 532 	251	17.00
502 	 503 	156	19.00
502 	 534 	242	24.00
503 	 504 	160	16.00
503 	 535 	146	16.00
504 	 505 	274	24.00
504 	 536 	126	20.00
505 	 506 	207	17.00
508 	 509 	230	20.00
509 	 510 	254	17.00
509 	 541 	184	21.00
510 	 511 	156	20.00
510 	 542 	231	16.00
512 	 513 	192	23.00
512 	 544 	185	20.00
513 	 514 	266	16.00
513 	 545 	222	16.00
514 	 515 	236	20.00
514 	 546 	121	24.00
515 	 516 	213	20.00
515 	 547 	157	22.00
516 	 517 	154	21.00
516 	 548 	168	17.00
518 	 519 	276	21.00
518 	 550 	211	17.00
519 	 520 	257	23.00
521 	 522 	258	19.00
521 	 553 	146	24.00
522 	 523 	176	16.00
522 	 554 	197	22.00
523 	 524 	178	21.00
523 	 555 	185	19.00
524 	 525 	210	19.00
524 	 556 	148	17.00
525 	 526 	193	23.00
525 	 557 	211	16.00
526 	 527 	254	23.00
526 	 558 	279	17.00
527 	 528 	132	21.00
528 	 529 	241	23.00
528 	 560 	198	22.00
530 	 531 	124	19.00
530 	 562 	207	22.00
531 	 532 	210	17.00
531 	 563 	207	17.00
532 	 533 	165	21.00
532 	 564 	196	24.00
533 	 534 	213	16.00
533 	 565 	253	17.00
534 	 535 	149	19.00
534 	 566 	134	21.00
535 	 536 	266	22.00
535 	 567 	248	16.00
536 	 537 	167	20.00
537 	 538 	232	16.00
537 	 569 	163	23.00
538 	 539 	199	18.00
538 	 570 	228	21.00
540 	 541 	132	23.00
540 	 572 	161	17.00
541 	 542 	197	20.00
541 	 573 	124	17.00
542 	 543 	153	23.00
542 	 574 	245	24.00
545 	 546 	249	23.00
546 	 547 	276	20.00
546 	 578 	270	21.00
547 	 548 	164	22.00
549 	 550 	270	16.00
550 	 551 	141	19.00
550 	 582 	216	20.00
551 	 552 	259	23.00
551 	 583 	173	21.00
552 	 553 	200	22.00
552 	 584 	232	23.00
553 	 554 	127	20.00
554 	 555 	188	19.00
555 	 556 	217	18.00
556 	 557 	254	21.00
556 	 588 	267	21.00
557 	 558 	242	17.00
558 	 559 	154	23.00
558 	 590 	202	19.00
559 	 560 	211	23.00
559 	 591 	155	21.00
560 	 561 	187	23.00
565 	 566 	260	19.00
565 	 597 	252	23.00
566 	 567 	180	22.00
566 	 598 	126	24.00
567 	 568 	184	20.00
567 	 599 	172	21.00
568 	 569 	223	16.00
568 	 600 	158	17.00
569 	 570 	265	22.00
571 	 572 	136	16.00
571 	 603 	160	24.00
572 	 573 	163	20.00
572 	 604 	258	23.00
573 	 574 	157	17.00
575 	 607 	235	24.00
576 	 577 	262	22.00
576 	 608 	205	21.00
578 	 579 	137	19.00
578 	 610 	145	21.00
579 	 580 	157	18.00
579 	 611 	132	18.00
580 	 581 	158	17.00
580 	 612 	168	16.00
581 	 582 	195	19.00
581 	 613 	232	18.00
582 	 583 	222	20.00
582 	 614 	154	24.00
584 	 585 	253	23.00
585 	 586 	199	18.00
585 	 617 	188	24.00
586 	 587 	251	20.00
586 	 618 	137	23.00
587 	 588 	219	20.00
587 	 619 	171	19.00
588 	 589 	134	19.00
588 	 620 	181	18.00
589 	 590 	261	24.00
589 	 621 	199	23.00
590 	 591 	223	20.00
591 	 592 	169	18.00
591 	 623 	154	18.00
592 	 593 	262	22.00
592 	 624 	166	20.00
593 	 594 	174	24.00
593 	 625 	136	16.00
594 	 595 	198	21.00
594 	 626 	257	19.00
595 	 596 	232	16.00
595 	 627 	171	20.00
596 	 597 	263	17.00
597 	 598 	238	17.00
598 	 599 	160	24.00
598 	 630 	132	21.00
599 	 600 	210	24.00
600 	 601 	195	22.00
600 	 632 	268	16.00
601 	 602 	165	17.00
601 	 633 	244	17.00
603 	 604 	213	19.00
604 	 605 	262	21.00
604 	 636 	157	22.00
605 	 606 	231	21.00
605 	 637 	136	23.00
606 	 607 	123	19.00
606 	 638 	271	18.00
608 	 609 	177	17.00
608 	 640 	171	19.00
609 	 610 	238	18.00
610 	 611 	199	21.00
611 	 612 	211	17.00
612 	 613 	229	22.00
613 	 614 	217	22.00
614 	 615 	142	24.00
614 	 646 	148	22.00
615 	 616 	221	23.00
616 	 617 	130	23.00
616 	 648 	242	22.00
617 	 618 	139	22.00
618 	 619 	163	21.00
618 	 650 	254	21.00
619 	 620 	136	17.00
619 	 651 	183	16.00
620 	 621 	185	16.00
620 	 652 	196	24.00
621 	 622 	149	18.00
621 	 653 	162	21.00
622 	 623 	260	17.00
622 	 654 	167	22.00
623 	 624 	130	24.00
623 	 655 	250	24.00
624 	 625 	224	20.00
625 	 626 	217	20.00
625 	 657 	233	21.00
626 	 627 	264	21.00
626 	 658 	209	22.00
627 	 628 	235	19.00
627 	 659 	260	24.00
628 	 629 	220	22.00
628 	 660 	173	20.00
629 	 630 	160	17.00
630 	 631 	254	22.00
630 	 662 	218	22.00
631 	 632 	244	22.00
632 	 633 	202	23.00
633 	 634 	169	16.00
634 	 635 	209	20.00
634 	 666 	238	21.00
635 	 636 	197	22.00
636 	 637 	237	16.00
637 	 638 	166	22.00
637 	 669 	171	18.00
638 	 639 	185	20.00
640 	 641 	208	24.00
641 	 642 	190	21.00
641 	 673 	270	16.00
642 	 643 	162	22.00
643 	 644 	120	22.00
644 	 645 	139	21.00
644 	 676 	181	19.00
646 	 647 	216	24.00
646 	 678 	241	18.00
647 	 648 	204	22.00
648 	 649 	120	21.00
648 	 680 	197	22.00
649 	 650 	221	16.00
649 	 681 	257	23.00
650 	 651 	258	18.00
650 	 682 	132	24.00
651 	 652 	232	17.00
651 	 683 	255	21.00
652 	 653 	254	24.00
652 	 684 	139	22.00
653 	 654 	250	22.00
653 	 685 	180	21.00
654 	 655 	262	20.00
654 	 686 	274	21.00
655 	 656 	165	22.00
655 	 687 	131	19.00
656 	 657 	224	17.00
657 	 658 	200	23.00
657 	 689 	277	23.00
658 	 659 	184	16.00
658 	 690 	207	17.00
659 	 660 	177	19.00
659 	 691 	226	20.00
660 	 661 	265	19.00
660 	 692 	264	19.00
662 	 663 	240	23.00
662 	 694 	199	17.00
663 	 664 	216	22.00
664 	 665 	266	22.00
665 	 666 	253	19.00
666 	 667 	135	24.00
668 	 669 	244	23.00
668 	 700 	192	18.00
669 	 670 	127	22.00
669 	 701 	210	22.00
670 	 671 	143	24.00
671 	 703 	260	20.00
672 	 673 	166	16.00
672 	 704 	240	23.00
673 	 674 	238	19.00
674 	 675 	169	18.00
675 	 676 	203	21.00
676 	 677 	226	19.00
676 	 708 	259	18.00
677 	 678 	268	19.00
677 	 709 	274	24.00
678 	 679 	193	19.00
678 	 710 	220	23.00
679 	 680 	132	22.00
679 	 711 	172	17.00
681 	 682 	257	23.00
681 	 713 	180	20.00
682 	 683 	263	16.00
683 	 684 	257	17.00
683 	 715 	214	21.00
685 	 686 	168	18.00
685 	 717 	207	23.00
686 	 687 	144	18.00
686 	 718 	217	24.00
687 	 688 	161	19.00
687 	 719 	243	24.00
688 	 689 	228	22.00
688 	 720 	175	21.00
689 	 690 	136	23.00
689 	 721 	180	20.00
690 	 691 	140	19.00
691 	 692 	207	17.00
693 	 694 	268	17.00
693 	 725 	232	24.00
694 	 695 	249	23.00
694 	 726 	216	22.00
695 	 696 	219	22.00
695 	 727 	266	17.00
696 	 697 	254	22.00
697 	 698 	169	22.00
697 	 729 	275	24.00
698 	 699 	190	20.00
698 	 730 	207	23.00
701 	 702 	199	18.00
702 	 703 	236	19.00
702 	 734 	279	21.00
703 	 735 	179	21.00
704 	 705 	127	19.00
704 	 736 	195	16.00
705 	 706 	139	22.00
705 	 737 	211	16.00
706 	 707 	134	21.00
707 	 708 	135	17.00
707 	 739 	140	21.00
708 	 709 	174	20.00
708 	 740 	228	17.00
709 	 710 	130	19.00
710 	 711 	247	16.00
710 	 742 	173	18.00
711 	 712 	242	19.00
711 	 743 	217	20.00
712 	 713 	247	17.00
712 	 744 	149	22.00
713 	 714 	183	17.00
713 	 745 	181	24.00
714 	 715 	279	18.00
715 	 716 	210	18.00
716 	 717 	234	19.00
716 	 748 	222	22.00
717 	 718 	155	19.00
718 	 719 	228	24.00
718 	 750 	138	19.00
719 	 720 	245	17.00
720 	 721 	202	20.00
720 	 752 	157	19.00
721 	 722 	205	23.00
722 	 723 	217	23.00
723 	 724 	143	16.00
723 	 755 	274	24.00
724 	 725 	212	16.00
725 	 726 	256	20.00
725 	 757 	188	22.00
726 	 727 	198	24.00
726 	 758 	155	16.00
727 	 728 	195	23.00
727 	 759 	240	23.00
728 	 729 	158	20.00
728 	 760 	194	22.00
729 	 730 	265	24.00
730 	 731 	227	24.00
730 	 762 	279	22.00
731 	 732 	269	23.00
731 	 763 	198	16.00
732 	 733 	221	17.00
733 	 734 	166	22.00
733 	 765 	139	22.00
734 	 735 	163	20.00
735 	 767 	149	21.00
736 	 737 	138	22.00
736 	 768 	168	24.00
737 	 738 	248	19.00
738 	 739 	224	16.00
738 	 770 	123	19.00
740 	 741 	218	24.00
741 	 742 	202	19.00
742 	 743 	229	16.00
742 	 774 	172	24.00
743 	 744 	120	20.00
743 	 775 	251	23.00
744 	 745 	271	23.00
744 	 776 	229	19.00
745 	 746 	174	22.00
746 	 747 	264	22.00
746 	 778 	183	16.00
747 	 748 	129	21.00
747 	 779 	230	17.00
748 	 749 	204	17.00
749 	 750 	198	16.00
749 	 781 	170	19.00
750 	 751 	198	19.00
751 	 752 	271	24.00
751 	 783 	154	17.00
752 	 753 	214	16.00
752 	 784 	152	17.00
753 	 754 	234	16.00
754 	 755 	216	16.00
754 	 786 	141	21.00
755 	 756 	226	22.00
755 	 787 	176	24.00
756 	 757 	167	21.00
757 	 758 	279	22.00
757 	 789 	191	22.00
758 	 759 	159	24.00
759 	 760 	247	17.00
759 	 791 	232	17.00
760 	 761 	179	19.00
761 	 762 	156	23.00
761 	 793 	195	21.00
764 	 765 	263	24.00
764 	 796 	164	18.00
765 	 766 	181	20.00
766 	 767 	215	21.00
766 	 798 	178	23.00
767 	 799 	162	22.00
768 	 769 	131	24.00
769 	 770 	256	21.00
770 	 771 	166	16.00
771 	 772 	280	16.00
771 	 803 	253	24.00
772 	 773 	217	18.00
773 	 774 	245	21.00
773 	 805 	133	20.00
774 	 775 	163	21.00
774 	 806 	186	17.00
775 	 776 	124	20.00
775 	 807 	140	17.00
776 	 777 	228	17.00
776 	 808 	203	24.00
777 	 778 	146	16.00
777 	 809 	249	19.00
778 	 779 	272	16.00
778 	 810 	227	17.00
780 	 781 	166	16.00
781 	 782 	205	20.00
781 	 813 	145	23.00
782 	 783 	190	18.00
782 	 814 	130	18.00
783 	 784 	262	17.00
783 	 815 	242	24.00
784 	 785 	160	17.00
784 	 816 	151	21.00
785 	 786 	207	16.00
785 	 817 	274	17.00
786 	 787 	154	19.00
787 	 788 	271	24.00
788 	 789 	159	17.00
789 	 790 	167	16.00
790 	 791 	238	21.00
791 	 792 	144	16.00
792 	 793 	136	17.00
793 	 794 	264	19.00
793 	 825 	199	21.00
794 	 795 	156	21.00
794 	 826 	220	19.00
795 	 796 	141	21.00
796 	 797 	194	22.00
797 	 798 	227	17.00
797 	 829 	146	18.00
798 	 799 	171	18.00
800 	 801 	275	18.00
800 	 832 	196	22.00
801 	 802 	223	17.00
801 	 833 	267	24.00
802 	 803 	228	19.00
802 	 834 	158	22.00
803 	 804 	159	17.00
803 	 835 	197	21.00
804 	 805 	166	21.00
804 	 836 	276	21.00
805 	 806 	268	21.00
806 	 807 	164	16.00
806 	 838 	189	18.00
807 	 808 	221	21.00
808 	 809 	181	19.00
808 	 840 	217	20.00
810 	 811 	274	19.00
810 	 842 	260	23.00
811 	 812 	271	23.00
811 	 843 	198	19.00
812 	 813 	161	22.00
812 	 844 	233	18.00
813 	 814 	188	23.00
814 	 815 	209	19.00
814 	 846 	234	22.00
815 	 816 	225	16.00
816 	 817 	234	19.00
816 	 848 	157	17.00
817 	 818 	132	19.00
817 	 849 	241	22.00
818 	 819 	183	18.00
819 	 820 	175	16.00
819 	 851 	188	20.00
820 	 821 	262	19.00
820 	 852 	225	24.00
821 	 822 	253	16.00
822 	 823 	215	24.00
823 	 824 	257	19.00
823 	 855 	188	23.00
824 	 825 	273	18.00
824 	 856 	208	22.00
825 	 826 	168	24.00
825 	 857 	220	22.00
826 	 827 	145	19.00
827 	 828 	202	18.00
828 	 829 	186	19.00
828 	 860 	244	17.00
829 	 830 	182	24.00
829 	 861 	209	17.00
830 	 831 	143	18.00
830 	 862 	248	20.00
832 	 833 	259	24.00
832 	 864 	222	23.00
833 	 834 	160	18.00
833 	 865 	203	16.00
834 	 835 	152	16.00
835 	 836 	151	16.00
836 	 837 	261	16.00
836 	 868 	228	21.00
837 	 838 	280	19.00
837 	 869 	246	21.00
838 	 839 	121	17.00
838 	 870 	280	20.00
839 	 840 	186	23.00
839 	 871 	207	17.00
841 	 842 	199	16.00
842 	 843 	171	18.00
842 	 874 	157	18.00
843 	 844 	260	17.00
844 	 845 	134	20.00
845 	 877 	128	19.00
847 	 848 	148	19.00
848 	 849 	215	19.00
848 	 880 	278	17.00
849 	 850 	200	19.00
850 	 851 	128	20.00
850 	 882 	269	23.00
851 	 852 	247	23.00
852 	 853 	138	18.00
853 	 854 	267	19.00
853 	 885 	130	18.00
854 	 855 	161	18.00
854 	 886 	187	22.00
855 	 856 	150	23.00
856 	 857 	169	16.00
856 	 888 	174	17.00
857 	 858 	172	24.00
857 	 889 	137	18.00
858 	 859 	238	20.00
858 	 890 	141	23.00
859 	 860 	216	23.00
859 	 891 	171	21.00
861 	 862 	266	17.00
861 	 893 	128	20.00
862 	 863 	222	23.00
862 	 894 	232	23.00
863 	 895 	209	19.00
864 	 865 	266	22.00
865 	 866 	184	19.00
865 	 897 	231	20.00
866 	 867 	199	23.00
866 	 898 	269	19.00
867 	 868 	206	20.00
869 	 870 	213	16.00
869 	 901 	130	16.00
870 	 871 	225	23.00
871 	 872 	219	21.00
872 	 873 	277	20.00
872 	 904 	172	24.00
874 	 875 	233	23.00
874 	 906 	181	21.00
875 	 876 	280	21.00
876 	 877 	139	18.00
876 	 908 	173	20.00
877 	 878 	153	18.00
878 	 879 	168	19.00
878 	 910 	178	20.00
879 	 880 	136	16.00
879 	 911 	195	16.00
880 	 881 	196	24.00
881 	 882 	235	21.00
881 	 913 	258	16.00
882 	 883 	260	18.00
882 	 914 	143	22.00
884 	 885 	122	17.00
884 	 916 	194	17.00
885 	 886 	120	23.00
885 	 917 	179	21.00
887 	 888 	136	17.00
887 	 919 	210	17.00
888 	 889 	265	20.00
888 	 920 	152	21.00
889 	 890 	273	17.00
890 	 891 	208	19.00
890 	 922 	193	16.00
891 	 892 	170	18.00
891 	 923 	180	20.00
893 	 894 	218	17.00
893 	 925 	146	21.00
894 	 895 	264	17.00
896 	 897 	221	18.00
896 	 928 	209	20.00
897 	 898 	144	18.00
897 	 929 	194	23.00
898 	 899 	228	22.00
898 	 930 	129	21.00
899 	 900 	171	21.00
900 	 901 	212	23.00
901 	 902 	263	20.00
901 	 933 	154	23.00
903 	 904 	158	20.00
903 	 935 	135	21.00
904 	 905 	147	23.00
904 	 936 	228	20.00
905 	 906 	261	24.00
905 	 937 	245	21.00
906 	 907 	273	17.00
906 	 938 	141	24.00
907 	 908 	269	17.00
907 	 939 	229	22.00
908 	 909 	171	23.00
910 	 911 	217	16.00
911 	 912 	177	19.00
912 	 913 	222	17.00
912 	 944 	163	18.00
913 	 914 	205	22.00
913 	 945 	203	20.00
914 	 915 	227	17.00
914 	 946 	175	24.00
915 	 916 	159	23.00
917 	 918 	259	16.00
917 	 949 	186	17.00
918 	 919 	253	24.00
919 	 920 	216	24.00
919 	 951 	129	24.00
920 	 921 	195	16.00
921 	 922 	219	17.00
921 	 953 	194	16.00
922 	 923 	261	21.00
923 	 924 	197	23.00
924 	 925 	224	24.00
924 	 956 	247	23.00
925 	 926 	166	20.00
925 	 957 	206	19.00
926 	 927 	185	23.00
926 	 958 	261	18.00
928 	 929 	214	23.00
929 	 930 	188	19.00
929 	 961 	160	22.00
930 	 931 	272	19.00
930 	 962 	204	16.00
931 	 932 	166	22.00
931 	 963 	207	23.00
932 	 933 	224	19.00
932 	 964 	143	22.00
934 	 935 	147	17.00
934 	 966 	133	16.00
935 	 967 	170	20.00
937 	 938 	185	21.00
937 	 969 	265	18.00
938 	 939 	272	22.00
938 	 970 	230	17.00
939 	 940 	197	17.00
941 	 942 	140	17.00
942 	 943 	216	22.00
942 	 974 	133	22.00
943 	 944 	166	23.00
944 	 945 	260	20.00
944 	 976 	160	19.00
945 	 946 	228	21.00
946 	 947 	213	22.00
947 	 948 	233	16.00
948 	 949 	191	20.00
948 	 980 	273	19.00
949 	 950 	166	21.00
949 	 981 	181	23.00
950 	 951 	155	24.00
952 	 953 	152	19.00
952 	 984 	198	16.00
953 	 954 	129	19.00
953 	 985 	200	23.00
954 	 955 	196	16.00
954 	 986 	240	24.00
955 	 956 	257	23.00
956 	 957 	177	23.00
956 	 988 	128	23.00
957 	 958 	200	17.00
957 	 989 	269	24.00
958 	 959 	202	22.00
958 	 990 	192	24.00
959 	 991 	209	24.00
960 	 961 	145	24.00
962 	 963 	188	18.00
962 	 994 	195	22.00
963 	 964 	215	22.00
963 	 995 	227	19.00
964 	 965 	176	20.00
965 	 966 	135	21.00
965 	 997 	270	21.00
966 	 967 	244	22.00
967 	 968 	235	23.00
967 	 999 	122	23.00
968 	 969 	217	20.00
968 	 1000 	214	23.00
969 	 970 	155	23.00
969 	 1001 	273	16.00
970 	 971 	180	19.00
971 	 972 	152	24.00
972 	 973 	229	21.00
972 	 1004 	177	23.00
973 	 974 	200	16.00
974 	 975 	218	23.00
974 	 1006 	151	17.00
975 	 976 	210	20.00
975 	 1007 	131	23.00
977 	 978 	274	21.00
977 	 1009 	273	23.00
978 	 979 	180	19.00
978 	 1010 	201	22.00
979 	 980 	200	21.00
981 	 982 	209	17.00
981 	 1013 	247	20.00
982 	 983 	185	19.00
982 	 1014 	134	17.00
983 	 984 	226	24.00
983 	 1015 	263	16.00
984 	 985 	206	16.00
985 	 986 	236	21.00
985 	 1017 	210	20.00
986 	 987 	168	20.00
987 	 988 	179	23.00
988 	 989 	164	23.00
988 	 1020 	209	24.00
989 	 990 	137	23.00
989 	 1021 	160	24.00
990 	 991 	174	24.00
990 	 1022 	161	19.00
991 	 1023 	147	18.00
992 	 993 	271	21.00
993 	 994 	217	21.00
995 	 996 	172	16.00
997 	 998 	142	16.00
999 	 1000 	232	21.00
1002 	 1003 	221	20.00
1003 	 1004 	121	19.00
1005 	 1006 	257	18.00
1006 	 1007 	153	17.00
1007 	 1008 	233	23.00
1008 	 1009 	220	20.00
1009 	 1010 	184	21.00
1010 	 1011 	184	24.00
1011 	 1012 	214	16.00
1013 	 1014 	157	19.00
1014 	 1015 	123	20.00
1015 	 1016 	257	21.00
1017 	 1018 	172	19.00
1018 	 1019 	219	22.00
1019 	 1020 	202	21.00
1020 	 1021 	229	21.00
1021 	 1022 	211	17.00
1022 	 1023 	135	24.00
