1024 	 1488 	 20 	 0.30 
 
20	5	0
79	29	0
217	-7	0
295	-14	0
435	-30	0
511	-27	0
628	17	0
724	29	0
820	-8	8
945	-22	8
992	-13	8
1115	32	8
1232	-20	8
1307	-14	8
1434	5	6
1494	-2	6
1596	4	6
1668	-6	6
1832	11	6
1890	39	6
2007	-25	6
2106	42	6
2213	-4	6
2310	25	3
2390	-11	3
2505	-24	3
2628	-25	3
2691	1	3
2784	19	3
2897	6	3
3020	-39	3
3107	-20	3
-1	131	0
102	94	0
214	96	0
273	66	0
378	95	0
486	80	0
631	75	0
705	106	0
761	106	0
895	138	8
1037	84	8
1092	150	8
1200	105	8
1294	87	8
1420	126	6
1476	85	6
1604	75	6
1673	102	6
1762	108	6
1901	138	6
1985	128	6
2092	86	6
2183	94	6
2304	104	3
2401	91	19
2486	111	3
2597	79	3
2682	118	3
2818	119	3
2891	83	3
2963	99	3
3076	106	3
29	235	0
91	237	0
178	193	0
301	219	0
421	214	0
497	211	0
591	242	0
657	183	0
794	171	0
912	219	8
1032	181	8
1101	234	8
1199	226	8
1312	200	6
1404	221	6
1486	199	6
1593	178	6
1726	186	6
1815	223	6
1874	179	6
1998	196	6
2108	224	6
2202	195	6
2324	204	3
2370	210	3
2491	151	3
2591	157	3
2721	219	3
2790	217	3
2858	218	3
2994	232	3
3073	238	3
13	269	0
76	304	0
201	294	0
311	270	0
384	311	0
502	289	0
590	270	0
721	328	0
808	305	0
879	272	0
1007	296	8
1078	297	8
1196	304	8
1340	300	8
1402	281	6
1487	286	6
1632	280	6
1693	317	6
1753	291	6
1879	312	6
2005	280	6
2086	294	6
2205	292	3
2296	311	3
2403	292	3
2509	269	3
2608	293	3
2688	252	3
2771	349	3
2884	258	3
3029	304	3
3073	273	3
6	391	0
108	402	0
182	391	0
291	417	0
421	373	0
494	441	0
587	397	0
664	422	0
816	410	0
915	401	8
986	394	8
1116	424	8
1230	380	8
1333	354	6
1383	373	6
1501	379	6
1607	372	6
1718	368	6
1801	386	6
1883	430	6
2022	417	6
2111	429	6
2205	381	3
2324	435	3
2412	379	3
2499	434	3
2597	375	3
2686	384	3
2809	411	3
2919	417	3
3021	446	3
3068	404	3
-15	504	0
90	527	0
186	493	0
285	496	0
414	536	0
518	493	0
572	528	0
703	468	0
830	502	8
888	481	8
975	499	8
1090	511	8
1224	493	8
1288	492	8
1406	481	8
1459	497	6
1597	522	6
1693	500	6
1808	508	6
1932	483	6
2041	511	6
2106	511	6
2209	480	6
2298	502	3
2357	532	17
2494	537	3
2613	469	3
2671	522	3
2792	522	3
2922	526	3
3008	498	3
3110	496	3
-10	605	0
81	621	0
198	594	0
324	611	0
381	595	0
491	599	0
562	603	0
693	559	0
770	608	8
872	596	8
979	578	8
1106	602	8
1216	620	8
1302	595	8
1387	586	8
1485	607	6
1596	623	6
1652	586	6
1841	560	6
1910	622	6
2011	637	6
2110	636	6
2219	628	17
2314	609	17
2388	599	17
2506	570	5
2593	582	3
2692	612	3
2806	618	3
2889	580	3
3048	588	3
3085	595	3
-2	659	11
117	696	0
228	699	0
292	693	0
442	675	0
473	709	0
631	658	0
664	719	8
804	715	8
864	738	8
1021	677	8
1114	705	8
1216	661	8
1260	662	8
1390	674	8
1514	665	8
1571	698	6
1723	668	6
1814	711	6
1889	664	6
2006	662	6
2082	705	17
2191	722	17
2294	669	5
2381	731	5
2500	687	5
2601	724	3
2700	675	3
2761	661	3
2911	715	3
3013	696	5
3131	685	5
-7	815	11
100	801	11
166	800	11
319	784	0
419	805	11
539	806	11
621	762	0
699	803	8
784	827	8
903	780	8
955	814	8
1106	835	8
1243	821	8
1320	845	8
1423	803	8
1508	783	8
1621	804	14
1680	762	14
1817	768	6
1899	828	6
2007	827	14
2086	797	14
2198	814	5
2298	828	5
2377	783	5
2513	808	5
2622	808	3
2673	816	3
2793	789	3
2909	810	5
3013	822	5
3091	820	5
3	884	11
102	919	11
180	874	11
290	915	11
432	894	11
542	876	11
558	869	11
712	859	11
757	857	11
881	926	8
990	932	8
1070	905	8
1181	869	8
1298	899	8
1399	904	8
1517	869	14
1614	899	14
1656	892	14
1802	904	14
1926	899	14
1984	866	14
2096	894	5
2214	877	5
2337	880	5
2400	931	5
2496	910	5
2610	893	5
2721	891	3
2781	933	3
2918	928	5
2967	890	5
3121	926	5
18	1012	11
122	986	11
212	997	11
322	990	11
395	994	11
474	996	11
594	1000	11
699	979	11
815	1033	11
889	967	8
982	986	8
1136	974	8
1202	1003	12
1282	1018	12
1369	982	12
1479	1027	12
1569	986	14
1706	1026	14
1834	1012	14
1911	988	14
1962	1027	14
2111	1005	5
2193	964	5
2311	990	5
2398	1027	5
2506	986	5
2617	990	5
2660	1018	5
2799	1008	5
2899	999	5
3045	981	5
3114	1008	5
-27	1103	11
96	1084	11
219	1065	11
317	1098	11
422	1063	11
467	1127	11
587	1087	11
734	1132	11
823	1114	11
945	1117	11
1019	1128	12
1104	1119	12
1202	1129	12
1292	1097	12
1396	1087	12
1470	1092	12
1609	1069	14
1706	1129	14
1801	1141	14
1907	1100	14
2008	1097	14
2094	1062	14
2175	1099	5
2304	1086	5
2418	1115	5
2508	1113	5
2615	1097	5
2708	1130	5
2800	1110	5
2931	1068	5
2998	1088	5
3062	1113	5
26	1176	11
97	1232	11
199	1170	11
283	1198	11
413	1245	11
494	1203	11
567	1218	11
715	1214	11
799	1190	11
888	1178	11
981	1206	12
1058	1224	12
1196	1156	12
1306	1181	12
1434	1197	12
1530	1158	12
1605	1218	14
1704	1208	14
1793	1223	14
1874	1235	14
1994	1169	14
2065	1218	14
2172	1182	14
2337	1192	5
2396	1195	5
2512	1164	5
2597	1199	5
2669	1213	5
2788	1207	5
2910	1224	5
3045	1199	5
3095	1207	5
-35	1292	11
106	1272	11
182	1313	11
298	1271	11
433	1290	11
474	1300	11
610	1292	11
718	1314	11
837	1301	11
931	1289	12
966	1304	12
1090	1281	12
1230	1310	12
1276	1308	12
1373	1327	12
1479	1273	12
1634	1295	12
1665	1328	14
1792	1316	14
1871	1281	14
2026	1262	14
2094	1307	14
2171	1325	14
2323	1299	5
2420	1258	5
2460	1324	18
2610	1289	5
2689	1317	5
2794	1291	5
2905	1288	5
3025	1308	5
3098	1287	5
16	1407	11
137	1378	11
212	1396	11
323	1375	11
412	1376	11
472	1439	11
621	1393	11
670	1356	11
791	1446	12
873	1376	12
986	1449	12
1083	1416	12
1190	1367	12
1295	1409	12
1414	1372	12
1515	1369	12
1615	1380	12
1699	1397	14
1796	1382	14
1914	1397	14
2017	1376	14
2129	1409	14
2207	1371	14
2302	1396	14
2377	1389	5
2490	1375	5
2630	1424	5
2713	1389	4
2791	1392	4
2910	1371	5
2985	1412	5
3058	1386	5
-26	1466	11
83	1535	10
211	1460	11
328	1477	11
400	1492	11
508	1503	11
597	1513	13
726	1508	13
831	1480	12
903	1519	12
984	1497	12
1140	1478	12
1227	1484	12
1287	1531	12
1401	1504	12
1502	1514	12
1581	1499	12
1720	1469	14
1816	1490	14
1911	1503	14
2028	1470	14
2108	1528	14
2211	1459	14
2343	1475	14
2429	1493	5
2480	1511	5
2623	1507	4
2676	1480	4
2757	1499	4
2882	1520	4
2975	1478	4
3083	1504	5
-3	1623	11
102	1581	10
178	1600	10
284	1569	10
409	1606	10
539	1592	13
619	1596	13
714	1619	13
834	1562	12
912	1596	12
995	1582	12
1096	1582	12
1227	1632	12
1311	1623	12
1385	1587	12
1548	1630	12
1616	1599	12
1670	1631	12
1806	1583	14
1920	1595	14
2015	1610	14
2085	1618	14
2180	1615	14
2280	1604	14
2404	1593	14
2480	1589	4
2594	1591	4
2698	1614	4
2795	1632	4
2894	1593	4
2991	1588	4
3096	1585	4
2	1682	10
121	1699	10
214	1677	10
300	1692	10
388	1708	10
505	1705	10
573	1684	10
708	1683	13
821	1682	12
912	1724	16
1001	1665	12
1092	1686	12
1197	1676	12
1284	1692	12
1418	1700	12
1483	1700	12
1604	1704	12
1722	1701	14
1830	1700	14
1898	1726	14
1994	1705	14
2125	1684	14
2167	1718	14
2296	1712	14
2430	1722	4
2501	1722	4
2592	1682	4
2691	1698	4
2766	1722	4
2861	1703	4
3019	1712	4
3144	1680	4
-12	1754	10
82	1776	10
178	1814	10
302	1785	10
403	1771	10
499	1810	10
584	1834	10
695	1837	10
784	1801	16
901	1821	16
999	1790	12
1082	1831	12
1217	1789	12
1285	1782	12
1406	1816	15
1514	1822	15
1585	1801	12
1728	1801	14
1771	1826	14
1907	1777	14
1986	1813	14
2085	1778	15
2233	1796	15
2306	1769	4
2378	1818	4
2520	1801	4
2604	1752	4
2671	1765	4
2753	1830	4
2928	1811	4
3048	1753	4
3116	1804	4
-14	1915	10
107	1903	10
221	1896	10
299	1857	10
399	1900	10
492	1891	10
636	1884	10
734	1894	10
754	1923	10
879	1851	15
1002	1884	15
1099	1917	15
1168	1876	12
1319	1868	15
1359	1917	15
1499	1919	15
1554	1864	15
1736	1873	15
1787	1906	15
1915	1918	15
2006	1897	15
2090	1906	15
2230	1931	15
2313	1911	15
2423	1877	4
2513	1888	4
2597	1878	4
2702	1882	4
2813	1872	4
2894	1880	4
3000	1895	4
3099	1868	4
-10	1995	10
119	1999	10
227	1977	10
272	2027	10
363	1960	10
505	1979	10
626	2025	10
731	1982	10
796	1997	10
885	2039	10
1002	2002	15
1135	1976	15
1186	1990	15
1305	1999	15
1390	2002	15
1479	2027	15
1622	2029	15
1718	1992	15
1794	2008	15
1915	1988	15
1993	1986	15
2089	2016	15
2223	2008	4
2278	1998	4
2405	1955	4
2522	2002	4
2591	2013	4
2680	2026	4
2791	2004	4
2885	1990	4
2982	1992	4
3081	1995	4
-2	2086	10
84	2122	10
182	2072	10
339	2131	10
424	2118	10
532	2085	10
601	2081	10
708	2113	10
772	2147	10
854	2113	10
989	2129	15
1078	2097	15
1164	2128	9
1307	2075	15
1360	2090	15
1517	2079	15
1607	2129	15
1672	2101	15
1783	2085	15
1906	2117	15
1961	2081	15
2090	2070	15
2226	2075	15
2301	2068	4
2418	2105	4
2539	2073	4
2580	2133	4
2696	2082	4
2808	2052	4
2860	2111	4
2993	2088	4
3115	2089	4
3	2167	10
94	2225	10
209	2220	10
302	2165	10
418	2187	10
497	2222	10
622	2206	10
698	2208	10
830	2201	10
900	2186	15
1001	2205	15
1109	2171	9
1216	2190	9
1330	2231	9
1393	2230	15
1533	2242	15
1603	2224	15
1677	2225	15
1784	2202	15
1891	2160	15
2007	2225	15
2056	2202	15
2221	2166	15
2286	2201	15
2393	2236	4
2483	2223	4
2604	2213	4
2696	2241	4
2792	2201	2
2934	2196	4
2984	2195	4
3102	2204	4
-13	2320	10
91	2308	10
210	2319	1
322	2318	1
429	2285	1
483	2301	1
598	2301	10
701	2277	10
799	2320	10
888	2304	9
977	2295	9
1092	2299	9
1225	2288	9
1294	2290	9
1374	2305	9
1482	2287	9
1604	2274	15
1714	2298	15
1843	2288	15
1884	2292	7
2033	2311	15
2069	2274	15
2211	2327	7
2312	2302	15
2353	2293	15
2489	2300	15
2593	2282	4
2725	2285	2
2803	2287	2
2898	2287	2
2975	2296	2
3087	2275	4
25	2371	10
64	2379	10
230	2399	1
289	2374	1
365	2393	1
489	2399	1
584	2382	1
675	2424	10
820	2411	9
884	2379	9
990	2395	9
1090	2431	9
1195	2393	9
1316	2421	9
1390	2363	9
1508	2382	9
1634	2409	9
1727	2412	7
1827	2415	7
1933	2409	7
1990	2398	15
2118	2433	7
2200	2444	7
2276	2404	7
2423	2433	15
2456	2413	15
2583	2362	15
2680	2391	2
2815	2403	2
2939	2411	2
3006	2388	2
3110	2397	4
-31	2502	10
118	2478	1
202	2519	1
292	2478	1
392	2489	1
537	2479	1
601	2503	1
697	2488	1
810	2509	9
928	2533	9
979	2492	9
1126	2497	9
1201	2465	9
1292	2491	9
1391	2487	9
1507	2485	9
1615	2464	7
1711	2535	7
1805	2484	7
1941	2516	7
2018	2505	7
2070	2492	7
2228	2474	7
2313	2503	7
2410	2501	15
2487	2516	2
2611	2473	2
2653	2502	2
2764	2481	2
2863	2501	2
3006	2483	2
3091	2527	2
36	2600	1
98	2615	1
199	2629	1
294	2629	1
395	2592	1
480	2587	1
638	2579	1
700	2632	1
825	2598	9
900	2630	9
989	2561	9
1108	2618	9
1203	2617	9
1304	2589	9
1420	2604	9
1505	2632	7
1619	2569	7
1678	2647	7
1783	2609	7
1872	2593	7
1997	2613	7
2105	2598	7
2219	2649	7
2292	2600	2
2430	2592	2
2484	2584	2
2564	2602	2
2685	2608	2
2783	2627	2
2906	2575	2
2986	2599	2
3068	2612	2
-33	2682	1
118	2665	1
192	2659	1
299	2663	1
431	2696	1
523	2670	1
579	2698	1
694	2687	1
764	2716	1
917	2688	9
1043	2703	9
1082	2678	9
1186	2693	9
1299	2750	9
1395	2669	9
1506	2718	7
1621	2696	7
1683	2705	7
1783	2740	7
1934	2709	7
1981	2710	7
2104	2734	7
2208	2702	7
2306	2681	7
2428	2718	2
2493	2678	2
2614	2681	2
2685	2676	2
2805	2663	2
2893	2706	2
2996	2700	2
3086	2706	2
28	2783	1
90	2837	1
183	2829	1
348	2804	1
405	2811	1
524	2830	1
635	2814	1
712	2763	1
785	2807	1
881	2774	9
1031	2778	9
1115	2803	9
1174	2810	9
1335	2836	9
1380	2816	7
1517	2803	7
1602	2781	7
1694	2784	7
1768	2798	7
1894	2759	7
2010	2808	7
2075	2810	7
2204	2794	2
2307	2790	2
2392	2787	2
2500	2759	2
2589	2800	2
2687	2789	2
2817	2799	2
2898	2822	2
3017	2781	2
3137	2829	2
-15	2881	1
118	2879	1
201	2925	1
318	2903	1
392	2910	1
482	2883	1
602	2900	1
709	2920	1
820	2917	1
912	2874	9
999	2891	9
1104	2891	9
1225	2884	9
1325	2896	9
1421	2909	9
1454	2887	7
1591	2936	7
1682	2902	7
1829	2899	7
1881	2895	7
2045	2878	7
2095	2947	7
2236	2891	7
2312	2899	2
2402	2886	2
2526	2893	2
2582	2937	2
2708	2919	2
2813	2940	2
2879	2870	2
3025	2907	2
3117	2887	2
16	2986	1
100	2978	1
220	3020	1
276	2998	1
424	2999	1
528	3033	1
637	2974	1
684	3004	1
771	2968	9
901	3023	9
1036	3002	9
1103	2979	9
1185	2984	9
1315	3002	9
1389	3019	9
1494	2963	7
1599	2985	7
1693	3023	7
1822	2988	7
1894	3009	7
1973	2969	7
2108	2977	7
2205	3028	7
2266	3013	7
2396	3014	2
2510	3005	2
2599	3044	2
2706	2998	2
2833	3029	2
2916	2995	2
2999	3032	2
3100	2972	2
-10	3129	1
105	3093	1
199	3087	1
301	3140	1
379	3064	1
496	3079	1
634	3104	1
735	3102	1
801	3057	1
852	3097	9
994	3091	9
1101	3093	9
1188	3107	9
1297	3081	9
1401	3136	9
1496	3112	9
1636	3110	7
1700	3116	7
1773	3100	7
1866	3108	7
2014	3130	7
2108	3079	7
2207	3087	7
2299	3075	7
2378	3107	7
2514	3099	2
2616	3116	2
2705	3115	2
2803	3109	2
2926	3115	2
3002	3100	2
3107	3085	2

0 	 1 	248	19.00
0 	 32 	253	18.00
1 	 2 	223	16.00
2 	 3 	238	24.00
2 	 34 	213	22.00
3 	 4 	136	16.00
3 	 35 	259	23.00
4 	 5 	140	24.00
4 	 36 	156	20.00
5 	 6 	251	18.00
6 	 7 	133	20.00
7 	 8 	203	24.00
8 	 9 	143	24.00
8 	 40 	129	20.00
9 	 10 	236	16.00
9 	 41 	242	21.00
10 	 11 	198	20.00
12 	 13 	260	17.00
12 	 44 	237	16.00
13 	 14 	149	18.00
14 	 15 	170	19.00
15 	 16 	246	24.00
15 	 47 	182	16.00
16 	 17 	229	16.00
16 	 48 	264	21.00
17 	 18 	167	23.00
17 	 49 	132	17.00
18 	 19 	190	23.00
18 	 50 	226	21.00
19 	 20 	126	24.00
19 	 51 	236	24.00
20 	 21 	273	17.00
21 	 22 	202	16.00
21 	 53 	122	23.00
22 	 23 	239	24.00
22 	 54 	173	22.00
23 	 24 	263	18.00
23 	 55 	277	17.00
24 	 25 	152	24.00
24 	 56 	175	22.00
25 	 26 	189	19.00
25 	 57 	201	20.00
27 	 28 	150	23.00
27 	 59 	150	17.00
28 	 29 	179	16.00
29 	 30 	188	23.00
29 	 61 	125	23.00
30 	 31 	174	23.00
30 	 62 	216	22.00
31 	 63 	145	24.00
32 	 33 	179	16.00
32 	 64 	185	20.00
33 	 34 	147	23.00
33 	 65 	265	18.00
35 	 36 	240	17.00
36 	 37 	156	17.00
36 	 68 	135	24.00
37 	 38 	253	23.00
37 	 69 	174	23.00
38 	 39 	168	16.00
38 	 70 	199	20.00
39 	 40 	268	19.00
39 	 71 	136	18.00
40 	 41 	265	23.00
40 	 72 	204	18.00
41 	 42 	221	17.00
42 	 43 	269	24.00
42 	 74 	228	20.00
43 	 44 	267	20.00
43 	 75 	147	24.00
44 	 45 	130	20.00
44 	 76 	210	21.00
45 	 46 	221	17.00
46 	 47 	233	21.00
46 	 78 	217	16.00
47 	 48 	206	24.00
47 	 79 	270	19.00
48 	 49 	138	18.00
48 	 80 	162	24.00
49 	 50 	239	20.00
49 	 81 	137	24.00
50 	 51 	230	17.00
50 	 82 	133	22.00
51 	 52 	150	21.00
52 	 53 	273	21.00
52 	 84 	241	18.00
53 	 54 	174	16.00
53 	 85 	266	24.00
54 	 55 	160	21.00
54 	 86 	208	19.00
55 	 56 	134	16.00
55 	 87 	149	18.00
56 	 57 	216	18.00
57 	 58 	273	19.00
57 	 89 	210	18.00
58 	 59 	236	18.00
58 	 90 	230	17.00
60 	 61 	255	20.00
60 	 92 	130	24.00
61 	 62 	203	19.00
61 	 93 	205	20.00
62 	 63 	215	21.00
63 	 95 	137	21.00
64 	 65 	125	19.00
64 	 96 	131	22.00
65 	 66 	244	17.00
65 	 97 	121	17.00
66 	 67 	172	18.00
66 	 98 	232	24.00
67 	 99 	209	22.00
69 	 70 	187	19.00
69 	 101 	219	17.00
70 	 71 	208	19.00
70 	 102 	270	22.00
71 	 72 	254	16.00
72 	 73 	273	22.00
72 	 104 	171	23.00
73 	 74 	262	20.00
73 	 105 	205	24.00
75 	 76 	255	20.00
75 	 107 	182	21.00
76 	 77 	203	19.00
76 	 108 	164	21.00
77 	 78 	234	22.00
78 	 79 	212	16.00
78 	 110 	139	19.00
79 	 80 	255	18.00
79 	 111 	231	17.00
80 	 81 	219	16.00
82 	 83 	150	22.00
82 	 114 	157	19.00
83 	 115 	153	23.00
85 	 86 	252	17.00
85 	 117 	246	19.00
86 	 87 	176	18.00
86 	 118 	217	17.00
87 	 88 	208	24.00
87 	 119 	215	18.00
89 	 90 	199	23.00
89 	 121 	185	17.00
90 	 91 	188	16.00
90 	 122 	229	24.00
91 	 92 	258	17.00
91 	 123 	128	24.00
93 	 94 	139	17.00
93 	 125 	201	18.00
95 	 127 	233	22.00
96 	 97 	120	24.00
96 	 128 	142	19.00
97 	 98 	170	24.00
98 	 99 	167	20.00
100 	 101 	160	20.00
100 	 132 	124	17.00
101 	 102 	125	23.00
101 	 133 	192	17.00
102 	 103 	220	17.00
103 	 104 	259	16.00
104 	 105 	153	16.00
104 	 136 	207	19.00
105 	 106 	232	23.00
106 	 107 	247	19.00
106 	 138 	234	21.00
107 	 108 	213	21.00
107 	 139 	211	19.00
108 	 109 	210	24.00
109 	 110 	209	17.00
109 	 141 	141	23.00
110 	 111 	249	24.00
110 	 142 	272	21.00
111 	 112 	212	22.00
111 	 143 	216	23.00
113 	 114 	143	16.00
113 	 145 	275	19.00
114 	 115 	174	18.00
114 	 146 	166	20.00
115 	 116 	210	18.00
116 	 117 	125	24.00
117 	 118 	197	21.00
117 	 149 	125	17.00
118 	 119 	150	20.00
118 	 150 	129	20.00
119 	 120 	201	24.00
120 	 121 	209	18.00
120 	 152 	239	18.00
121 	 122 	225	22.00
121 	 153 	222	20.00
122 	 123 	236	17.00
122 	 154 	150	24.00
123 	 124 	249	19.00
123 	 155 	220	18.00
125 	 126 	213	19.00
126 	 127 	157	21.00
126 	 158 	192	17.00
127 	 159 	216	23.00
128 	 129 	211	16.00
129 	 130 	196	17.00
129 	 161 	159	16.00
130 	 131 	206	18.00
130 	 162 	213	16.00
131 	 132 	128	21.00
131 	 163 	258	19.00
132 	 133 	121	23.00
132 	 164 	143	16.00
133 	 134 	176	20.00
134 	 135 	204	21.00
135 	 136 	256	22.00
136 	 137 	210	16.00
136 	 168 	225	17.00
138 	 139 	240	21.00
139 	 140 	145	21.00
139 	 171 	259	24.00
140 	 141 	265	24.00
140 	 172 	240	19.00
141 	 142 	138	16.00
141 	 173 	212	18.00
142 	 143 	232	17.00
142 	 174 	212	16.00
143 	 144 	156	20.00
143 	 175 	201	19.00
144 	 145 	193	18.00
144 	 176 	189	23.00
145 	 146 	264	23.00
145 	 177 	244	20.00
146 	 147 	159	18.00
146 	 178 	225	17.00
147 	 148 	212	22.00
147 	 179 	221	18.00
149 	 150 	165	21.00
150 	 151 	150	18.00
151 	 152 	228	22.00
151 	 183 	247	22.00
152 	 153 	200	20.00
152 	 184 	167	22.00
153 	 154 	268	17.00
154 	 155 	129	20.00
154 	 186 	192	21.00
155 	 156 	218	18.00
156 	 157 	207	18.00
156 	 188 	215	17.00
157 	 158 	133	20.00
158 	 159 	233	20.00
159 	 191 	149	16.00
160 	 161 	265	16.00
160 	 192 	255	24.00
161 	 162 	137	22.00
162 	 163 	128	24.00
162 	 194 	142	17.00
163 	 164 	186	18.00
164 	 165 	199	19.00
165 	 166 	199	17.00
165 	 197 	177	16.00
166 	 167 	138	22.00
166 	 198 	278	21.00
167 	 168 	164	22.00
167 	 199 	257	17.00
168 	 169 	254	18.00
168 	 200 	222	22.00
169 	 170 	201	17.00
169 	 201 	165	21.00
170 	 171 	272	22.00
171 	 172 	200	17.00
171 	 203 	255	22.00
172 	 173 	148	22.00
172 	 204 	273	20.00
173 	 174 	152	21.00
173 	 205 	240	17.00
174 	 175 	193	16.00
174 	 206 	241	21.00
176 	 177 	241	21.00
177 	 178 	205	23.00
177 	 209 	262	20.00
179 	 180 	199	24.00
180 	 181 	249	16.00
180 	 212 	220	18.00
181 	 182 	226	18.00
181 	 213 	222	17.00
182 	 183 	208	22.00
182 	 214 	146	21.00
183 	 184 	195	21.00
183 	 215 	196	19.00
184 	 185 	189	22.00
184 	 216 	141	22.00
187 	 188 	132	23.00
187 	 219 	180	21.00
188 	 189 	145	23.00
189 	 190 	156	19.00
189 	 221 	138	17.00
190 	 191 	205	22.00
190 	 222 	267	22.00
191 	 223 	193	19.00
192 	 193 	182	23.00
192 	 224 	235	23.00
193 	 194 	214	18.00
193 	 225 	178	23.00
194 	 195 	214	24.00
194 	 226 	260	20.00
195 	 196 	165	16.00
196 	 197 	124	19.00
197 	 198 	275	16.00
197 	 229 	208	22.00
198 	 199 	124	24.00
199 	 200 	147	20.00
200 	 201 	183	19.00
200 	 232 	142	19.00
201 	 202 	197	19.00
202 	 203 	177	16.00
202 	 234 	219	22.00
203 	 204 	186	21.00
203 	 235 	194	24.00
204 	 205 	277	20.00
204 	 236 	185	18.00
206 	 207 	189	18.00
206 	 238 	260	18.00
207 	 208 	212	20.00
207 	 239 	149	24.00
208 	 209 	250	21.00
209 	 210 	179	18.00
209 	 241 	202	22.00
210 	 211 	158	16.00
210 	 242 	186	21.00
211 	 243 	262	19.00
213 	 214 	264	21.00
213 	 245 	123	23.00
214 	 215 	140	23.00
214 	 246 	214	18.00
215 	 216 	160	18.00
215 	 247 	266	17.00
217 	 218 	171	23.00
217 	 249 	140	17.00
218 	 219 	267	22.00
218 	 250 	120	20.00
219 	 220 	214	18.00
219 	 251 	144	17.00
220 	 221 	149	17.00
220 	 252 	150	16.00
221 	 222 	167	16.00
221 	 253 	167	16.00
222 	 223 	225	21.00
223 	 255 	173	16.00
224 	 225 	193	22.00
225 	 226 	202	21.00
226 	 227 	140	19.00
227 	 228 	169	23.00
227 	 259 	256	16.00
228 	 229 	154	19.00
228 	 260 	203	24.00
229 	 230 	257	16.00
229 	 261 	199	17.00
230 	 231 	219	19.00
231 	 232 	142	24.00
231 	 263 	264	20.00
232 	 233 	120	19.00
233 	 234 	177	24.00
234 	 235 	275	24.00
234 	 266 	120	18.00
235 	 236 	257	22.00
235 	 267 	203	22.00
237 	 238 	192	17.00
237 	 269 	210	22.00
238 	 239 	202	19.00
238 	 270 	134	17.00
239 	 240 	274	18.00
240 	 241 	203	19.00
242 	 243 	137	21.00
242 	 274 	189	19.00
243 	 244 	157	20.00
243 	 275 	190	18.00
244 	 245 	179	20.00
244 	 276 	170	21.00
245 	 246 	136	23.00
245 	 277 	195	24.00
246 	 247 	163	19.00
247 	 248 	178	19.00
247 	 279 	169	22.00
248 	 249 	181	19.00
249 	 250 	235	23.00
249 	 281 	223	19.00
250 	 251 	246	22.00
250 	 282 	224	19.00
251 	 252 	229	22.00
252 	 253 	231	21.00
253 	 254 	194	23.00
253 	 285 	241	18.00
254 	 255 	130	24.00
256 	 257 	166	19.00
256 	 288 	248	19.00
257 	 258 	208	21.00
257 	 289 	218	23.00
258 	 259 	263	19.00
259 	 260 	129	22.00
259 	 291 	210	16.00
262 	 263 	260	18.00
262 	 294 	199	24.00
263 	 264 	147	17.00
263 	 295 	218	22.00
264 	 265 	276	20.00
264 	 296 	175	23.00
266 	 267 	162	19.00
267 	 268 	152	16.00
267 	 299 	247	23.00
268 	 269 	132	18.00
268 	 300 	248	24.00
269 	 270 	273	18.00
269 	 301 	231	23.00
270 	 271 	164	20.00
271 	 272 	227	24.00
271 	 303 	257	23.00
273 	 274 	122	21.00
274 	 275 	235	20.00
274 	 306 	219	24.00
275 	 276 	182	17.00
275 	 307 	269	16.00
276 	 277 	180	23.00
276 	 308 	275	21.00
277 	 278 	128	17.00
278 	 279 	189	22.00
278 	 310 	224	23.00
279 	 280 	177	20.00
280 	 281 	144	23.00
280 	 312 	189	21.00
281 	 282 	198	23.00
283 	 284 	147	16.00
283 	 315 	224	17.00
284 	 285 	249	16.00
285 	 286 	252	22.00
285 	 317 	261	22.00
286 	 287 	238	24.00
286 	 318 	169	22.00
288 	 289 	268	17.00
288 	 320 	142	24.00
289 	 290 	191	23.00
290 	 291 	276	16.00
290 	 322 	142	21.00
292 	 293 	158	17.00
292 	 324 	214	17.00
293 	 294 	263	24.00
294 	 295 	142	22.00
294 	 326 	143	18.00
295 	 296 	264	24.00
295 	 327 	134	17.00
296 	 297 	246	22.00
296 	 328 	249	24.00
297 	 298 	120	18.00
298 	 299 	146	17.00
298 	 330 	186	24.00
299 	 300 	247	18.00
299 	 331 	179	19.00
300 	 301 	211	24.00
300 	 332 	188	22.00
301 	 302 	153	20.00
301 	 333 	232	16.00
302 	 303 	208	16.00
303 	 304 	233	20.00
303 	 335 	228	19.00
304 	 305 	155	24.00
304 	 336 	149	24.00
305 	 306 	197	20.00
305 	 337 	274	23.00
306 	 307 	152	19.00
307 	 308 	253	23.00
307 	 339 	211	19.00
308 	 309 	223	20.00
308 	 340 	134	23.00
309 	 310 	230	24.00
310 	 311 	216	21.00
310 	 342 	170	21.00
311 	 312 	120	23.00
311 	 343 	198	18.00
312 	 313 	215	20.00
313 	 314 	217	16.00
313 	 345 	127	21.00
314 	 315 	134	22.00
315 	 316 	189	18.00
317 	 318 	159	22.00
318 	 319 	183	19.00
318 	 350 	253	21.00
319 	 351 	251	19.00
320 	 321 	267	23.00
320 	 352 	163	18.00
321 	 322 	154	24.00
321 	 353 	195	19.00
322 	 323 	217	21.00
322 	 354 	190	23.00
323 	 324 	230	22.00
323 	 355 	216	21.00
324 	 325 	210	21.00
325 	 326 	268	21.00
326 	 327 	121	22.00
327 	 328 	187	22.00
327 	 359 	218	21.00
328 	 329 	278	17.00
329 	 330 	152	22.00
330 	 331 	266	17.00
330 	 362 	124	22.00
331 	 332 	223	17.00
331 	 363 	157	17.00
332 	 333 	207	17.00
333 	 334 	189	24.00
333 	 365 	222	21.00
334 	 335 	240	17.00
334 	 366 	185	17.00
335 	 336 	272	24.00
335 	 367 	224	17.00
336 	 337 	126	19.00
337 	 338 	209	23.00
337 	 369 	141	21.00
338 	 339 	211	21.00
338 	 370 	224	24.00
339 	 340 	158	16.00
340 	 341 	198	17.00
340 	 372 	202	22.00
341 	 342 	181	21.00
341 	 373 	210	23.00
342 	 343 	124	17.00
342 	 374 	170	22.00
343 	 344 	240	17.00
343 	 375 	130	24.00
344 	 345 	139	23.00
344 	 376 	258	20.00
345 	 346 	222	22.00
347 	 348 	173	17.00
347 	 379 	193	23.00
348 	 349 	255	16.00
349 	 350 	258	16.00
350 	 351 	239	16.00
351 	 383 	216	24.00
352 	 353 	179	19.00
352 	 384 	129	16.00
353 	 354 	129	21.00
353 	 385 	174	21.00
354 	 355 	178	18.00
354 	 386 	250	21.00
355 	 356 	275	22.00
355 	 387 	224	19.00
356 	 357 	214	22.00
357 	 358 	126	21.00
357 	 389 	202	22.00
359 	 360 	208	21.00
360 	 361 	187	19.00
360 	 392 	172	23.00
361 	 362 	236	24.00
361 	 393 	277	16.00
362 	 363 	197	22.00
363 	 364 	184	16.00
363 	 395 	129	20.00
364 	 365 	150	21.00
365 	 366 	167	21.00
365 	 397 	181	17.00
366 	 367 	134	19.00
366 	 398 	171	21.00
367 	 368 	144	23.00
368 	 369 	276	17.00
368 	 400 	156	22.00
369 	 370 	276	19.00
369 	 401 	185	22.00
370 	 371 	185	17.00
370 	 402 	206	20.00
371 	 372 	176	20.00
371 	 403 	244	21.00
372 	 373 	180	22.00
372 	 404 	208	16.00
373 	 374 	153	24.00
374 	 375 	217	20.00
374 	 406 	149	16.00
375 	 376 	208	22.00
375 	 407 	171	18.00
376 	 377 	132	18.00
376 	 408 	235	16.00
377 	 378 	193	18.00
377 	 409 	188	22.00
378 	 379 	174	21.00
378 	 410 	208	17.00
379 	 380 	232	17.00
379 	 411 	210	17.00
380 	 381 	145	17.00
380 	 412 	265	19.00
381 	 382 	236	23.00
381 	 413 	147	22.00
382 	 383 	271	16.00
383 	 415 	222	20.00
384 	 385 	222	19.00
384 	 416 	230	22.00
385 	 386 	122	22.00
385 	 417 	187	16.00
387 	 388 	159	23.00
387 	 419 	270	17.00
388 	 389 	140	18.00
389 	 390 	168	21.00
389 	 421 	191	18.00
390 	 391 	146	22.00
390 	 422 	246	19.00
391 	 392 	180	19.00
391 	 423 	196	19.00
392 	 393 	172	19.00
392 	 424 	221	16.00
393 	 394 	219	17.00
393 	 425 	252	20.00
394 	 395 	120	17.00
395 	 396 	243	21.00
395 	 427 	150	21.00
396 	 397 	242	22.00
396 	 428 	191	16.00
397 	 398 	127	17.00
397 	 429 	127	16.00
398 	 399 	143	21.00
398 	 430 	140	16.00
399 	 400 	137	17.00
399 	 431 	156	18.00
400 	 401 	209	17.00
400 	 432 	202	18.00
401 	 402 	230	21.00
401 	 433 	222	20.00
402 	 403 	132	16.00
402 	 434 	179	20.00
403 	 404 	219	22.00
403 	 435 	228	17.00
404 	 405 	133	17.00
404 	 436 	241	18.00
405 	 406 	154	17.00
405 	 437 	181	24.00
406 	 407 	209	21.00
407 	 408 	161	20.00
407 	 439 	228	24.00
408 	 409 	130	18.00
408 	 440 	177	18.00
409 	 410 	229	23.00
410 	 411 	179	16.00
410 	 442 	271	18.00
411 	 412 	186	20.00
411 	 443 	234	16.00
412 	 413 	175	21.00
412 	 444 	169	16.00
413 	 414 	215	17.00
413 	 445 	169	21.00
414 	 415 	274	20.00
414 	 446 	143	17.00
415 	 447 	217	19.00
416 	 417 	230	18.00
416 	 448 	125	24.00
417 	 418 	219	16.00
417 	 449 	160	21.00
418 	 419 	209	22.00
418 	 450 	141	23.00
419 	 420 	188	23.00
420 	 421 	157	22.00
420 	 452 	231	24.00
421 	 422 	190	20.00
421 	 453 	154	21.00
422 	 423 	184	22.00
422 	 454 	166	22.00
423 	 424 	227	21.00
423 	 455 	233	20.00
424 	 425 	244	23.00
424 	 456 	215	24.00
425 	 426 	191	20.00
427 	 428 	129	22.00
428 	 429 	165	22.00
429 	 430 	169	21.00
430 	 462 	206	19.00
432 	 433 	279	18.00
432 	 464 	268	16.00
433 	 434 	280	18.00
433 	 465 	187	21.00
434 	 435 	179	20.00
434 	 466 	181	21.00
435 	 436 	201	22.00
435 	 467 	276	23.00
436 	 437 	202	23.00
438 	 439 	224	23.00
438 	 470 	224	17.00
439 	 440 	172	17.00
439 	 471 	263	24.00
440 	 441 	214	16.00
440 	 472 	144	24.00
441 	 442 	231	16.00
441 	 473 	205	17.00
442 	 443 	135	22.00
442 	 474 	166	23.00
443 	 444 	239	18.00
443 	 475 	218	22.00
445 	 477 	179	20.00
447 	 479 	278	24.00
448 	 449 	157	23.00
448 	 480 	181	21.00
449 	 450 	181	16.00
449 	 481 	261	18.00
450 	 451 	230	22.00
450 	 482 	207	22.00
451 	 452 	275	22.00
451 	 483 	135	18.00
452 	 453 	142	21.00
452 	 484 	158	23.00
453 	 454 	270	16.00
454 	 455 	197	16.00
454 	 486 	203	16.00
455 	 456 	146	24.00
455 	 487 	161	23.00
456 	 457 	241	17.00
456 	 488 	249	18.00
457 	 458 	156	20.00
457 	 489 	231	20.00
458 	 459 	164	17.00
458 	 490 	198	24.00
459 	 460 	127	24.00
459 	 491 	245	22.00
460 	 461 	136	23.00
460 	 492 	130	17.00
461 	 462 	169	18.00
461 	 493 	201	16.00
462 	 463 	277	20.00
462 	 494 	206	20.00
463 	 464 	264	20.00
463 	 495 	205	22.00
464 	 465 	223	19.00
464 	 496 	177	17.00
465 	 466 	246	21.00
466 	 467 	176	22.00
466 	 498 	170	24.00
468 	 469 	254	16.00
468 	 500 	169	23.00
469 	 470 	194	24.00
470 	 471 	253	18.00
470 	 502 	228	21.00
471 	 472 	147	16.00
472 	 473 	263	21.00
474 	 475 	150	22.00
475 	 476 	126	17.00
475 	 507 	242	23.00
477 	 478 	280	17.00
477 	 509 	127	24.00
478 	 479 	231	17.00
478 	 510 	228	22.00
479 	 511 	245	18.00
480 	 481 	187	24.00
480 	 512 	136	21.00
481 	 482 	144	18.00
481 	 513 	159	19.00
482 	 483 	238	24.00
482 	 514 	255	24.00
483 	 484 	135	23.00
484 	 485 	243	16.00
485 	 486 	181	16.00
486 	 487 	275	21.00
486 	 518 	199	24.00
487 	 488 	278	18.00
488 	 489 	137	17.00
490 	 491 	223	22.00
493 	 494 	197	19.00
494 	 495 	176	23.00
494 	 526 	257	20.00
495 	 496 	132	19.00
496 	 497 	185	16.00
496 	 528 	255	16.00
499 	 500 	217	19.00
500 	 501 	194	18.00
500 	 532 	188	24.00
502 	 503 	150	22.00
502 	 534 	223	17.00
503 	 504 	216	19.00
503 	 535 	268	17.00
504 	 505 	127	18.00
504 	 536 	264	16.00
505 	 506 	189	23.00
508 	 509 	122	17.00
509 	 510 	182	22.00
509 	 541 	122	21.00
510 	 511 	152	19.00
510 	 542 	200	18.00
512 	 513 	198	22.00
512 	 544 	280	20.00
513 	 514 	267	18.00
513 	 545 	255	21.00
514 	 515 	239	21.00
514 	 546 	122	24.00
515 	 516 	140	16.00
515 	 547 	169	17.00
516 	 517 	227	16.00
516 	 548 	184	19.00
518 	 519 	247	19.00
518 	 550 	199	23.00
519 	 520 	159	16.00
521 	 522 	167	22.00
521 	 553 	155	20.00
522 	 523 	255	17.00
522 	 554 	207	23.00
523 	 524 	222	19.00
523 	 555 	270	18.00
524 	 525 	208	16.00
524 	 556 	150	16.00
525 	 526 	140	17.00
525 	 557 	182	22.00
526 	 527 	197	24.00
526 	 558 	135	24.00
527 	 528 	190	18.00
528 	 529 	187	22.00
528 	 560 	195	19.00
530 	 531 	246	17.00
530 	 562 	195	20.00
531 	 532 	224	16.00
531 	 563 	266	20.00
532 	 533 	135	17.00
532 	 564 	169	16.00
533 	 534 	275	23.00
533 	 565 	242	24.00
534 	 535 	211	19.00
534 	 566 	170	21.00
535 	 536 	273	22.00
535 	 567 	217	16.00
536 	 537 	169	23.00
537 	 538 	141	21.00
537 	 569 	223	20.00
538 	 539 	123	21.00
538 	 570 	129	19.00
540 	 541 	171	23.00
540 	 572 	128	21.00
541 	 542 	193	23.00
541 	 573 	171	20.00
542 	 543 	274	17.00
542 	 574 	261	20.00
545 	 546 	162	20.00
546 	 547 	261	19.00
546 	 578 	190	19.00
547 	 548 	193	16.00
549 	 550 	216	21.00
550 	 551 	230	24.00
550 	 582 	211	23.00
551 	 552 	169	17.00
551 	 583 	152	18.00
552 	 553 	121	22.00
552 	 584 	158	22.00
553 	 554 	228	22.00
554 	 555 	260	20.00
555 	 556 	148	23.00
556 	 557 	182	24.00
556 	 588 	159	23.00
557 	 558 	190	23.00
558 	 559 	152	16.00
558 	 590 	255	16.00
559 	 560 	204	18.00
559 	 591 	158	21.00
560 	 561 	198	23.00
565 	 566 	271	23.00
565 	 597 	220	16.00
566 	 567 	156	16.00
566 	 598 	224	21.00
567 	 568 	174	16.00
567 	 599 	145	23.00
568 	 569 	169	22.00
568 	 600 	142	17.00
569 	 570 	269	23.00
571 	 572 	235	17.00
571 	 603 	232	21.00
572 	 573 	127	20.00
572 	 604 	204	22.00
573 	 574 	263	20.00
575 	 607 	259	16.00
576 	 577 	274	22.00
576 	 608 	121	16.00
578 	 579 	249	21.00
578 	 610 	146	22.00
579 	 580 	192	16.00
579 	 611 	178	16.00
580 	 581 	197	23.00
580 	 612 	183	21.00
581 	 582 	145	24.00
581 	 613 	173	16.00
582 	 583 	125	24.00
582 	 614 	138	21.00
584 	 585 	250	20.00
585 	 586 	130	24.00
585 	 617 	272	18.00
586 	 587 	161	20.00
586 	 618 	183	20.00
587 	 588 	182	19.00
587 	 619 	172	19.00
588 	 589 	190	23.00
588 	 620 	178	22.00
589 	 590 	149	16.00
589 	 621 	234	17.00
590 	 591 	201	19.00
591 	 592 	198	22.00
591 	 623 	263	18.00
592 	 593 	228	20.00
592 	 624 	145	19.00
593 	 594 	258	19.00
593 	 625 	143	18.00
594 	 595 	226	18.00
594 	 626 	246	17.00
595 	 596 	166	24.00
595 	 627 	267	23.00
596 	 597 	254	20.00
597 	 598 	196	17.00
598 	 599 	144	16.00
598 	 630 	159	21.00
599 	 600 	209	22.00
600 	 601 	246	21.00
600 	 632 	255	18.00
601 	 602 	242	18.00
601 	 633 	177	20.00
603 	 604 	198	16.00
604 	 605 	162	20.00
604 	 636 	185	19.00
605 	 606 	185	21.00
605 	 637 	123	24.00
606 	 607 	168	21.00
606 	 638 	181	20.00
608 	 609 	188	22.00
608 	 640 	121	23.00
609 	 610 	192	16.00
610 	 611 	272	24.00
611 	 612 	216	20.00
612 	 613 	193	21.00
613 	 614 	208	22.00
614 	 615 	217	24.00
614 	 646 	280	22.00
615 	 616 	241	18.00
616 	 617 	228	17.00
616 	 648 	207	22.00
617 	 618 	142	23.00
618 	 619 	209	18.00
618 	 650 	123	17.00
619 	 620 	146	17.00
619 	 651 	279	20.00
620 	 621 	244	17.00
620 	 652 	207	19.00
621 	 622 	279	23.00
621 	 653 	232	23.00
622 	 623 	131	18.00
622 	 654 	194	21.00
623 	 624 	215	23.00
623 	 655 	280	24.00
624 	 625 	201	24.00
625 	 626 	228	17.00
625 	 657 	141	23.00
626 	 627 	172	19.00
626 	 658 	179	17.00
627 	 628 	138	22.00
627 	 659 	177	23.00
628 	 629 	267	19.00
628 	 660 	234	21.00
629 	 630 	256	20.00
630 	 631 	144	22.00
630 	 662 	159	17.00
631 	 632 	225	17.00
632 	 633 	207	20.00
633 	 634 	185	24.00
634 	 635 	146	24.00
634 	 666 	184	21.00
635 	 636 	241	19.00
636 	 637 	207	23.00
637 	 638 	159	16.00
637 	 669 	246	23.00
638 	 639 	279	18.00
640 	 641 	131	22.00
641 	 642 	265	24.00
641 	 673 	174	17.00
642 	 643 	174	19.00
643 	 644 	201	23.00
644 	 645 	140	23.00
644 	 676 	129	21.00
646 	 647 	147	18.00
646 	 678 	200	20.00
647 	 648 	259	24.00
648 	 649 	179	23.00
648 	 680 	248	21.00
649 	 650 	256	23.00
649 	 681 	122	24.00
650 	 651 	171	16.00
650 	 682 	127	22.00
651 	 652 	162	22.00
651 	 683 	131	17.00
652 	 653 	196	19.00
652 	 684 	158	16.00
653 	 654 	166	22.00
653 	 685 	270	18.00
654 	 655 	143	22.00
654 	 686 	123	19.00
655 	 656 	268	16.00
655 	 687 	199	20.00
656 	 657 	120	16.00
657 	 658 	179	20.00
657 	 689 	147	17.00
658 	 659 	188	21.00
658 	 690 	243	22.00
659 	 660 	275	18.00
659 	 691 	190	19.00
660 	 661 	191	18.00
660 	 692 	165	17.00
662 	 663 	121	17.00
662 	 694 	168	17.00
663 	 664 	215	23.00
664 	 665 	221	16.00
665 	 666 	122	23.00
666 	 667 	221	19.00
668 	 669 	235	21.00
668 	 700 	154	17.00
669 	 670 	235	22.00
669 	 701 	233	20.00
670 	 671 	279	19.00
671 	 703 	220	20.00
672 	 673 	202	21.00
672 	 704 	279	23.00
673 	 674 	272	16.00
674 	 675 	239	21.00
675 	 676 	132	16.00
676 	 677 	194	24.00
676 	 708 	196	24.00
677 	 678 	262	22.00
677 	 709 	269	20.00
678 	 679 	174	24.00
678 	 710 	261	23.00
679 	 680 	277	16.00
679 	 711 	184	22.00
681 	 682 	240	16.00
681 	 713 	151	21.00
682 	 683 	215	16.00
683 	 684 	276	23.00
683 	 715 	231	21.00
685 	 686 	212	23.00
685 	 717 	215	22.00
686 	 687 	258	16.00
686 	 718 	173	19.00
687 	 688 	135	22.00
687 	 719 	127	16.00
688 	 689 	182	24.00
688 	 720 	123	22.00
689 	 690 	190	16.00
689 	 721 	124	18.00
690 	 691 	170	20.00
691 	 692 	120	18.00
693 	 694 	173	16.00
693 	 725 	255	19.00
694 	 695 	154	22.00
694 	 726 	220	24.00
695 	 696 	244	22.00
695 	 727 	274	20.00
696 	 697 	174	16.00
697 	 698 	208	16.00
697 	 729 	130	19.00
698 	 699 	219	16.00
698 	 730 	133	22.00
701 	 702 	219	17.00
702 	 703 	278	23.00
702 	 734 	264	20.00
703 	 735 	202	21.00
704 	 705 	240	23.00
704 	 736 	272	18.00
705 	 706 	160	17.00
705 	 737 	187	16.00
706 	 707 	216	18.00
707 	 708 	221	18.00
707 	 739 	131	21.00
708 	 709 	242	16.00
708 	 740 	155	22.00
709 	 710 	277	22.00
710 	 711 	244	16.00
710 	 742 	245	17.00
711 	 712 	172	20.00
711 	 743 	138	23.00
712 	 713 	159	22.00
712 	 744 	129	17.00
713 	 714 	275	18.00
713 	 745 	254	19.00
714 	 715 	210	24.00
715 	 716 	210	21.00
716 	 717 	203	17.00
716 	 748 	183	21.00
717 	 718 	256	19.00
718 	 719 	269	18.00
718 	 750 	180	18.00
719 	 720 	140	17.00
720 	 721 	128	24.00
720 	 752 	231	23.00
721 	 722 	147	22.00
722 	 723 	229	16.00
723 	 724 	162	20.00
723 	 755 	121	20.00
724 	 725 	240	24.00
725 	 726 	278	16.00
725 	 757 	245	22.00
726 	 727 	123	20.00
726 	 758 	230	22.00
727 	 728 	263	18.00
727 	 759 	149	22.00
728 	 729 	201	19.00
728 	 760 	184	20.00
729 	 730 	120	19.00
730 	 731 	255	23.00
730 	 762 	131	21.00
731 	 732 	146	19.00
731 	 763 	121	21.00
732 	 733 	268	20.00
733 	 734 	266	18.00
733 	 765 	204	22.00
734 	 735 	261	17.00
735 	 767 	163	18.00
736 	 737 	222	17.00
736 	 768 	137	19.00
737 	 738 	193	17.00
738 	 739 	130	18.00
738 	 770 	246	18.00
740 	 741 	259	19.00
741 	 742 	152	24.00
742 	 743 	197	19.00
742 	 774 	123	24.00
743 	 744 	270	21.00
743 	 775 	183	18.00
744 	 745 	269	16.00
744 	 776 	227	17.00
745 	 746 	133	23.00
746 	 747 	160	20.00
746 	 778 	262	23.00
747 	 748 	125	18.00
747 	 779 	270	21.00
748 	 749 	129	23.00
749 	 750 	217	17.00
749 	 781 	186	21.00
750 	 751 	248	23.00
751 	 752 	228	21.00
751 	 783 	175	18.00
752 	 753 	235	19.00
752 	 784 	233	17.00
753 	 754 	162	20.00
754 	 755 	215	23.00
754 	 786 	245	24.00
755 	 756 	133	24.00
755 	 787 	208	24.00
756 	 757 	181	21.00
757 	 758 	255	16.00
757 	 789 	215	21.00
758 	 759 	186	24.00
759 	 760 	149	19.00
759 	 791 	229	18.00
760 	 761 	122	19.00
761 	 762 	280	23.00
761 	 793 	157	19.00
764 	 765 	122	20.00
764 	 796 	240	20.00
765 	 766 	125	16.00
766 	 767 	227	21.00
766 	 798 	149	16.00
767 	 799 	271	16.00
768 	 769 	123	24.00
769 	 770 	269	21.00
770 	 771 	227	22.00
771 	 772 	149	21.00
771 	 803 	181	19.00
772 	 773 	159	22.00
773 	 774 	160	19.00
773 	 805 	169	23.00
774 	 775 	238	24.00
774 	 806 	164	20.00
775 	 776 	215	24.00
775 	 807 	273	19.00
776 	 777 	177	19.00
776 	 808 	266	24.00
777 	 778 	255	21.00
777 	 809 	175	18.00
778 	 779 	256	21.00
778 	 810 	256	17.00
780 	 781 	272	16.00
781 	 782 	156	18.00
781 	 813 	125	16.00
782 	 783 	232	18.00
782 	 814 	160	22.00
783 	 784 	125	20.00
783 	 815 	178	20.00
784 	 785 	248	21.00
784 	 816 	167	17.00
785 	 786 	222	18.00
785 	 817 	127	21.00
786 	 787 	238	16.00
787 	 788 	248	21.00
788 	 789 	222	18.00
789 	 790 	152	21.00
790 	 791 	205	20.00
791 	 792 	265	19.00
792 	 793 	249	19.00
793 	 794 	125	23.00
793 	 825 	123	23.00
794 	 795 	250	16.00
794 	 826 	240	20.00
795 	 796 	195	21.00
796 	 797 	203	18.00
797 	 798 	121	23.00
797 	 829 	206	20.00
798 	 799 	153	19.00
800 	 801 	272	24.00
800 	 832 	267	20.00
801 	 802 	147	18.00
801 	 833 	189	22.00
802 	 803 	253	17.00
802 	 834 	277	18.00
803 	 804 	126	22.00
803 	 835 	151	19.00
804 	 805 	127	16.00
804 	 836 	261	17.00
805 	 806 	203	23.00
806 	 807 	275	17.00
806 	 838 	144	23.00
807 	 808 	266	24.00
808 	 809 	198	21.00
808 	 840 	220	17.00
810 	 811 	231	16.00
810 	 842 	229	18.00
811 	 812 	175	16.00
811 	 843 	244	21.00
812 	 813 	229	23.00
812 	 844 	270	16.00
813 	 814 	201	18.00
814 	 815 	222	22.00
814 	 846 	158	16.00
815 	 816 	138	20.00
816 	 817 	136	22.00
816 	 848 	176	22.00
817 	 818 	218	19.00
817 	 849 	139	20.00
818 	 819 	263	21.00
819 	 820 	214	17.00
819 	 851 	150	16.00
820 	 821 	150	20.00
820 	 852 	183	20.00
821 	 822 	225	21.00
822 	 823 	179	24.00
823 	 824 	179	17.00
823 	 855 	204	23.00
824 	 825 	190	21.00
824 	 856 	141	19.00
825 	 826 	207	20.00
825 	 857 	270	16.00
826 	 827 	170	22.00
827 	 828 	129	19.00
828 	 829 	137	24.00
828 	 860 	197	23.00
829 	 830 	278	24.00
829 	 861 	184	22.00
830 	 831 	145	24.00
830 	 862 	210	16.00
832 	 833 	206	19.00
832 	 864 	255	22.00
833 	 834 	177	17.00
833 	 865 	143	20.00
834 	 835 	246	16.00
835 	 836 	194	24.00
836 	 837 	174	18.00
836 	 868 	201	23.00
837 	 838 	258	22.00
837 	 869 	186	24.00
838 	 839 	147	16.00
838 	 870 	208	21.00
839 	 840 	123	23.00
839 	 871 	144	18.00
841 	 842 	271	20.00
842 	 843 	251	22.00
842 	 874 	133	21.00
843 	 844 	156	17.00
844 	 845 	161	19.00
845 	 877 	162	21.00
847 	 848 	226	19.00
848 	 849 	165	19.00
848 	 880 	126	18.00
849 	 850 	177	18.00
850 	 851 	174	18.00
850 	 882 	157	24.00
851 	 852 	179	24.00
852 	 853 	270	16.00
853 	 854 	145	24.00
853 	 885 	139	16.00
854 	 855 	198	17.00
854 	 886 	200	23.00
855 	 856 	175	22.00
856 	 857 	181	24.00
856 	 888 	195	16.00
857 	 858 	273	23.00
857 	 889 	165	21.00
858 	 859 	181	17.00
858 	 890 	179	17.00
859 	 860 	162	17.00
859 	 891 	154	23.00
861 	 862 	265	18.00
861 	 893 	277	19.00
862 	 863 	143	21.00
862 	 894 	241	24.00
863 	 895 	253	23.00
864 	 865 	193	18.00
865 	 866 	243	20.00
865 	 897 	219	16.00
866 	 867 	219	19.00
866 	 898 	163	19.00
867 	 868 	263	23.00
869 	 870 	186	17.00
869 	 901 	279	20.00
870 	 871 	158	21.00
871 	 872 	274	18.00
872 	 873 	172	19.00
872 	 904 	271	17.00
874 	 875 	155	18.00
874 	 906 	129	16.00
875 	 876 	178	20.00
876 	 877 	231	20.00
876 	 908 	205	17.00
877 	 878 	227	21.00
878 	 879 	125	18.00
878 	 910 	127	16.00
879 	 880 	164	19.00
879 	 911 	131	17.00
880 	 881 	160	23.00
881 	 882 	254	19.00
881 	 913 	220	23.00
882 	 883 	268	22.00
882 	 914 	276	16.00
884 	 885 	144	19.00
884 	 916 	192	22.00
885 	 886 	169	21.00
885 	 917 	165	21.00
887 	 888 	269	20.00
887 	 919 	256	19.00
888 	 889 	185	23.00
888 	 920 	196	23.00
889 	 890 	225	20.00
890 	 891 	126	19.00
890 	 922 	130	21.00
891 	 892 	200	23.00
891 	 923 	176	22.00
893 	 894 	239	24.00
893 	 925 	217	22.00
894 	 895 	207	22.00
896 	 897 	136	17.00
896 	 928 	265	23.00
897 	 898 	171	24.00
897 	 929 	256	16.00
898 	 899 	212	19.00
898 	 930 	141	18.00
899 	 900 	129	21.00
900 	 901 	257	20.00
901 	 902 	240	18.00
901 	 933 	191	22.00
903 	 904 	229	24.00
903 	 935 	135	24.00
904 	 905 	211	19.00
904 	 936 	229	24.00
905 	 906 	273	18.00
905 	 937 	234	22.00
906 	 907 	166	21.00
906 	 938 	147	16.00
907 	 908 	264	16.00
907 	 939 	275	17.00
908 	 909 	158	23.00
910 	 911 	195	17.00
911 	 912 	149	18.00
912 	 913 	278	23.00
912 	 944 	126	24.00
913 	 914 	176	19.00
913 	 945 	144	23.00
914 	 915 	199	18.00
914 	 946 	123	20.00
915 	 916 	170	24.00
917 	 918 	159	23.00
917 	 949 	208	17.00
918 	 919 	212	22.00
919 	 920 	163	16.00
919 	 951 	202	19.00
920 	 921 	127	24.00
921 	 922 	152	18.00
921 	 953 	141	22.00
922 	 923 	122	21.00
923 	 924 	155	22.00
924 	 925 	136	21.00
924 	 956 	136	24.00
925 	 926 	245	24.00
925 	 957 	121	16.00
926 	 927 	193	20.00
926 	 958 	149	19.00
928 	 929 	193	21.00
929 	 930 	275	19.00
929 	 961 	181	24.00
930 	 931 	165	21.00
930 	 962 	212	17.00
931 	 932 	149	20.00
931 	 963 	254	19.00
932 	 933 	162	19.00
932 	 964 	266	24.00
934 	 935 	151	23.00
934 	 966 	228	17.00
935 	 967 	222	21.00
937 	 938 	194	24.00
937 	 969 	139	16.00
938 	 939 	251	21.00
938 	 970 	270	21.00
939 	 940 	190	23.00
941 	 942 	126	17.00
942 	 943 	154	24.00
942 	 974 	221	20.00
943 	 944 	173	24.00
944 	 945 	160	19.00
944 	 976 	127	17.00
945 	 946 	255	24.00
946 	 947 	216	22.00
947 	 948 	183	22.00
948 	 949 	151	24.00
948 	 980 	164	20.00
949 	 950 	190	21.00
949 	 981 	159	17.00
950 	 951 	223	16.00
952 	 953 	227	24.00
952 	 984 	127	24.00
953 	 954 	228	24.00
953 	 985 	208	17.00
954 	 955 	203	24.00
954 	 986 	186	19.00
955 	 956 	150	24.00
956 	 957 	231	18.00
956 	 988 	133	20.00
957 	 958 	261	17.00
957 	 989 	134	23.00
958 	 959 	160	18.00
958 	 990 	248	21.00
959 	 991 	190	21.00
960 	 961 	127	17.00
962 	 963 	153	22.00
962 	 994 	230	16.00
963 	 964 	187	22.00
963 	 995 	246	17.00
964 	 965 	177	16.00
965 	 966 	202	23.00
965 	 997 	235	16.00
966 	 967 	141	21.00
967 	 968 	257	20.00
967 	 999 	172	23.00
968 	 969 	200	20.00
968 	 1000 	145	18.00
969 	 970 	128	20.00
969 	 1001 	280	23.00
970 	 971 	266	17.00
971 	 972 	206	24.00
972 	 973 	156	24.00
972 	 1004 	225	16.00
973 	 974 	144	22.00
974 	 975 	178	22.00
974 	 1006 	278	23.00
975 	 976 	274	18.00
975 	 1007 	178	20.00
977 	 978 	253	22.00
977 	 1009 	190	21.00
978 	 979 	276	19.00
978 	 1010 	255	17.00
979 	 980 	184	20.00
981 	 982 	131	22.00
981 	 1013 	207	18.00
982 	 983 	192	22.00
982 	 1014 	227	19.00
983 	 984 	124	21.00
983 	 1015 	273	18.00
984 	 985 	167	17.00
985 	 986 	264	17.00
985 	 1017 	177	20.00
986 	 987 	277	20.00
987 	 988 	227	24.00
988 	 989 	243	19.00
988 	 1020 	210	16.00
989 	 990 	270	23.00
989 	 1021 	212	22.00
990 	 991 	174	22.00
990 	 1022 	217	22.00
991 	 1023 	268	16.00
992 	 993 	248	21.00
993 	 994 	164	16.00
995 	 996 	169	20.00
997 	 998 	152	16.00
999 	 1000 	193	16.00
1002 	 1003 	229	22.00
1003 	 1004 	232	17.00
1005 	 1006 	158	24.00
1006 	 1007 	131	16.00
1007 	 1008 	208	19.00
1008 	 1009 	121	19.00
1009 	 1010 	276	16.00
1010 	 1011 	261	23.00
1011 	 1012 	138	20.00
1013 	 1014 	158	21.00
1014 	 1015 	195	23.00
1015 	 1016 	264	20.00
1017 	 1018 	224	22.00
1018 	 1019 	132	18.00
1019 	 1020 	279	24.00
1020 	 1021 	204	18.00
1021 	 1022 	120	22.00
1022 	 1023 	278	23.00
